0.000829
-0.001961
-0.001968
-0.001748
0.002001
-0.001991
0.000448
-0.001999
-0.001896
-0.001883
-0.001948
-0.001955
-0.001922
-0.001801
0.001921
0.000263
-0.001872
-0.001802
-0.001966
0.001418
-0.001948
-0.001957
0.000320
-0.001893
0.000428
-0.001899
0.000565
-0.002000
-0.001866
-0.000330
0.000427
-0.001939
-0.001927
-0.001975
-0.001949
-0.001953
-0.001935
-0.001873
0.000604
0.000314
-0.001965
0.000366
-0.001958
-0.001997
-0.001968
0.001590
-0.001883
-0.001936
-0.001784
0.001946
-0.001983
-0.001979
0.000320
0.000420
0.001985
-0.001945
-0.001903
0.000585
-0.001818
-0.001992
-0.001972
0.001995
0.000392
-0.002000
