-0.000509
-0.001368
-0.005844
-0.005481
-0.002478
0.006776
0.006050
-0.002234
-0.004252
-0.006000
-0.007013
-0.003243
0.005720
-0.005241
0.006933
0.001356
-0.003843
-0.006942
0.006914
0.006965
-0.004720
-0.001185
-0.006469
-0.003972
-0.006586
-0.000636
-0.006709
-0.005793
-0.000850
-0.006299
-0.005028
-0.000614
0.006095
0.001772
-0.006905
-0.001963
-0.005893
0.001261
-0.004208
0.002953
0.005719
0.005517
-0.006249
-0.003818
0.001244
0.001695
-0.003021
-0.005549
-0.006777
-0.006393
-0.002948
-0.005834
0.000613
-0.003065
0.006812
-0.001593
-0.005827
0.001863
-0.006143
-0.001345
0.006606
0.005523
-0.001162
0.006502
