-0.001972
-0.001935
-0.002001
0.001786
-0.000260
-0.001950
-0.001921
0.001943
0.000323
0.001998
-0.001708
0.001943
-0.001579
-0.001924
0.001968
-0.001990
0.002000
-0.001992
-0.001802
-0.001953
0.001986
-0.001909
-0.000728
0.002000
-0.001928
-0.001889
-0.001905
0.001325
0.001844
-0.000802
-0.001996
-0.001999
-0.000396
0.001940
-0.002000
-0.001996
-0.001372
0.001881
-0.001150
0.001956
-0.001999
0.002001
0.001980
-0.001998
-0.001829
-0.001133
-0.000235
0.001948
0.001820
0.001974
-0.002000
-0.001995
-0.001941
0.002000
-0.001947
-0.001890
-0.001986
-0.001932
-0.001426
-0.001990
-0.001964
0.001646
-0.001984
-0.001367
