-0.000899
-0.001538
-0.005846
-0.005502
0.005003
0.006518
0.006477
-0.003950
-0.004040
-0.005850
-0.006988
-0.005318
0.006149
-0.005269
0.006964
0.005655
-0.005210
-0.006945
0.006933
0.006858
-0.005503
-0.002201
-0.006501
-0.004885
-0.002358
-0.002969
-0.006435
-0.005647
0.003555
-0.006279
-0.004964
0.000000
0.005927
0.004892
-0.006367
-0.004654
-0.005802
-0.003154
-0.001814
0.005448
0.006593
0.006068
-0.006320
-0.004966
-0.000870
0.002761
-0.003929
-0.005509
-0.004074
-0.005881
0.004401
-0.005550
-0.003445
0.004203
0.006407
0.000186
-0.005295
0.001811
-0.006049
-0.000222
0.004363
0.005946
-0.004142
0.006563
