-0.098678
-0.114144
-0.103630
0.016607
-0.083222
-0.004570
-0.103379
0.099962
-0.053514
-0.100283
-0.062263
0.097524
0.092372
-0.055292
0.079640
0.004216
0.033521
0.051951
-0.120821
0.085085
0.016815
0.057847
-0.050077
-0.018364
-0.051239
-0.027029
-0.039360
0.089003
-0.027567
-0.046424
0.010852
0.105973
0.091130
0.057851
0.067963
-0.019949
-0.039994
-0.069720
-0.059720
0.068707
0.104546
0.108677
0.118040
-0.020776
0.010577
-0.100643
0.107216
0.083632
-0.080342
0.035889
-0.093416
-0.055714
-0.045356
-0.001266
0.050044
-0.011852
-0.059505
-0.067271
-0.062502
-0.011572
-0.120538
0.052797
0.022757
-0.022058
-0.050343
-0.025226
-0.001820
0.038294
0.099114
-0.006756
-0.113165
0.050576
-0.003687
0.023247
-0.077209
-0.098338
-0.093648
0.098658
-0.012713
-0.070220
0.003708
0.045893
-0.088428
0.036492
0.008278
0.089094
0.072183
-0.038829
0.098063
-0.109034
-0.045828
-0.059951
0.011440
-0.046051
0.060229
-0.005625
-0.031433
-0.045139
-0.062317
-0.074241
-0.073647
0.026054
-0.095673
-0.110067
0.088925
0.020640
0.100206
-0.004053
0.088598
0.031981
0.071445
0.078924
-0.069813
-0.082619
-0.050442
-0.021746
-0.072719
0.070995
-0.106121
0.074511
0.033250
-0.065838
0.096094
0.085189
-0.025755
-0.009070
-0.002852
-0.005493
0.020237
0.099474
-0.071748
0.024024
-0.008750
-0.100383
0.060754
0.010672
0.064707
-0.121097
-0.097573
0.016381
0.080222
-0.045491
0.103087
-0.028654
-0.112421
0.033125
-0.001969
0.101906
-0.102822
0.115138
0.027385
-0.043835
0.063376
-0.098919
-0.108909
-0.076573
-0.023557
0.067989
0.068226
-0.085080
-0.094718
0.078563
-0.118265
-0.084502
0.014639
0.085994
-0.096667
-0.033111
0.078729
0.051603
-0.093488
0.050455
-0.085143
0.018984
0.101097
-0.074862
-0.119125
-0.108765
-0.061281
-0.037648
0.066351
-0.032874
-0.087426
0.109873
0.098325
-0.099971
0.099807
0.096258
0.060195
-0.055623
-0.086581
-0.062914
-0.092558
0.087595
0.062809
-0.028950
-0.110332
-0.074078
0.103079
-0.000677
-0.055096
-0.037122
0.009115
-0.080451
-0.123514
-0.081337
-0.068350
0.084678
0.099274
0.091504
-0.075197
0.002402
0.025975
-0.059025
0.002991
0.109367
0.085465
-0.003080
0.064700
0.096910
-0.109408
0.066693
0.081490
0.004023
-0.000871
-0.088509
0.001735
0.006841
-0.017483
-0.030250
0.081559
-0.067034
0.041979
-0.052903
-0.061833
0.008314
-0.003237
0.082529
-0.075645
0.019764
0.032886
0.100729
-0.114632
-0.020853
0.005927
0.021114
0.072573
0.087888
-0.046687
0.107457
-0.004760
0.007964
0.103110
-0.123871
-0.090286
0.109613
0.007467
-0.065727
-0.031043
0.096726
-0.111684
-0.064324
0.009255
0.013865
0.040007
-0.002809
-0.105457
-0.120042
-0.080942
-0.062652
-0.104474
0.054581
0.045829
0.108942
0.074850
0.059905
-0.120421
-0.105650
0.036071
0.007037
-0.015651
-0.067943
-0.044053
-0.063200
-0.114788
0.017280
-0.026552
-0.107090
0.100925
0.090390
-0.116797
-0.111875
0.076491
-0.015049
-0.002712
-0.095065
-0.003889
0.051897
-0.014656
0.106395
0.068416
-0.037780
0.033573
-0.029961
0.057297
0.101994
-0.053734
-0.123631
0.104231
-0.039528
-0.038064
0.099345
-0.110899
-0.025398
0.008891
-0.012608
-0.052670
-0.111364
0.012691
0.029642
-0.089104
0.099532
-0.020769
0.036674
0.118090
-0.044884
0.004992
0.055398
0.051283
0.094985
0.048368
-0.001931
0.085439
0.094748
0.008737
-0.096151
0.101491
0.028057
0.114015
-0.116786
0.043059
-0.056617
0.087080
0.049851
-0.092354
0.000721
0.038106
-0.062673
0.029766
0.069780
-0.093513
-0.021640
-0.071796
0.083498
-0.009898
0.020728
-0.042876
-0.046593
-0.058996
0.074735
0.053156
0.110332
0.123304
0.117203
-0.065232
-0.073825
0.017725
-0.077930
-0.065783
0.058696
0.010566
0.040149
0.017891
0.067607
0.023866
-0.078263
0.082611
-0.097600
-0.081918
0.067296
0.002771
0.053363
-0.063634
-0.034367
-0.072459
0.035752
0.110557
0.091870
0.100658
-0.107093
-0.072008
0.057405
0.104476
-0.077602
0.052957
0.106948
0.065563
-0.064846
0.103257
0.114121
0.009850
0.051169
-0.047018
0.002458
-0.008403
0.061287
-0.094888
0.064420
0.008391
-0.021492
0.082197
-0.109089
0.092170
-0.077401
0.025639
-0.054532
-0.089024
-0.085159
0.036011
-0.070780
0.058565
-0.021849
-0.092734
-0.112561
0.107454
0.033882
0.099735
0.097063
-0.015005
0.047446
-0.102236
0.064366
-0.106516
-0.025982
0.016560
-0.009684
-0.105332
-0.072649
-0.066950
0.058133
-0.021927
-0.019508
-0.113356
0.032602
0.041238
-0.065093
-0.056547
0.072918
-0.011136
0.095597
-0.068086
0.012606
-0.106908
-0.017286
-0.090077
-0.106789
-0.012237
-0.084267
-0.052246
-0.082346
-0.044966
-0.031083
0.076070
-0.027581
-0.078623
-0.089625
-0.092923
0.112071
0.066144
0.081705
0.105363
-0.089070
-0.049130
0.058534
0.078281
-0.084040
0.101636
0.096747
-0.054263
0.013153
0.026603
-0.007565
-0.013677
0.035056
-0.022196
-0.118536
0.093178
0.050810
0.048856
0.010593
0.034495
-0.050318
-0.025663
-0.089499
0.039026
0.029644
-0.092813
-0.059676
0.075935
-0.118001
0.090833
0.040676
-0.026409
-0.058436
0.097399
0.015315
0.020034
-0.011843
0.069617
-0.048610
-0.020424
-0.057029
0.006265
-0.053160
0.008434
0.045056
0.054945
-0.075896
0.104974
-0.005750
-0.117677
-0.027626
-0.117387
-0.010598
0.013845
-0.046829
0.112125
0.017052
-0.103182
-0.053366
-0.012303
0.057101
0.001701
-0.047389
-0.051955
0.078859
-0.112286
0.090764
0.109561
0.108683
0.063278
0.108268
0.032533
0.005180
-0.115988
0.067372
-0.117057
-0.118127
-0.021206
-0.041928
0.063128
0.044388
-0.096728
0.025554
-0.079268
0.062914
0.107883
-0.026862
-0.116035
-0.030416
-0.082067
0.029941
0.093484
0.030658
0.020976
-0.046756
-0.027342
0.084909
0.106123
-0.047728
0.035571
0.111140
-0.058600
-0.118277
-0.103882
0.064595
0.064459
0.067127
0.034025
0.087107
0.029001
0.025647
-0.100754
-0.094103
0.030058
-0.112427
0.085563
-0.113000
0.079349
-0.103797
-0.018912
0.028389
0.065047
0.087113
0.082739
-0.117911
0.072752
-0.063337
-0.035587
0.108428
0.049523
-0.117720
0.096876
0.030890
-0.073693
0.010748
-0.053829
-0.073447
-0.059866
-0.089600
0.038160
0.028955
-0.111943
-0.123226
0.043118
0.052890
0.052062
-0.035494
0.029829
-0.003099
-0.031735
-0.033606
0.005385
-0.071362
0.057644
0.021018
-0.090753
-0.089597
-0.065365
0.058189
-0.060447
-0.087956
0.061644
-0.023942
0.015514
-0.000799
0.055545
-0.084684
-0.083609
-0.094486
-0.052346
-0.100033
0.086325
0.032741
-0.002395
-0.076776
-0.096231
0.113826
0.035004
-0.002003
-0.000607
-0.011496
-0.115113
0.069106
0.059956
-0.029632
0.003728
-0.051123
0.059478
-0.062380
0.011583
0.038489
-0.062285
0.027090
-0.039566
0.116587
-0.112533
0.037788
0.052071
0.087194
-0.071246
0.098366
0.090094
-0.040265
-0.113695
0.055546
-0.077818
0.005362
0.072008
0.007039
-0.087851
0.069832
0.071183
-0.075673
0.100130
0.070240
0.074836
-0.116348
-0.046220
0.007554
-0.017292
-0.067259
-0.084410
0.019999
-0.051251
-0.037065
0.071700
-0.110714
0.004183
0.061365
0.098217
0.070862
-0.063557
-0.036332
0.067043
0.071276
-0.046239
-0.116269
0.015329
0.076330
0.021858
-0.052590
0.085032
0.060353
0.009426
0.031534
-0.014900
0.037336
0.028126
0.119597
0.002937
-0.107385
-0.076522
0.042091
0.021313
-0.079953
0.064257
0.030024
-0.020870
0.004733
0.073930
-0.087334
-0.043399
-0.051794
-0.077748
-0.015620
-0.009682
-0.062194
-0.061950
-0.045171
-0.099264
-0.037022
0.093984
0.077451
-0.034289
0.012694
0.098760
-0.082016
-0.038834
-0.001404
-0.098601
0.051970
-0.102533
-0.023933
0.070825
0.056200
0.060044
-0.031427
0.092644
-0.047289
-0.013672
-0.110367
0.110002
-0.009146
0.034864
0.043107
-0.032992
-0.013509
-0.048666
-0.035090
-0.036703
-0.077005
0.017283
0.076537
0.026859
0.095084
0.023141
-0.020858
-0.029739
-0.102140
-0.068837
-0.043713
-0.052996
0.108425
0.112592
-0.087647
0.005390
-0.012184
-0.019562
-0.076122
-0.051165
-0.080796
0.003023
-0.011967
0.078990
-0.015311
0.105352
0.081558
0.058075
-0.103107
-0.018037
0.025574
-0.010788
-0.092125
-0.024937
-0.089915
-0.032208
-0.017313
-0.027177
0.100335
-0.045108
-0.032750
0.032812
-0.074572
0.106749
0.068951
-0.079873
-0.105922
0.002437
0.002606
-0.035761
0.043880
0.040415
0.084057
0.081398
0.076179
-0.062730
0.102391
0.082127
0.020603
-0.029218
-0.086637
-0.015592
0.063175
0.111487
-0.119312
-0.039132
-0.041540
-0.065547
-0.099568
0.108319
0.034231
0.057437
0.091470
-0.037963
-0.094973
-0.091293
0.005070
-0.034349
-0.060343
-0.032588
0.024924
0.065213
0.062654
-0.038047
-0.083658
-0.090672
0.005172
0.051062
0.049376
0.029537
0.088511
-0.083698
0.097520
0.057057
0.084587
-0.012541
0.016023
0.082655
-0.019287
0.013892
-0.029007
-0.103819
-0.007657
-0.091584
-0.061457
-0.017138
-0.078107
-0.110402
-0.108025
-0.028225
0.018607
-0.027964
-0.104720
0.046456
-0.012406
0.021781
-0.095212
0.105679
0.000981
-0.095327
0.077830
0.073061
0.032264
-0.072043
-0.092581
-0.036148
-0.079687
-0.005421
-0.109446
-0.118391
-0.068984
-0.088647
-0.005034
0.088356
0.105214
-0.005380
0.053066
-0.109999
0.005256
0.124531
-0.111860
0.026264
-0.102112
-0.024771
0.061317
-0.076972
0.045215
0.100951
0.019388
0.043944
-0.016663
-0.105389
0.062492
-0.081944
0.094185
0.008983
0.042329
-0.065750
-0.039349
0.031991
-0.094441
0.038251
0.033965
0.077712
0.025555
0.066008
-0.023382
0.091530
0.007378
-0.006143
0.007563
0.107477
-0.005772
-0.044135
0.059104
0.060126
0.099069
0.002315
-0.044355
0.001146
0.026381
-0.006307
-0.073972
0.109286
-0.018812
-0.021049
-0.095963
-0.088829
0.102734
0.057671
-0.103370
-0.053414
0.121601
-0.046220
0.071962
0.001523
-0.073967
0.052847
-0.066475
-0.064814
0.105365
0.113460
0.061059
0.046322
0.078552
-0.020185
-0.072094
-0.065397
0.037390
0.004103
-0.009270
-0.031342
0.012576
0.026543
-0.024707
-0.057619
0.025694
0.063029
-0.057582
-0.039145
0.072982
-0.070611
-0.095997
0.090210
0.026740
-0.017428
-0.035451
-0.038466
0.084023
-0.055874
0.119607
0.006410
-0.015279
0.027610
-0.109730
0.081700
-0.104135
0.097010
0.078880
0.056558
-0.032233
0.067302
-0.023823
-0.093155
-0.084598
-0.034720
0.030330
0.080207
0.049410
-0.006980
0.101829
-0.099355
0.063642
0.057667
-0.089105
-0.070993
-0.027444
-0.030824
-0.002877
0.093360
0.069564
0.030694
0.054077
0.078442
-0.080243
-0.107896
0.076604
-0.037595
-0.048075
0.055614
-0.055943
-0.119689
-0.034577
0.110158
-0.086227
0.036311
-0.054785
-0.119706
-0.083207
0.005294
-0.019200
-0.066154
0.034012
-0.015249
-0.109289
-0.042162
0.049191
0.073749
-0.120413
0.079001
0.067977
-0.002161
-0.061582
0.103095
-0.061200
-0.055782
0.038385
-0.035914
-0.085409
0.015825
-0.100307
-0.012794
-0.114834
0.085911
0.092163
-0.115486
0.002694
0.059823
0.067693
0.057895
0.020190
0.111496
0.010534
0.011006
0.099143
-0.032017
-0.049433
-0.121609
0.030803
0.095743
0.053845
-0.041665
0.048239
-0.104811
0.038305
0.091718
0.005546
-0.107343
-0.099343
-0.114651
-0.072217
-0.062008
-0.080419
0.028855
-0.124946
0.010305
0.061722
-0.067016
-0.031858
-0.101672
-0.044806
-0.053693
-0.031395
-0.096184
-0.103697
0.099433
-0.082846
-0.084996
0.120136
0.090070
0.035295
-0.011844
0.081888
-0.093354
0.017044
0.008994
-0.041330
-0.093935
-0.048784
0.025431
0.082978
-0.090094
-0.025357
0.107358
0.098858
-0.021786
-0.028790
-0.094495
0.094703
-0.094956
0.101348
-0.110585
0.002105
0.099618
-0.098394
0.012340
-0.006164
0.077865
0.091944
0.010642
0.054895
0.037087
0.048847
-0.081285
-0.010444
-0.084211
0.082852
0.080751
0.062461
0.008580
0.055568
0.038190
-0.015281
-0.006022
0.027740
0.086923
-0.095205
0.046993
-0.090151
-0.015649
-0.086891
-0.104985
0.086866
0.079992
0.033531
-0.006675
-0.036637
-0.068256
0.013231
0.053879
-0.046050
0.060769
0.093443
0.066014
0.073590
0.096485
-0.037363
0.094673
-0.078901
0.034972
-0.004482
0.119480
-0.050809
-0.025423
-0.017292
0.050720
-0.066337
-0.003946
-0.015047
-0.086716
-0.044949
-0.074134
0.075171
0.060354
-0.117985
-0.051040
-0.111004
0.027977
0.034964
0.091208
-0.033424
0.065382
-0.059056
-0.046308
0.096355
-0.093490
-0.044721
-0.099653
-0.047070
-0.104740
0.121660
-0.055025
0.012539
-0.043194
0.081589
-0.083041
0.009967
0.083861
0.104107
-0.108941
0.098150
0.012396
-0.002846
0.106664
0.110238
-0.065900
0.079939
-0.064014
-0.033184
0.092574
-0.074845
-0.037727
0.018340
0.096244
-0.106532
0.068191
-0.022388
0.036310
-0.077139
0.039731
0.000536
0.074869
-0.020113
-0.074555
0.037662
-0.082640
-0.054720
-0.086142
0.074390
0.019708
-0.013072
0.064196
0.057172
-0.057479
-0.104180
0.065255
0.001206
0.035295
0.015450
0.004252
-0.009486
0.028057
-0.083142
0.059317
-0.057003
0.007292
-0.037523
-0.064682
-0.048567
-0.079087
0.113560
0.062767
-0.012679
-0.097146
-0.041139
-0.014043
0.063787
-0.058543
-0.089534
-0.112120
-0.057247
0.113217
-0.056429
0.087521
-0.015483
0.004812
0.041553
-0.002525
-0.063841
0.114114
0.035264
-0.036602
0.016722
0.025143
-0.026111
-0.111764
-0.070790
-0.003465
0.059480
-0.017114
0.031532
0.004695
-0.106177
-0.112036
-0.059705
0.077153
0.022673
0.035532
0.073510
0.037383
0.033981
0.072384
-0.097660
0.057166
-0.002403
0.095295
0.064577
-0.029088
-0.117527
-0.025242
0.001453
-0.064225
0.031191
0.085319
0.040434
0.009318
-0.001159
0.062803
-0.055110
0.047720
0.028506
0.006575
0.054555
0.066714
-0.103458
-0.084985
-0.060956
0.043201
-0.085748
-0.066297
-0.101208
-0.109640
-0.083046
-0.046929
-0.000696
-0.069854
-0.107634
0.058666
0.070150
-0.035314
-0.062959
0.039412
0.036831
0.042201
0.111614
-0.087601
0.038560
-0.052271
0.059262
0.091173
-0.087286
-0.065623
0.017261
0.117425
-0.053384
0.019788
0.003929
-0.039241
-0.061113
0.102480
-0.037191
-0.048194
-0.083112
0.048129
-0.073287
0.051743
0.085371
0.024575
0.052532
0.087537
0.112953
-0.076014
-0.074445
-0.095194
-0.065329
-0.078571
-0.073978
0.104247
-0.003178
0.103889
-0.103693
0.029277
0.080571
-0.107597
-0.041740
0.000178
-0.010058
-0.031683
0.107582
-0.001956
0.112157
-0.049249
0.000079
-0.014447
0.098056
0.029814
-0.024348
-0.033730
-0.033461
-0.034377
-0.006807
0.079743
-0.060468
0.069206
0.101344
-0.057375
-0.071836
0.040667
-0.000676
0.063244
-0.026968
-0.031555
0.012842
-0.106763
0.103446
0.094695
0.082957
0.079427
-0.116793
-0.061743
0.071063
0.100444
0.047579
0.102283
-0.010288
-0.052271
0.106963
0.054510
-0.059061
-0.075271
0.060765
-0.062351
-0.009356
-0.052896
-0.063035
-0.045480
-0.093149
0.029825
0.097929
-0.014461
-0.085351
0.021743
-0.109346
-0.031456
0.070380
-0.077598
0.050435
-0.074400
-0.034770
-0.026697
-0.095778
0.072189
0.028914
0.012251
0.067034
0.034369
-0.021308
-0.078536
0.087928
-0.060327
0.020158
0.069055
0.071586
-0.065620
-0.108935
0.043414
0.057394
-0.072386
-0.006540
0.030054
-0.045110
-0.116827
-0.069713
-0.078045
-0.098476
-0.062126
0.011433
0.019342
0.109528
-0.063332
-0.054959
0.073155
-0.058501
0.060085
-0.091710
0.089246
-0.009081
0.054208
-0.073107
-0.049782
-0.028641
0.110207
0.069607
-0.107455
0.056665
0.062598
-0.044687
0.036590
-0.052138
0.095526
0.092525
0.011244
-0.041967
0.057275
0.122348
-0.074886
0.090000
-0.014133
-0.079278
-0.099703
0.103725
0.039516
-0.088592
0.098669
0.086561
0.110755
0.099112
0.065485
-0.068931
0.013518
0.089028
0.068327
0.019337
0.058950
-0.033167
0.077668
-0.002064
0.003182
-0.002705
0.052350
-0.120002
0.051777
0.110525
0.085742
-0.073045
-0.119372
0.067893
-0.089812
-0.086788
0.042303
-0.009669
0.110085
0.076708
-0.055379
0.058565
-0.001217
0.051217
0.031528
-0.072997
-0.000111
0.066422
-0.050222
0.081363
0.014595
0.091084
-0.037878
0.113882
0.052139
-0.069039
0.106829
-0.003174
0.046997
-0.028006
-0.049733
-0.019830
-0.013960
-0.113689
-0.101090
0.020723
-0.079796
0.068471
0.097480
0.087786
0.047340
0.036568
0.021672
-0.038737
0.106913
-0.041158
-0.073820
-0.063769
-0.047437
-0.069509
0.048248
-0.056265
0.094058
-0.003716
0.059044
0.110376
0.079639
-0.003822
0.077081
-0.038054
-0.006210
0.081145
0.025207
-0.107111
0.092201
0.108044
-0.116547
-0.005110
0.028586
-0.111669
-0.000785
0.089796
0.052380
-0.032197
0.083960
0.022225
-0.060239
0.017578
0.058832
0.012952
-0.086330
-0.006891
0.096665
-0.095821
0.041086
-0.039986
0.080760
0.016107
0.029823
-0.056422
0.105629
0.087820
-0.056199
-0.055576
0.019378
0.098113
-0.044974
0.081803
0.052705
0.047533
0.097247
0.023337
0.032204
0.074930
-0.112469
-0.088614
0.071091
0.076407
-0.032878
0.015389
0.049336
0.085974
-0.024728
-0.027902
0.027053
-0.080932
-0.076733
-0.017691
-0.114717
-0.108919
-0.012723
0.052392
-0.088903
0.097018
-0.062854
-0.110630
0.047589
0.038773
-0.011135
0.060585
0.088031
0.037258
0.124544
0.014218
-0.084408
0.096275
0.064717
0.069799
0.107264
-0.083507
0.062914
-0.092697
0.073246
0.039893
0.104536
-0.024038
-0.117945
0.042905
0.012065
0.064684
0.118862
0.072904
-0.120856
0.060076
-0.107321
-0.103717
0.110417
0.034245
0.098297
0.020180
-0.097065
-0.056062
-0.121153
0.105941
-0.097828
0.100039
-0.026902
-0.017926
0.038523
0.092524
-0.000881
0.007853
-0.031475
-0.013823
-0.097334
-0.056861
-0.094098
0.100887
0.007988
-0.068670
0.040269
-0.109555
0.023035
-0.092083
0.070999
0.027792
0.047456
-0.016158
0.095196
-0.099047
-0.080427
-0.057368
-0.005486
0.010465
0.013783
-0.068911
0.073325
-0.001071
0.014293
-0.075705
0.010852
-0.061152
0.086383
0.092668
-0.040200
-0.019877
-0.102132
0.036317
0.056032
0.009863
-0.094025
-0.021158
0.012008
0.008487
-0.090146
-0.083727
-0.118800
0.063227
0.005284
0.065135
-0.079809
0.015983
0.033935
0.008731
-0.024966
-0.003017
-0.102388
-0.048186
-0.086505
-0.055683
0.094664
0.017999
0.050784
0.021681
0.088431
-0.081245
0.046657
0.091922
0.023967
-0.059685
0.043241
0.040018
0.086816
-0.004497
-0.026919
-0.078675
0.121931
-0.070817
0.018637
-0.014837
0.088454
0.092477
0.030757
-0.032350
-0.048436
-0.051355
0.073032
-0.029149
0.112218
0.010864
0.061261
-0.112076
0.078615
-0.055908
0.011089
0.029375
0.040806
-0.047678
0.078598
-0.080520
0.095000
-0.017690
0.001615
-0.102875
0.055070
-0.015829
-0.069747
0.047482
0.048282
0.086128
-0.099663
-0.074421
0.041895
-0.010195
0.016481
-0.030035
0.105585
0.097512
-0.046915
-0.053198
0.015912
0.037772
-0.072771
0.024210
0.075215
0.012206
0.096540
0.018986
-0.045387
0.059719
-0.013411
0.108500
0.097816
0.123785
-0.063645
0.038325
0.096743
-0.115779
0.034918
0.074347
-0.058845
0.060495
-0.114134
-0.069656
0.036363
-0.089875
-0.058693
-0.038149
-0.037611
0.066575
0.056511
0.013756
-0.078582
-0.100011
-0.030608
0.033685
-0.006236
0.056601
-0.052528
-0.011024
-0.003993
-0.024113
-0.074392
0.033809
-0.078763
0.052271
0.069388
-0.088637
-0.026931
-0.087943
0.003025
-0.108035
-0.037596
-0.089524
0.078706
0.051224
0.102804
0.013967
0.013458
-0.110034
-0.006408
-0.098981
0.106819
0.031593
0.010527
-0.100839
0.012425
0.008114
-0.053026
-0.025521
-0.004888
0.017489
0.055795
0.036749
0.009342
0.017246
-0.081875
-0.061762
0.040651
0.039759
0.071427
-0.015368
-0.049502
-0.006696
-0.076438
0.061155
0.033695
0.027120
-0.061774
-0.022655
0.061795
0.096649
-0.068748
0.094880
-0.011052
-0.072987
-0.018384
-0.104034
0.108758
-0.115750
0.060629
-0.120754
0.015356
-0.069567
0.039780
0.015370
0.002944
-0.050424
-0.070462
-0.092236
0.050374
0.013307
-0.072913
0.102079
0.021373
-0.107875
-0.088123
-0.072446
0.049708
0.009768
-0.039502
0.068235
0.075094
0.052872
0.056643
-0.084035
-0.012297
-0.085036
0.099551
-0.064649
-0.092137
-0.088637
-0.050332
0.013171
-0.000223
-0.025500
-0.101098
0.015609
-0.102764
0.088368
-0.100807
0.007677
0.009534
0.028613
-0.011873
-0.058525
-0.059965
-0.054079
0.034206
0.035133
-0.054244
0.102869
0.047597
-0.042950
0.036771
-0.087051
-0.079649
-0.057084
-0.007692
0.023289
-0.064923
-0.104746
0.030805
-0.055011
-0.045556
-0.074976
0.102327
0.056599
0.055425
-0.073444
-0.042192
0.026397
-0.087542
0.095132
0.111089
-0.052463
0.006090
-0.123875
-0.113210
-0.054646
-0.109418
0.108664
0.105969
-0.039926
-0.064107
-0.026079
0.080575
0.027847
-0.107125
0.072956
0.085251
0.012711
-0.124173
0.071517
-0.093357
0.093116
-0.115776
-0.045180
-0.102603
-0.061301
-0.003756
0.071468
-0.073891
0.024887
0.027268
-0.098471
-0.101714
0.083968
0.112533
-0.069773
-0.054667
-0.003700
0.001816
-0.006781
0.062689
-0.019982
0.117845
-0.066449
0.037208
0.099805
-0.020670
-0.099344
0.075017
0.017949
0.106449
0.042754
-0.056974
-0.077187
-0.080623
-0.003031
-0.028102
0.111498
0.108518
0.025738
-0.014003
-0.034952
0.018144
-0.044569
-0.101561
0.079488
-0.084075
0.119547
-0.099911
0.103886
-0.061779
0.076099
0.095404
0.028659
0.079059
0.098030
0.009741
-0.000002
0.086109
-0.046893
-0.059669
0.042233
0.045973
-0.011474
0.021509
-0.099218
0.122456
0.116638
-0.056635
0.097394
0.013553
0.118481
0.031763
0.100950
-0.074771
0.063770
-0.002379
0.027562
0.064524
0.110458
-0.002462
0.009089
0.025938
0.120442
0.016404
0.036938
-0.047987
0.041675
0.059553
-0.053697
0.088876
0.087776
0.072676
-0.099431
0.088873
0.067171
0.090006
0.079062
-0.080463
0.072350
-0.081112
-0.049404
0.103632
0.085735
-0.076551
-0.028740
-0.076526
0.110867
0.006967
-0.018660
0.037550
0.023998
-0.100211
0.092968
-0.019564
-0.059922
-0.058082
-0.098869
0.085456
-0.052201
0.003005
-0.039857
0.014334
0.037576
-0.114441
-0.098432
0.071083
-0.006051
-0.014289
0.034027
0.002189
-0.028906
0.007069
-0.057907
0.001172
0.069991
-0.064387
-0.089583
-0.036261
-0.011357
-0.105223
-0.015897
-0.062110
-0.039047
0.038188
0.111165
-0.116182
0.023920
0.102658
0.002696
-0.113902
-0.038716
-0.051255
0.076287
-0.041005
-0.073754
-0.110590
0.024392
-0.032231
-0.091373
-0.042312
0.060508
0.063990
0.068041
0.062556
0.047189
-0.048624
-0.110921
0.049449
0.101983
0.085195
-0.039114
-0.072496
-0.108810
-0.055899
0.013995
0.097875
0.080473
0.054422
-0.068416
-0.031571
-0.108751
-0.015679
0.096044
-0.043937
-0.042257
0.102523
-0.011589
0.067046
0.022392
0.060481
0.013827
-0.116299
-0.029368
0.020750
0.019032
0.047595
0.016861
0.102329
0.058384
-0.041348
-0.001229
0.096832
0.080516
0.074861
0.035082
-0.055902
-0.025815
0.054309
-0.044870
0.090232
0.048903
-0.025121
0.104125
-0.058026
-0.065768
0.037659
-0.033470
-0.012192
-0.060866
-0.089634
0.118398
0.080149
-0.090801
0.019930
0.099484
0.097582
0.085982
-0.054623
-0.021716
-0.003836
0.056739
-0.084536
-0.025046
-0.080117
-0.079401
-0.002713
-0.093826
0.090603
0.043272
0.030223
0.111962
-0.009588
0.040772
0.090070
0.063877
-0.079341
-0.088675
0.059653
0.013996
-0.007634
-0.038274
0.008886
0.041535
0.046583
0.027681
-0.038476
0.044772
0.101482
0.011862
0.092155
0.060014
0.099145
-0.065800
0.116983
-0.070106
0.043111
-0.099994
0.041976
0.065494
0.065919
-0.109173
0.016946
0.108995
0.066224
0.013026
0.088965
0.032994
0.090352
-0.123449
0.003727
-0.034088
-0.054910
-0.120480
0.004400
0.027476
-0.086136
-0.076934
-0.026912
-0.009926
0.078165
-0.009404
0.039370
0.080626
-0.036054
-0.104552
-0.067889
0.074072
-0.008234
-0.046752
0.098348
0.090519
-0.081919
-0.056156
-0.002776
-0.110186
-0.042761
-0.101971
-0.000111
-0.030494
-0.002486
-0.110912
-0.113322
0.054114
0.053733
0.055776
-0.043657
-0.016295
-0.012703
0.026798
-0.038454
-0.032880
-0.115290
-0.107354
0.054724
-0.111996
0.079404
0.101064
0.011260
0.098613
-0.114056
-0.030668
-0.090746
0.026675
-0.069382
0.071086
0.057121
0.056520
-0.050042
-0.042222
0.022096
0.065188
0.093955
0.068610
0.021731
0.063207
0.087730
0.032426
-0.115451
-0.023354
0.006299
0.033054
-0.102787
-0.117252
0.005826
0.049266
-0.056953
-0.010522
-0.018107
-0.042612
-0.106809
-0.119002
0.044420
0.059541
-0.001842
-0.054933
-0.070537
0.005821
0.087020
0.111146
0.007392
0.047421
-0.055104
-0.047362
-0.074711
-0.032529
0.072809
0.014813
-0.056411
0.030001
-0.110008
-0.011356
0.107008
0.027236
-0.098672
-0.053855
0.089759
-0.036738
0.012350
-0.028298
-0.035275
0.084426
-0.104146
-0.064513
-0.060240
-0.027527
0.035723
0.101093
-0.077798
-0.051862
0.090397
-0.008494
-0.046719
-0.044313
0.025641
0.079645
0.012633
0.077548
0.086494
0.012221
-0.093734
-0.045835
0.120312
0.089426
-0.000233
0.085886
0.009839
-0.042916
0.079016
0.060635
-0.074817
-0.061957
-0.000980
0.009723
0.011187
-0.031174
-0.038321
0.082752
0.103070
0.044088
0.034696
-0.094319
-0.033582
-0.107896
-0.047793
0.112252
0.054987
-0.108554
0.058763
-0.122313
-0.111787
-0.016970
0.107152
-0.003303
0.077717
-0.007132
0.003830
-0.077270
0.074564
-0.087819
0.020231
0.010450
0.101354
0.070848
-0.065544
-0.098631
0.081354
0.004112
0.116592
0.017495
-0.023888
0.056970
0.034002
-0.050775
0.044941
-0.066719
0.094262
-0.082928
-0.085416
-0.007666
0.007207
0.081872
0.042365
0.036091
0.069834
-0.075684
0.102662
-0.043201
0.096116
0.076196
-0.023062
0.060828
0.009972
-0.032113
0.112742
0.030788
0.009423
0.084209
0.105058
-0.105361
-0.014476
0.109919
-0.109731
-0.014151
-0.100599
-0.095248
0.118819
0.030936
-0.076616
-0.086836
-0.078903
-0.092390
0.082801
0.043618
0.053089
0.031090
0.031781
-0.051419
-0.047234
0.087504
0.023968
-0.075085
-0.049113
-0.017217
-0.019106
-0.115884
-0.001397
-0.011621
0.038452
0.032895
-0.014967
0.088962
-0.109659
0.080576
-0.091947
-0.064227
-0.121754
-0.113467
0.041795
0.066660
-0.011905
0.020527
0.029049
-0.108968
0.097943
0.035891
-0.057364
-0.046074
-0.016823
-0.076458
0.004156
0.039398
-0.053769
0.079476
0.057328
0.100723
-0.099920
-0.116613
0.071215
0.015823
-0.009375
-0.062430
-0.079844
-0.031993
-0.098159
-0.124084
-0.019328
-0.113713
0.055387
-0.078050
-0.064773
-0.001017
-0.075818
-0.061916
-0.040928
-0.056951
0.039727
-0.109089
-0.058063
0.099758
-0.033042
0.080057
0.064826
-0.107216
0.004168
-0.085856
0.041195
-0.098331
-0.096887
0.005264
0.064459
-0.080414
0.029381
-0.038780
-0.109519
-0.117270
0.063828
-0.099544
0.099082
-0.051836
0.092419
0.041793
0.038465
0.018422
-0.116894
-0.040790
-0.106481
0.014116
0.021222
0.070280
0.066791
-0.011513
-0.082480
0.040653
0.069263
0.059201
-0.081395
0.106692
-0.031798
-0.025827
0.047771
-0.115915
-0.000394
-0.030183
0.097358
0.011751
0.008266
0.038017
0.068405
0.085789
0.064742
-0.109589
-0.050163
0.098900
-0.110824
-0.090564
0.037844
-0.008290
-0.122972
-0.006627
0.027114
0.052841
-0.053556
-0.058468
-0.116102
0.034995
-0.050572
-0.005297
-0.045360
-0.000106
-0.021876
0.020690
-0.069351
-0.077658
-0.109780
0.025161
0.029321
-0.115689
0.053865
0.083944
0.010889
-0.029153
-0.091700
-0.004385
0.056372
0.022736
0.013155
-0.007558
0.101199
0.045688
-0.089017
-0.106716
0.065896
-0.100514
-0.067196
0.065900
0.082371
-0.070712
-0.057956
-0.100479
0.001187
-0.034836
-0.047611
0.055464
0.085701
-0.087187
-0.109676
-0.053190
-0.121315
0.020062
-0.076182
-0.096574
0.080489
0.073965
0.080189
0.049533
0.037404
0.057284
0.030335
-0.031085
0.107180
-0.026862
-0.058980
0.069116
-0.123078
-0.017205
-0.122602
-0.040714
-0.073625
-0.017832
0.059258
0.016195
-0.076408
-0.087432
0.097562
-0.105195
0.058177
-0.018064
0.060598
0.077428
-0.002855
0.103451
0.091824
-0.059752
0.018274
0.073363
-0.066855
0.000199
-0.070844
-0.001645
0.086694
0.068189
0.097513
0.032312
0.027022
-0.030472
0.019384
0.110256
-0.072376
-0.070405
-0.044070
0.099402
0.019438
-0.041682
0.061946
-0.086476
0.075902
-0.089866
0.097007
0.013144
0.084722
-0.116274
0.031233
0.050240
0.084012
0.044069
0.020574
-0.083469
0.056461
-0.113445
-0.099678
-0.006348
-0.121832
-0.003491
0.041015
-0.113766
-0.022944
-0.023033
0.066745
0.058809
-0.078062
0.101072
0.062398
0.019731
0.010431
0.108301
-0.012521
-0.017997
0.023937
-0.026163
0.084377
-0.029753
-0.109091
-0.054017
-0.052290
-0.035317
-0.114482
0.028281
0.098791
0.023308
0.091937
-0.091091
0.098579
-0.093754
-0.102046
0.016203
0.033355
-0.057880
0.020688
-0.099440
-0.110009
-0.098134
0.053949
0.045199
0.004565
-0.070789
-0.069797
-0.019164
0.060399
-0.027647
-0.110334
0.118706
-0.097800
-0.069422
-0.077893
0.108731
0.046656
0.101392
0.041485
-0.091595
0.103739
0.118245
-0.070180
0.099752
0.033049
0.026613
-0.062736
-0.101099
0.046141
0.106664
0.101223
-0.040815
-0.059942
0.087708
-0.044051
-0.075967
0.112696
-0.024403
-0.102889
-0.110730
0.040229
0.027584
0.085437
0.055892
0.018324
-0.097410
-0.088120
-0.008257
-0.102638
-0.049616
0.037754
0.019382
0.006869
0.095445
-0.034305
0.098544
0.051543
-0.100471
-0.048599
0.079859
-0.062922
-0.017277
-0.020825
-0.040763
0.084660
-0.110155
0.115205
0.091097
0.018206
0.054622
0.046073
-0.076955
0.017250
-0.006996
0.018613
0.032976
0.102963
0.011829
0.053917
0.116514
0.098627
-0.027694
0.070697
0.102204
0.063590
-0.019691
-0.111313
-0.004794
0.087219
-0.047862
0.033439
0.039717
-0.025418
-0.030595
-0.095416
-0.071397
-0.045240
0.014856
-0.039676
-0.048332
0.000514
-0.096492
0.084100
-0.040866
0.052135
-0.108258
0.016254
-0.065981
-0.080687
0.061722
-0.017786
0.062928
0.059273
0.096273
-0.009209
0.012169
-0.093710
-0.001207
0.004701
0.024111
0.113468
-0.029699
-0.025570
-0.074370
-0.008834
-0.020082
-0.061151
0.022392
0.055659
0.026597
-0.112418
-0.026092
0.071395
0.027482
-0.059584
0.002887
0.062380
0.016564
0.032094
0.035551
0.096126
-0.110924
-0.068064
0.061568
-0.116022
-0.111116
-0.117432
-0.117764
0.002617
-0.068327
0.112872
-0.044602
0.054020
-0.032600
-0.030652
-0.115344
-0.057117
0.095598
0.009516
0.086599
0.020763
-0.016748
-0.075672
0.003625
0.103547
0.103304
-0.099397
0.061762
-0.094523
0.096146
0.073172
0.066767
-0.103670
0.051692
-0.023058
-0.026343
-0.023718
-0.015710
0.057751
0.059949
-0.012473
0.035486
0.049255
0.054836
-0.017480
-0.026217
0.088207
0.034480
0.075292
-0.085336
0.089655
-0.121176
-0.095350
0.099001
0.101909
0.091639
-0.063682
0.053347
0.094712
-0.038201
0.094981
0.026134
0.093088
-0.092386
0.035282
0.068616
0.101696
0.000631
0.035030
0.063747
0.053952
0.001262
-0.068069
0.073249
-0.076918
-0.108667
-0.095634
-0.016758
-0.046856
-0.116590
-0.005563
0.070390
-0.039986
0.085636
-0.113263
-0.021589
0.065740
-0.069953
0.012185
0.087952
0.022133
0.020985
0.000777
-0.066705
0.072990
0.033818
-0.060188
-0.113001
0.090245
0.025353
-0.002691
-0.005365
-0.003571
0.087870
-0.016085
-0.102749
0.070374
0.001205
-0.105394
0.074082
-0.096985
-0.084926
-0.057859
0.049592
-0.119160
0.066900
-0.110661
0.073550
0.098961
-0.011734
0.018697
0.073827
-0.071343
0.070973
0.038762
-0.076845
-0.068269
0.032644
-0.092070
-0.026400
-0.016873
-0.028832
0.023473
0.094988
0.050389
0.086938
-0.046008
-0.114459
0.015553
0.023044
-0.098979
-0.047076
0.003708
-0.011802
-0.078870
0.117948
-0.021986
0.053353
0.065936
-0.021358
-0.002265
0.091974
0.056060
0.086742
0.004390
0.090569
0.038150
-0.074049
-0.058173
0.037175
-0.050037
0.039068
0.006043
0.002673
-0.049154
-0.069930
-0.067634
0.052827
0.002733
0.121413
-0.119561
-0.027360
0.101784
-0.012536
-0.077159
-0.043445
-0.094639
0.090273
0.034975
-0.091672
-0.026220
0.048962
0.115012
-0.070583
-0.091327
0.066510
0.053132
-0.019264
-0.111476
-0.089037
-0.023491
0.019991
-0.056270
-0.117547
0.013507
-0.004197
0.087478
0.099794
-0.008168
-0.025708
-0.109226
-0.092208
0.036681
0.033722
-0.123188
-0.062969
-0.060836
-0.089765
-0.004326
-0.089210
0.091353
0.102198
-0.040644
-0.094964
0.016833
-0.121694
-0.039520
0.022481
0.020063
-0.112260
-0.023999
-0.056186
-0.075890
0.088296
0.021495
0.043328
0.092183
0.088696
0.061120
0.057067
-0.074974
0.120960
0.050113
-0.024118
-0.089533
0.032736
0.072312
0.106778
0.090513
-0.109994
-0.056762
0.067424
0.095749
0.058483
0.028361
-0.005851
0.110911
0.072642
0.095561
0.016446
-0.080827
-0.077661
0.012215
0.106370
0.013381
0.077180
0.053859
-0.061290
0.037519
0.078213
0.115829
0.116981
-0.036532
-0.041516
0.075698
-0.088555
-0.005207
-0.096393
0.002455
-0.114945
-0.083750
-0.057616
0.054065
0.041481
0.074953
-0.102893
0.010134
0.013972
0.047456
0.062733
0.088670
-0.049745
0.063052
-0.032914
0.066343
-0.050040
-0.035035
-0.073931
-0.056727
-0.005338
0.000162
0.116619
0.086963
-0.029968
-0.039846
0.068096
-0.030586
0.018937
0.108974
-0.069211
-0.122121
-0.083346
0.030001
-0.096863
0.098996
0.010053
0.007691
-0.052620
-0.041484
0.107876
-0.055681
-0.093717
-0.043921
0.091343
-0.067731
0.046197
-0.015955
0.063395
0.050716
-0.087737
-0.094086
0.083415
-0.066666
-0.047878
-0.026774
0.016559
-0.047072
-0.044538
-0.028826
0.099762
-0.023857
0.086501
0.038195
-0.087758
-0.034564
-0.062720
0.051950
0.029963
0.071554
0.029842
0.003563
0.017536
-0.019935
-0.049833
0.076497
0.102757
-0.118384
-0.081004
0.077539
0.000953
0.077646
-0.093820
-0.038525
-0.111403
-0.039631
0.066867
0.030093
0.072926
0.027446
0.101181
0.082250
0.013149
0.024902
0.061010
-0.033988
0.055169
0.032735
0.100611
0.094396
-0.085740
0.064019
0.023682
0.108564
0.080413
-0.107698
-0.108231
-0.061250
-0.078532
-0.096850
0.110410
0.107769
0.052841
0.051935
0.113863
-0.078439
0.010006
-0.068170
-0.045423
0.096010
0.074365
0.012345
-0.069709
0.081702
0.070103
0.021236
0.079652
-0.011646
0.016224
0.069317
-0.080612
0.085340
0.039359
0.045330
-0.101195
-0.109273
0.102057
0.053635
0.001762
-0.083049
-0.093287
0.045647
0.027077
0.018070
0.011365
0.085093
-0.085376
-0.008598
-0.074615
0.011944
0.079510
-0.023189
-0.055849
0.085999
0.046135
-0.036721
0.081768
0.041630
0.074864
0.111749
-0.044972
-0.010053
0.058659
-0.024486
-0.079499
0.059691
0.024286
0.019192
-0.083962
-0.110329
-0.122187
-0.024436
-0.000311
-0.106868
-0.052680
0.020310
0.031606
-0.086927
0.025929
0.046947
0.089602
0.113625
0.068980
-0.080395
-0.094157
-0.028180
-0.102456
-0.052769
0.107543
-0.020491
0.095999
0.013172
-0.007181
0.064768
0.011391
-0.036019
0.042673
0.012717
-0.016822
-0.097488
0.022200
0.089641
-0.001477
0.020382
0.066832
0.032194
-0.089592
-0.069535
0.054647
-0.010851
0.088943
0.118645
-0.046101
0.062927
0.046351
0.066933
0.035418
-0.050187
-0.089639
0.111020
0.101675
0.055298
0.120377
0.033659
-0.060392
-0.018182
-0.076160
0.047243
-0.020462
0.067310
0.066055
0.030385
-0.058243
-0.005487
-0.100487
-0.094511
0.029517
0.094319
0.005110
0.026456
0.033161
0.106101
0.041815
-0.077325
0.094153
0.030245
-0.072150
-0.057310
0.008985
0.041556
0.085162
0.023401
0.114208
-0.039102
0.041481
-0.066971
-0.017396
-0.057618
0.092732
-0.011819
0.001563
0.105538
-0.075286
0.057705
0.047530
0.102200
0.109120
-0.025451
-0.034198
0.045317
-0.078220
-0.062739
-0.057627
0.040627
-0.050725
0.012037
-0.008942
-0.113491
0.120899
-0.009902
0.096358
-0.010650
-0.049525
0.018920
0.092890
0.078555
0.037028
0.107436
0.102145
0.002010
-0.113918
0.064993
-0.108666
0.093327
0.057116
-0.098617
0.097043
-0.015867
-0.088450
0.114173
0.074793
-0.029078
0.095954
0.025460
0.018301
0.094159
0.044176
-0.104074
0.071023
0.051894
-0.057023
-0.102870
-0.047458
0.081698
-0.077668
-0.026123
0.043715
0.053301
-0.052446
-0.049802
0.024743
0.066809
-0.069087
0.033225
0.101179
-0.050338
0.034608
-0.047115
0.091371
0.053756
0.082516
0.033158
0.106614
0.002978
-0.052970
0.066958
0.013127
0.079112
0.000426
-0.024248
-0.061093
-0.013900
-0.020938
0.011313
-0.002929
0.097874
-0.004533
0.062371
-0.080242
0.002783
-0.030842
0.001420
0.036764
0.071055
-0.061079
0.106262
0.107841
0.038534
-0.032530
-0.006469
0.084094
-0.099762
-0.016301
0.000072
-0.042084
-0.070515
0.108614
0.063201
0.073154
0.051189
-0.002639
-0.053281
0.057690
0.081981
-0.048666
-0.070647
-0.046699
0.020827
0.050277
0.069846
0.007311
0.007380
-0.081978
0.046592
-0.045830
0.015526
-0.027358
-0.011905
0.020083
-0.043020
0.068409
-0.121306
0.053512
0.041496
0.077766
-0.084705
-0.041830
-0.086047
0.076487
-0.076034
0.109477
-0.042683
-0.046627
0.026223
-0.019674
-0.015174
0.062230
-0.063124
-0.103905
0.047827
-0.080440
-0.053507
0.039776
-0.071300
-0.093065
0.069651
-0.088814
-0.058186
-0.024777
0.017472
0.005959
-0.103812
-0.090639
0.068168
0.064748
-0.026781
-0.017120
0.085671
-0.112262
-0.101922
-0.011555
0.014112
0.071626
0.071684
-0.087787
0.050743
-0.087712
0.040449
-0.085005
-0.028797
0.036145
-0.011469
-0.046981
0.093728
-0.090191
0.058162
0.023690
-0.037398
0.038897
-0.088976
-0.118164
0.073601
0.018425
0.015006
-0.058515
0.070985
0.109854
-0.053910
0.078711
-0.082403
0.009839
-0.067287
0.096138
0.098059
0.066606
-0.011905
0.114439
0.112274
-0.050334
0.069946
-0.056164
0.035933
0.040042
0.038400
-0.101869
0.074072
-0.029123
0.072050
-0.035688
0.018205
-0.117648
-0.017067
-0.026869
0.000698
0.035126
0.016535
-0.030858
0.054056
-0.009462
-0.054110
0.016248
-0.006880
-0.035505
-0.017949
0.058607
-0.077828
-0.010561
-0.108525
0.106757
-0.072638
-0.007901
0.028028
0.080019
0.109943
-0.096992
-0.085273
-0.018700
-0.087558
-0.066821
0.036624
0.066511
0.029857
0.076476
-0.007493
-0.093128
-0.097004
-0.003584
-0.058248
0.061348
0.100997
0.006876
0.104595
0.082701
-0.101104
-0.074412
0.079424
-0.008431
-0.056160
-0.071030
-0.056525
0.003720
-0.037690
-0.093392
0.095155
-0.002866
0.054000
-0.101633
-0.003460
0.024267
0.029255
0.063795
0.034229
0.091010
0.003837
0.096569
0.108452
0.071665
0.027575
0.041852
-0.029187
-0.031908
-0.003611
0.106491
0.026086
-0.076707
0.103276
0.021848
0.003649
-0.024669
-0.039774
0.107337
-0.085228
0.038641
-0.040520
-0.036412
-0.087477
-0.039559
-0.097762
-0.113238
0.013545
-0.034609
-0.053195
0.041467
-0.089257
0.009097
0.077595
-0.031357
0.101185
-0.006995
0.029041
0.101855
0.052490
-0.064986
0.070520
0.027161
0.054524
0.032513
0.112026
-0.091812
-0.072396
-0.014064
0.025350
0.072580
0.047897
0.039004
0.107370
0.023760
-0.020320
-0.070769
0.035343
-0.087438
-0.087199
-0.039882
-0.022612
0.056594
0.012551
0.047846
-0.010010
-0.072650
-0.107127
0.087227
0.078432
-0.023882
-0.035404
-0.097087
-0.058898
0.096735
-0.036433
0.102200
-0.118403
-0.120166
0.003606
0.078638
0.085731
-0.061104
-0.012035
0.062678
-0.085609
-0.085635
-0.047578
0.041245
-0.107587
0.032545
0.061408
0.080175
0.099704
0.114273
0.025696
-0.044876
0.052592
-0.024189
-0.038803
0.093501
0.095801
-0.035512
0.043057
-0.065475
-0.011193
-0.031263
-0.010927
0.107881
-0.034307
-0.013683
0.024979
0.110814
0.012211
0.061610
-0.106758
-0.057596
0.108719
-0.049438
0.018056
0.016511
-0.110402
-0.068737
0.113409
-0.007400
0.104610
-0.029683
0.019731
-0.007744
0.006465
0.047202
-0.029485
0.094687
-0.079748
0.088590
-0.059667
-0.107150
0.074681
0.037945
0.090277
-0.069338
-0.040435
0.005175
-0.052799
-0.069251
-0.030061
-0.079566
-0.042742
-0.065314
-0.091570
0.027169
0.091430
0.064038
-0.018374
-0.016011
-0.057238
0.081426
-0.078413
0.062888
0.116872
0.065925
0.121488
0.066683
0.027766
0.104761
-0.038759
0.111318
0.063482
0.064330
-0.111364
-0.071828
-0.011985
-0.018128
-0.012045
-0.054398
0.051418
0.064398
-0.101398
-0.076589
-0.064669
0.051725
-0.084184
0.046356
-0.098300
-0.028345
0.117002
0.012297
-0.028612
-0.028042
0.070136
-0.051327
-0.090681
0.076908
-0.082021
0.043038
0.027804
0.073038
0.005551
-0.023701
0.077454
-0.008251
-0.015750
0.035090
-0.103775
-0.032529
-0.096017
0.030137
-0.071742
0.111948
0.036869
-0.022409
0.053968
-0.026975
0.086483
-0.113158
-0.111384
-0.111203
-0.030013
-0.019394
-0.064876
0.040547
0.053076
0.068914
-0.065617
0.012301
-0.013690
0.058297
-0.080011
-0.068805
-0.016616
0.024035
0.045335
0.047958
-0.003096
-0.099116
-0.005113
-0.072828
-0.051515
0.005894
-0.051919
0.085155
0.073714
-0.089586
-0.107411
0.022807
-0.095351
0.043854
-0.028707
-0.027096
-0.007215
-0.076383
0.053474
0.090622
0.044692
0.109982
-0.003717
-0.040240
-0.004185
-0.026173
-0.017609
0.106693
-0.069866
0.041987
-0.046221
0.105277
-0.065745
-0.060175
0.075028
0.058446
-0.050329
-0.005002
-0.091567
-0.107541
0.050381
0.000346
0.076259
0.027049
-0.025605
-0.120949
0.035762
0.011594
0.041287
-0.098006
0.009628
-0.054492
-0.094869
-0.086922
0.023056
-0.019908
-0.029629
0.016777
0.044415
-0.069269
0.003736
-0.011506
-0.080991
-0.108146
-0.116473
0.088875
-0.053818
0.039252
-0.030925
0.043176
-0.112852
0.096376
0.049433
-0.083708
0.006415
0.017106
0.016503
0.058988
-0.022877
0.100345
0.080643
-0.080917
-0.077221
0.064316
