0.019948
-0.019543
0.053010
-0.088660
-0.062103
0.067980
-0.068783
0.077134
0.111777
-0.109027
-0.064009
0.083083
-0.064780
0.086030
0.033482
-0.062480
-0.049056
-0.109114
0.034736
-0.104295
-0.104042
0.042833
0.045427
-0.097789
0.111854
0.027803
-0.076089
0.038127
-0.015597
-0.102898
-0.024333
0.039949
-0.025966
-0.006667
0.075170
-0.087062
-0.084631
0.108766
-0.048517
0.029914
-0.091067
0.052229
0.016295
-0.117097
-0.113908
0.027593
0.063000
0.113704
-0.093085
-0.078517
-0.053311
-0.016290
-0.038779
0.042767
-0.107663
0.083312
0.009121
-0.029246
0.109107
0.005175
-0.057963
-0.115344
0.100728
0.063205
-0.010507
-0.102533
-0.094302
-0.018858
-0.055028
-0.095927
-0.076336
-0.054489
0.016240
0.103731
-0.002139
-0.063089
-0.023830
0.113937
-0.002395
0.053579
-0.082553
0.093761
0.008003
-0.114695
-0.005001
0.109193
-0.095753
0.008759
0.057477
-0.008193
0.002228
-0.058934
0.087857
0.065557
0.092249
-0.108429
-0.029149
-0.110201
-0.065712
0.022706
0.044520
-0.055015
-0.072203
-0.005315
0.009379
0.083403
0.066953
0.072269
0.047156
0.037141
0.017119
-0.098203
-0.106084
-0.091053
-0.014502
0.091832
0.019802
-0.074292
0.077622
0.038663
0.017401
0.060188
0.064790
-0.061530
0.110986
-0.106826
0.040466
-0.002497
0.041726
-0.075606
-0.088944
0.050997
0.060085
-0.030171
-0.071723
0.014290
-0.092992
-0.109717
0.031255
-0.113932
-0.076185
-0.063408
0.087644
-0.113268
-0.080148
0.081531
-0.022717
0.093570
0.116442
0.016264
0.038643
0.100788
-0.037307
0.034377
-0.044037
0.060664
-0.057045
-0.016473
0.058223
-0.031649
0.064322
0.029495
0.022235
0.075693
0.110174
-0.006346
-0.008969
-0.081777
0.028292
-0.113456
-0.095256
0.025472
-0.089748
0.013295
-0.009283
0.108859
-0.034645
0.036722
0.107723
-0.082490
0.048626
-0.019856
-0.019958
0.048568
-0.107107
-0.096290
-0.007052
0.098687
0.101693
-0.067983
0.098207
-0.069572
-0.053669
0.054336
-0.026275
-0.069062
-0.083909
-0.042830
0.087834
-0.049429
-0.066310
-0.077649
0.017111
-0.065003
-0.111927
0.071111
-0.113892
-0.097227
-0.001016
0.030339
0.104026
0.020966
-0.074320
0.012865
-0.045441
-0.029621
-0.031762
0.007765
0.029422
-0.087962
-0.115497
0.046163
-0.033714
0.013742
0.089681
-0.012143
0.039203
-0.113421
-0.043740
0.068230
0.068805
0.096717
-0.098685
-0.068115
0.010712
-0.089727
0.050339
0.025984
0.050693
0.070341
0.117999
-0.072561
0.004391
-0.043836
0.083572
-0.030825
0.059247
0.048795
-0.079846
-0.003566
0.062903
0.052110
-0.017166
0.057549
0.014831
-0.002697
-0.049321
-0.061597
0.114945
0.113956
-0.112302
-0.107588
0.028036
-0.044539
0.075211
-0.023277
0.025835
-0.099851
-0.060963
-0.099380
-0.023154
0.076583
0.083921
-0.077207
-0.115948
-0.043191
0.088221
-0.114211
-0.048604
0.003261
-0.054920
-0.046440
0.030230
-0.084634
-0.086174
-0.115081
0.053437
0.104992
0.101365
-0.057717
-0.004153
-0.079163
0.113554
-0.030478
-0.108682
0.048807
-0.104038
0.006462
0.043651
0.084199
0.031207
-0.012410
0.008524
0.035924
0.078123
0.115770
0.007059
-0.048603
-0.071128
-0.076829
-0.014937
0.093657
0.113871
0.066135
-0.015233
-0.032723
0.034632
0.082433
-0.056432
-0.083304
0.092312
-0.083878
0.078839
-0.073444
0.111031
-0.060880
-0.054003
-0.035248
0.105007
-0.114490
0.071558
-0.110504
-0.096677
0.026863
0.116032
-0.097167
-0.090188
-0.113613
-0.113556
-0.020563
0.043455
0.010965
-0.029649
0.110431
-0.100062
-0.110657
0.091361
0.060280
-0.057748
0.064515
0.064796
0.114002
-0.017601
-0.039529
-0.061739
0.014131
0.007729
0.095677
0.104360
-0.098960
-0.090229
0.016568
0.086733
-0.093154
-0.016079
0.112488
0.111298
0.093124
-0.070017
-0.017950
-0.100294
0.062084
0.007556
-0.088955
-0.010769
-0.008831
0.028882
-0.115612
0.035699
0.099290
-0.089925
-0.083131
-0.096836
0.075174
-0.033860
-0.008670
0.079448
0.106691
0.008528
-0.021546
0.095663
0.000021
-0.076844
-0.038882
-0.086209
-0.024157
0.114833
0.015898
-0.028095
0.030201
0.114560
0.061848
-0.070143
-0.021077
0.074332
0.050015
0.002982
-0.090378
0.073861
-0.108822
-0.008112
-0.067775
0.035851
-0.050694
0.108486
0.039418
0.107388
0.030397
-0.078935
0.023818
0.058340
0.037595
-0.046209
-0.090529
0.113556
-0.019664
0.108742
0.021224
0.056261
-0.010336
-0.044435
0.036704
0.081312
-0.080581
-0.055731
-0.024137
-0.027607
0.093607
0.103817
0.028406
0.102892
0.068056
0.061851
0.081275
0.068356
-0.017658
-0.106056
0.017464
-0.068843
-0.070220
-0.083581
-0.067130
-0.037817
0.101676
-0.015248
-0.056807
-0.012028
-0.019622
0.068861
-0.090706
-0.112542
-0.021325
0.033129
-0.077001
-0.044890
-0.050762
0.065702
-0.006379
-0.022501
0.074654
0.081376
0.056026
0.079305
-0.082898
0.086788
0.073585
0.023972
-0.044879
-0.003056
0.016794
-0.060541
-0.052572
-0.103225
-0.044426
-0.027348
0.057962
0.044051
-0.068489
-0.114664
-0.067293
0.053441
0.044514
0.117538
0.112676
0.060421
-0.041570
-0.091712
0.021516
0.015021
-0.008767
-0.080597
-0.076866
-0.110032
0.057065
-0.012585
0.105822
-0.007627
-0.068409
-0.035821
0.095527
0.103606
0.098207
-0.085086
0.042795
-0.093614
-0.102069
-0.056047
0.111744
-0.041139
-0.103573
0.081169
0.049919
0.067737
-0.064851
-0.089156
-0.071599
-0.096190
-0.010569
0.111655
0.078297
0.044889
-0.078692
-0.056001
-0.032036
-0.012656
-0.027307
-0.076839
0.008071
0.090529
-0.110709
-0.049036
0.022584
0.063716
0.096366
-0.042040
0.044815
-0.085836
0.051118
0.065780
-0.104534
0.109481
-0.041152
-0.055344
0.097475
0.066563
-0.007397
-0.012277
-0.047324
-0.004781
0.112814
0.000198
-0.066031
0.078691
0.003720
0.047546
-0.102049
-0.006273
0.105997
0.109932
0.021888
-0.071922
-0.020391
0.018216
-0.111875
0.094747
0.105963
0.025047
-0.105094
0.027712
-0.051529
0.074358
0.100865
-0.094371
-0.026015
-0.072820
0.056836
-0.106707
-0.106570
0.066046
0.006961
-0.034040
0.079887
-0.013814
0.013659
0.081985
-0.037606
0.029928
-0.042901
0.094345
-0.022276
-0.073720
-0.099152
-0.064782
0.048197
0.116044
0.108816
0.116045
0.093430
0.084874
-0.066401
0.091895
0.078708
-0.113334
0.038110
0.016996
-0.100270
0.080556
0.095091
0.030307
0.103641
-0.038785
0.005104
-0.027927
0.096017
0.088742
0.002896
0.105799
0.111564
-0.023299
-0.083619
0.111735
0.113746
0.113197
0.065808
-0.037789
-0.001042
0.025090
-0.076545
0.050582
-0.104808
-0.064712
0.053181
0.021189
-0.082290
-0.010689
-0.111481
-0.060998
0.007488
0.074594
0.086678
-0.062311
-0.080612
-0.065083
0.096560
-0.107495
0.052322
0.050364
0.099788
-0.070680
0.061964
0.074759
0.081714
-0.053873
0.014895
0.114560
0.103266
0.083941
-0.089913
-0.085945
0.007982
-0.092619
0.093982
0.026175
0.104229
-0.017539
0.109112
0.016853
-0.112109
0.013190
-0.077066
-0.031312
-0.106461
-0.088710
-0.004165
-0.088185
-0.109730
0.002843
0.039415
0.005180
-0.111746
0.044250
-0.003160
0.112482
-0.115078
-0.063284
0.041179
0.054915
-0.077959
0.026902
-0.100281
-0.117547
-0.053712
-0.040435
0.109613
0.037373
-0.096013
-0.103353
-0.076167
0.024986
0.071620
0.086413
-0.053866
0.117637
-0.067516
0.058519
0.021239
-0.008838
-0.069335
-0.043372
-0.058316
-0.093874
0.001647
-0.071875
0.105438
0.093861
0.059499
0.023226
-0.099737
-0.079278
0.092530
0.067137
0.023016
-0.113790
0.062023
0.064733
-0.070314
-0.014820
-0.114976
0.108840
0.015018
0.059018
-0.006620
0.008768
-0.100759
0.084206
-0.027251
0.040207
-0.047231
0.060160
-0.099009
0.039442
0.099663
0.047446
0.084703
-0.033644
-0.090344
-0.113813
0.082541
-0.108149
0.079206
-0.074298
-0.084054
-0.003623
-0.106619
0.088101
-0.000351
0.071535
0.017106
0.021003
-0.040574
-0.031546
0.040641
0.074613
-0.098882
0.015336
0.028438
0.092362
-0.092115
-0.075621
0.027779
-0.016427
0.092021
0.008103
-0.000428
-0.006143
0.116392
0.018764
0.099213
-0.004096
0.112616
-0.094187
0.088613
0.060423
0.025045
0.076374
-0.056310
-0.052087
0.009778
0.064785
0.109716
0.084236
0.006115
-0.036256
0.001894
-0.095337
0.084290
0.082019
-0.061483
-0.019407
-0.002959
0.061712
0.031432
0.007539
0.024657
-0.027658
0.072959
0.010662
-0.004143
0.036988
0.002897
0.115942
-0.035445
-0.019840
-0.112318
0.050248
-0.098556
0.003574
0.036672
-0.041430
-0.045684
-0.002775
0.060487
0.102807
0.042407
0.030581
-0.036738
0.102253
-0.075324
0.043910
0.084322
-0.046070
0.109703
0.103546
-0.056610
0.011909
-0.038750
-0.013564
0.010950
0.055570
0.050250
-0.033339
-0.010357
-0.087102
0.031523
0.043121
0.073864
-0.063391
-0.050039
0.053574
0.018194
0.058422
-0.074713
0.032584
0.066918
-0.017868
0.114756
-0.073912
-0.023694
-0.104857
0.077293
-0.005758
-0.071101
-0.000746
-0.095792
-0.103241
-0.027822
0.009456
0.068676
0.077147
-0.046605
-0.079315
0.028986
-0.101443
0.037392
-0.021907
0.073710
-0.083461
-0.014643
0.106383
0.001125
-0.090717
-0.025130
-0.065791
-0.092499
0.093335
-0.058780
0.035282
-0.031768
-0.041229
0.089957
0.062372
-0.001387
0.037576
-0.058309
0.036178
-0.082616
0.104834
-0.080302
-0.095009
0.015525
-0.004998
0.064317
0.086130
0.000537
-0.042413
0.092077
0.042082
0.072479
0.077046
-0.010544
-0.096248
0.057796
0.093362
0.054614
0.077078
0.076171
-0.045656
-0.080447
0.014240
0.043754
0.074669
-0.085367
0.051879
0.066281
0.055656
0.090564
0.090358
-0.093418
-0.094270
-0.017402
-0.068434
-0.065158
-0.103789
0.115672
-0.081681
-0.045968
-0.079756
-0.023156
-0.016931
-0.071269
0.110690
-0.068833
0.028759
0.090523
0.003222
0.094183
-0.001096
-0.005776
0.061128
0.109409
0.061772
0.095762
0.114345
0.108639
0.073160
0.115802
0.059623
-0.093739
0.060466
-0.004461
-0.069228
-0.032216
0.013188
-0.072872
-0.021787
0.063850
0.098244
-0.056391
0.091939
-0.030975
0.042638
0.094673
-0.008906
-0.018008
-0.116783
0.045680
-0.080488
-0.116864
0.004473
-0.095753
-0.079382
0.053884
-0.066955
0.004749
-0.074503
0.028394
0.021335
0.074096
0.070620
-0.063410
0.070075
0.061750
-0.030695
-0.069092
-0.054789
0.066503
-0.044130
0.053905
-0.035581
-0.041819
-0.104062
0.064689
0.046718
-0.107697
0.056885
0.098112
0.087351
0.061256
0.110151
0.012869
0.080131
-0.093278
0.036955
0.108446
0.073791
0.098555
0.095752
-0.086117
0.074444
0.094836
0.021582
-0.095196
0.074173
-0.096007
-0.059224
-0.031649
0.041965
-0.041688
-0.117286
-0.105454
-0.018995
0.048806
0.102750
0.004839
0.089610
0.043923
-0.031254
-0.059271
-0.029028
-0.074592
-0.069776
0.004460
-0.106353
-0.005148
-0.063240
0.030935
-0.110816
-0.046842
0.000037
-0.052340
-0.107188
-0.041882
0.108094
0.047917
-0.036105
0.105378
-0.077408
-0.047181
-0.100711
-0.062208
-0.017340
0.007793
0.021576
-0.068124
0.039439
-0.001007
-0.042269
0.019580
0.028063
-0.052096
0.057186
0.028309
-0.110670
0.096011
-0.091986
0.112243
-0.045510
-0.094301
0.021956
-0.107939
-0.101976
0.040040
-0.000524
-0.114088
-0.022060
0.074767
0.008771
0.095837
-0.006306
-0.108357
-0.045946
-0.009226
-0.092823
-0.024752
-0.027996
-0.058442
0.060938
0.004299
-0.065107
0.055986
0.082491
-0.017941
-0.108508
0.030295
0.013609
-0.101757
-0.074817
0.110933
-0.016210
-0.026757
0.071084
0.056683
-0.013436
0.085056
-0.094136
0.048199
-0.063849
0.087596
0.045151
-0.017217
-0.011980
-0.061778
0.115623
0.069954
0.037697
-0.097143
-0.080451
0.077777
-0.084499
-0.033522
-0.100919
-0.052468
0.105112
0.016307
0.063940
-0.053026
0.070328
0.060453
-0.069839
0.104153
-0.041545
-0.049474
0.043085
0.030024
0.101302
0.081415
-0.033806
-0.061334
0.012827
-0.090201
-0.070939
-0.098130
0.046452
-0.056657
-0.051474
-0.059741
0.006129
-0.049216
-0.040827
-0.063351
-0.085355
0.098575
-0.031236
-0.069904
-0.032045
0.080528
-0.040781
-0.097190
0.000399
-0.097874
0.005741
-0.088381
-0.074695
-0.013484
0.084675
0.026079
0.038076
0.021155
-0.076134
0.031774
-0.012104
0.107941
-0.102316
0.047254
-0.015844
-0.060647
-0.037941
0.026786
-0.020512
-0.009608
-0.060664
-0.080300
0.074104
-0.090479
-0.050896
-0.071799
-0.108409
-0.107184
0.022844
0.116446
-0.105827
0.019603
0.113991
0.034702
-0.077464
0.016874
0.010538
0.068462
-0.100193
-0.105157
0.005536
-0.009980
0.006193
-0.074183
0.026402
-0.050919
-0.044608
-0.062069
-0.056483
0.061317
0.053991
-0.019288
-0.052225
0.070169
-0.070698
0.063727
-0.084956
0.041292
-0.028985
0.010462
0.029279
0.038806
0.043606
-0.047422
0.060560
0.089759
0.046303
0.077635
0.045176
0.113300
0.063330
0.011935
-0.106948
-0.070106
-0.030568
-0.066032
-0.059746
0.070171
-0.018357
-0.060750
0.078131
0.017689
0.072155
0.101689
-0.058804
-0.089488
0.020193
0.012532
-0.063419
-0.065124
-0.117684
0.017446
-0.075424
-0.002488
0.110894
-0.040317
-0.062087
-0.060189
-0.082337
0.071808
0.099761
0.069294
0.047332
0.068021
-0.107230
-0.078602
0.034517
-0.039514
0.021625
-0.073018
0.084894
-0.088009
-0.110455
-0.044573
0.113098
0.101642
0.095695
-0.043343
-0.099646
0.069452
0.080071
0.033409
-0.071720
-0.067482
0.011833
0.036294
-0.053133
-0.091267
-0.097390
0.015396
-0.040440
-0.106155
-0.026637
0.014890
0.039674
0.005016
0.091215
-0.033541
-0.012469
-0.111296
0.022052
-0.033211
-0.034185
0.089955
-0.042185
-0.002605
-0.007580
0.070817
0.067029
-0.058448
0.082933
0.002621
-0.100710
-0.009997
0.016321
0.080329
-0.069333
-0.097280
-0.109330
-0.076425
-0.011580
-0.026047
0.099801
-0.090289
0.086038
0.095460
0.100476
0.105347
-0.063152
0.068518
0.015715
-0.099013
-0.079144
-0.096434
0.117117
0.093177
-0.074176
0.059604
-0.048619
0.006579
0.015821
0.014236
-0.031682
-0.042775
-0.103783
-0.094964
0.050940
0.062845
0.008248
0.058961
0.026835
0.052822
-0.112178
0.020915
0.085303
-0.072097
0.093553
0.025042
-0.023636
0.043787
0.020638
-0.033977
0.018246
0.037213
0.080032
-0.027078
0.067607
0.104263
0.080697
0.083966
0.049104
-0.114097
-0.059596
0.024747
-0.060291
0.009855
-0.062482
-0.074912
0.074550
0.046517
-0.073716
-0.042773
-0.003731
0.036941
-0.037675
0.095067
-0.009031
-0.055959
-0.028401
0.094471
-0.076301
0.115735
-0.056348
-0.070396
0.035217
-0.086175
-0.025856
0.018902
-0.005556
-0.109208
0.056906
-0.050972
-0.043928
0.112176
-0.013289
0.037364
0.007270
-0.077038
-0.071704
0.032873
-0.035266
0.116413
-0.063713
-0.107460
0.112239
-0.028391
0.077961
-0.035780
0.086443
0.112076
-0.020085
0.082895
-0.052255
0.110461
0.097538
-0.100463
0.035992
0.010112
0.027927
0.050834
-0.020711
0.034357
-0.016004
0.053594
-0.100166
0.036522
0.079995
-0.115569
-0.068319
-0.116177
0.104988
0.091020
-0.019715
0.060283
-0.011378
-0.068745
-0.039992
-0.097368
-0.112676
-0.100891
-0.057976
0.038604
0.042556
0.102519
0.012938
-0.042947
0.085712
-0.111007
0.058300
0.097032
0.105882
0.097411
0.018313
-0.053502
-0.048217
-0.070181
-0.066689
-0.029583
-0.022318
-0.056884
-0.005148
0.009876
0.025424
-0.060495
0.060476
0.099056
0.038844
-0.007924
-0.061182
0.082039
-0.112554
0.020371
0.071482
-0.038146
-0.098648
-0.040131
0.047019
0.028804
0.111494
0.066575
0.108429
-0.101276
0.043632
-0.043800
0.018688
-0.043130
0.085436
0.029268
-0.009167
-0.004321
0.065824
0.099958
0.007811
-0.044085
-0.026997
0.039100
-0.074983
-0.086918
0.033632
0.085566
0.012495
0.118042
-0.017622
-0.059432
-0.072917
-0.076798
0.099110
-0.104892
-0.053873
0.008507
0.019401
-0.110599
0.060658
0.044173
0.115875
-0.033649
-0.113903
0.035625
0.085801
0.031070
-0.028020
-0.090000
-0.083399
-0.006225
0.043873
-0.069206
-0.093037
-0.098120
0.105090
-0.075733
-0.084455
-0.034323
-0.056222
-0.051527
-0.024933
0.081460
-0.035252
0.038416
0.017863
-0.060259
-0.089420
-0.045722
-0.016357
-0.088352
0.013626
0.108937
-0.087344
0.062435
-0.011649
-0.009147
-0.060776
-0.091980
-0.031953
-0.059977
0.100965
0.117844
0.003308
0.113986
-0.077615
0.073632
0.060225
0.054529
-0.077582
0.032143
-0.069649
-0.087504
-0.013781
-0.048290
0.048601
-0.080631
-0.027727
0.093757
0.025088
0.066684
-0.065606
0.078324
-0.022946
0.110973
-0.013435
0.036327
-0.033694
-0.043985
-0.002634
-0.088594
0.091743
0.038181
0.080544
-0.072190
0.014823
0.108663
-0.030041
-0.049834
0.008395
0.061251
0.029143
0.019758
0.108060
-0.024351
0.035817
0.113291
-0.035011
0.107031
0.007373
0.042734
0.102210
-0.084272
0.056334
0.021227
-0.086714
-0.114889
-0.032533
0.026911
0.067476
0.055643
-0.002966
0.098435
-0.025096
-0.004630
-0.032579
0.066593
0.053559
0.094424
0.039985
0.098478
0.068202
0.106324
0.075942
0.071224
-0.036295
-0.062080
0.016409
0.005023
0.074578
0.050814
-0.110734
0.040148
-0.117452
-0.009494
-0.017336
0.017092
0.041513
0.075038
0.116853
0.069820
-0.083148
-0.084579
-0.006087
-0.037811
0.075972
0.070170
0.065762
-0.090373
-0.009947
-0.019582
-0.045024
-0.042172
0.025572
0.017162
0.081577
0.076170
0.090685
-0.095142
0.077222
0.006353
0.071946
0.116477
0.110466
-0.019808
0.091340
-0.026619
-0.081430
-0.030394
0.099709
0.117778
0.117933
0.024217
0.049713
0.025034
0.010470
-0.043899
-0.108155
0.022356
0.006060
-0.095052
-0.108135
-0.006951
0.100684
-0.047522
0.074012
0.010798
0.003504
-0.113886
-0.061086
0.005060
0.006743
-0.016769
-0.111594
-0.107371
0.068037
-0.094713
-0.098155
-0.092385
-0.086993
-0.019466
-0.054926
0.108884
0.085400
0.096605
-0.036452
0.023361
0.094090
-0.105581
-0.056405
-0.080792
0.071610
0.091012
-0.065382
-0.015846
0.012446
-0.012887
0.052026
-0.070736
0.070689
0.038532
0.005551
-0.067613
0.018513
-0.114654
-0.099949
-0.062317
0.054358
-0.057182
-0.064468
-0.028972
0.112625
-0.112222
0.106715
0.092436
0.054430
-0.091127
-0.066701
-0.002526
0.088345
-0.003343
0.109849
-0.016710
0.096897
0.058475
0.006039
-0.046138
-0.063003
0.043946
-0.041572
-0.082705
0.102484
0.027041
-0.054615
-0.062102
0.117337
0.045220
0.053721
0.055724
0.069514
-0.089519
0.089149
0.086864
0.049288
0.000746
-0.033761
-0.100211
0.066844
0.025844
-0.084786
-0.058028
-0.051228
-0.096439
-0.030559
0.023489
-0.067317
0.060181
0.071189
0.101982
-0.021798
0.049486
-0.051972
0.020344
0.073871
-0.022711
0.022933
0.018904
-0.018691
0.049629
0.090978
-0.022591
0.071258
-0.079297
-0.057913
-0.083885
-0.001702
-0.032350
0.021894
0.008096
-0.021701
0.018562
-0.008073
0.116599
0.082319
0.076536
0.072136
0.049195
-0.090716
0.071376
-0.051098
0.080808
-0.036793
-0.066441
0.050871
0.103298
-0.074666
-0.106488
-0.083951
0.106647
-0.016825
0.016056
0.034225
0.021196
0.085816
0.050089
0.013249
0.005315
-0.025701
-0.053658
0.052049
-0.001872
-0.057054
-0.057692
0.066396
-0.071547
-0.040950
-0.024377
-0.112989
0.016595
-0.010554
0.103191
0.051697
0.051021
0.060187
-0.014710
0.033026
-0.106329
-0.089396
-0.029648
-0.113816
0.116557
-0.073019
-0.062260
0.018937
0.065273
-0.037656
-0.064200
0.112376
-0.035091
0.006095
0.037230
-0.040550
-0.003273
0.075846
0.033696
-0.014925
0.042730
-0.021519
0.071410
0.055093
-0.108373
-0.077113
-0.046490
-0.017810
-0.055031
-0.064010
0.073891
0.096759
0.011585
-0.023858
0.100982
0.052665
-0.074361
0.032443
0.107026
0.096648
0.007455
-0.012887
-0.116358
0.043011
0.055116
-0.037106
-0.093786
0.105959
-0.112237
-0.009093
0.001040
0.091161
-0.047508
-0.024246
0.072732
0.027467
-0.024567
0.038238
-0.083455
-0.078576
0.042164
0.050097
0.078353
-0.087418
0.033887
0.109324
-0.008000
-0.058695
-0.016071
-0.016851
0.075497
0.011175
-0.096407
-0.059510
-0.092445
-0.110261
-0.066303
0.064598
-0.030409
0.032917
-0.099025
0.099964
-0.049033
0.095791
0.059624
-0.081706
0.058770
-0.101921
-0.047322
0.034730
0.098688
-0.095794
0.021544
0.061222
-0.073823
0.097626
0.091618
-0.071534
-0.057563
-0.038251
0.051151
0.101714
-0.038475
-0.070532
0.021633
-0.109974
-0.081097
0.050294
-0.029013
-0.060788
-0.052106
0.102363
-0.102160
-0.097297
-0.060150
0.110070
0.080755
-0.069015
0.075746
0.025936
-0.081701
0.064860
0.057739
0.002645
0.025374
0.067223
0.102561
-0.028292
-0.031846
0.002395
0.038822
-0.026204
0.095762
-0.096781
-0.001094
0.062818
-0.061976
0.028995
-0.017254
0.061579
-0.018795
-0.056000
0.094428
0.098491
-0.105937
-0.020669
-0.007832
0.069288
0.021480
0.004848
0.044775
0.109920
-0.097470
-0.057565
0.038079
0.002183
-0.046291
0.015865
0.082096
0.014661
-0.000865
-0.033366
0.106686
-0.039278
-0.003683
0.071143
-0.015262
-0.075973
0.017217
0.114729
0.040175
0.015279
-0.089752
0.004625
0.026391
-0.097361
0.019362
0.026012
0.005820
-0.112688
0.030482
-0.045439
-0.097784
0.020831
-0.090969
-0.022576
0.074125
0.009861
-0.074486
0.095623
-0.043489
-0.069066
0.045468
0.005268
0.004187
0.101450
0.095174
-0.059447
-0.059891
0.026391
0.035573
0.076651
-0.066028
0.054695
0.005791
0.024345
0.040475
0.091414
0.008723
0.084091
0.116233
-0.022963
0.070318
0.081554
0.034279
-0.066795
-0.045628
-0.074300
-0.100209
-0.049283
-0.036440
-0.062056
-0.010011
-0.118096
0.047714
-0.086951
0.062799
-0.074033
0.002692
0.078704
-0.030673
-0.056074
-0.024032
-0.078405
-0.095381
-0.021092
-0.005204
-0.003788
0.013525
0.037594
0.004539
-0.019016
0.099565
0.040158
0.117373
-0.074013
-0.087276
-0.013970
-0.104457
0.011646
0.071693
0.045283
0.115156
-0.006975
0.049949
-0.111339
-0.087573
-0.010836
0.100582
0.014858
0.004475
0.013655
-0.089567
-0.059722
-0.070711
-0.052055
-0.041649
-0.084731
-0.077589
0.069893
-0.108013
-0.012957
0.080439
0.059682
0.088451
0.108688
-0.072363
-0.058600
0.076413
-0.055086
-0.033061
0.101977
-0.023822
-0.085829
-0.036364
0.042903
0.115043
-0.036237
-0.048315
-0.030589
-0.091870
-0.045449
0.063956
0.086424
0.088100
-0.011263
0.040235
-0.048564
-0.068299
-0.064123
-0.090144
0.098867
0.025326
-0.074225
-0.057857
0.018690
0.069779
-0.041987
0.034793
0.071964
-0.048300
-0.013444
0.066071
0.032558
-0.020833
-0.028833
-0.081492
0.086769
-0.091237
0.087686
-0.117939
-0.093869
0.018111
-0.014036
0.048821
-0.045085
0.022892
-0.053965
-0.009506
0.077332
0.057437
0.090467
-0.076238
0.028909
-0.051670
-0.086290
-0.008221
0.039120
-0.077566
0.006183
-0.003436
0.064811
-0.024157
-0.102609
-0.085120
-0.015967
0.113302
0.083254
-0.091696
0.045636
-0.110382
0.085531
-0.110447
-0.073069
0.060178
-0.097165
-0.050278
0.000433
-0.068694
-0.011007
0.001387
-0.053549
-0.073781
0.062529
-0.100698
0.077348
-0.077439
-0.062127
-0.022334
-0.095097
-0.044594
-0.004558
-0.029681
0.103713
-0.104258
-0.015414
0.068044
-0.059138
0.013896
0.021072
0.012525
0.019678
0.081415
-0.115624
-0.116960
-0.000830
-0.021501
-0.093297
0.085253
0.114401
0.045100
0.113798
-0.093636
0.039031
0.105417
0.015695
-0.104594
-0.088723
-0.034002
-0.030261
0.040545
0.024409
-0.108184
0.076020
0.070814
0.071821
0.020500
-0.098943
-0.102865
0.104944
0.045392
0.071574
-0.006117
-0.115112
-0.001902
0.089295
-0.064148
0.012768
-0.076828
-0.112563
0.087826
-0.092319
0.036487
0.114893
-0.103805
0.006170
-0.090601
0.081114
-0.101915
-0.031181
-0.027670
0.039369
0.020154
0.080718
0.033546
0.044759
-0.067804
-0.072074
0.087174
-0.073026
-0.063499
-0.023630
0.079332
0.067472
-0.109624
-0.011865
0.026225
0.023029
0.086942
0.012410
0.001777
-0.047663
0.054320
-0.112201
-0.056624
-0.114416
0.048619
0.063396
-0.063223
0.066151
0.106797
0.115591
0.109713
-0.075730
-0.009975
-0.030240
0.098085
-0.117138
0.095689
-0.091982
0.045593
0.029985
-0.110604
0.107434
-0.100335
-0.062600
0.009998
-0.022046
-0.108917
0.011992
0.090510
0.068704
-0.076562
0.117501
0.068505
0.042694
0.105754
0.013992
-0.049360
0.017755
-0.021582
-0.027065
0.070960
0.025439
-0.096546
-0.074019
0.018507
-0.004036
0.111387
0.096643
-0.015775
0.033543
0.057394
0.043324
0.090499
0.047888
-0.050737
0.083894
-0.036487
0.112931
0.034427
-0.048552
0.090927
-0.111720
0.017331
-0.112929
0.066281
-0.080150
0.096552
0.032665
0.020101
-0.040678
0.065955
0.053870
0.062540
0.008369
0.088239
0.093480
0.084287
-0.038951
0.074309
-0.094415
0.030434
0.062607
-0.058618
-0.108747
-0.021278
-0.087993
0.107066
0.031805
0.043383
0.033617
-0.096426
-0.101532
0.085403
0.052722
0.048924
0.082690
0.088724
0.085498
-0.094543
-0.083996
-0.005726
-0.075452
-0.078330
0.107851
-0.055055
-0.031036
-0.098344
0.069394
0.084725
0.062098
-0.011390
-0.110624
-0.029490
-0.019719
0.041224
-0.055499
0.024048
0.016083
0.080762
0.018075
0.116907
-0.108291
0.067064
0.055084
-0.008197
0.113224
-0.094917
0.041391
0.061277
-0.079439
0.073948
-0.045355
-0.087994
0.089408
-0.013006
-0.106889
0.021691
-0.075674
-0.001879
-0.038796
-0.018510
0.079693
-0.047472
-0.061747
0.114068
-0.082457
0.080895
-0.073878
0.026927
0.027242
0.027450
-0.020865
-0.025333
0.033460
-0.109289
-0.019705
-0.011891
-0.109484
-0.056566
0.024760
0.045847
0.108924
-0.093111
0.106451
0.043524
-0.083559
0.044562
-0.079975
0.054753
-0.000452
-0.067836
0.000295
-0.108669
-0.116979
0.081010
-0.018586
-0.030912
-0.051547
0.056644
0.114314
0.029794
-0.024938
-0.007471
0.027539
0.088051
-0.069102
-0.072384
-0.025086
0.084551
-0.083323
0.024409
0.024033
-0.002033
0.018202
-0.101948
0.086175
-0.008094
-0.103085
0.022343
-0.089334
0.088739
-0.092940
0.103425
0.109034
-0.029582
0.031027
0.104137
0.045260
0.095433
0.020599
0.017170
-0.028988
0.015301
-0.076998
-0.025030
0.007562
-0.109612
-0.105775
-0.089497
-0.016072
-0.105916
-0.112695
0.003960
-0.035332
-0.030476
-0.079454
0.067465
0.020680
-0.002290
0.088189
-0.080666
0.039054
-0.037263
-0.059567
-0.117699
-0.074843
-0.085087
0.043126
0.047819
0.017255
0.091733
0.044927
-0.047273
-0.003787
0.018426
-0.065193
-0.074727
-0.042743
0.047248
0.021333
0.007846
-0.008175
-0.117713
0.011142
0.025359
0.042498
-0.020209
0.034112
0.115994
-0.053578
-0.110355
-0.020069
-0.092677
0.009910
0.092319
0.056091
-0.099129
-0.028208
-0.029676
-0.008256
0.097339
0.032587
-0.005801
0.059135
-0.040664
0.081835
-0.055388
0.023699
-0.057187
0.080825
0.072147
-0.038543
-0.045368
0.068271
-0.052076
0.019196
-0.012161
0.022157
0.029454
0.000021
0.108534
0.066191
0.046805
0.102082
-0.070598
-0.030449
-0.089239
-0.076723
0.102618
0.031399
0.052361
-0.077682
0.015839
0.030944
-0.093672
-0.101162
-0.089869
-0.009874
-0.094277
-0.058924
-0.015420
-0.107373
-0.077120
0.043165
-0.054036
-0.053367
-0.099006
0.107332
-0.060244
0.054532
0.090788
0.046857
-0.074637
-0.036714
-0.109011
0.031990
-0.024880
-0.006855
-0.072519
0.045380
-0.008100
-0.035582
-0.059245
0.029522
-0.086990
0.047694
0.060740
0.062135
-0.105604
-0.100606
0.091954
0.112682
-0.078397
-0.001650
-0.038096
-0.090535
-0.104360
0.017756
0.036466
-0.010071
-0.015231
-0.078868
0.108681
0.066997
0.036993
0.044775
-0.065838
0.055930
0.111982
-0.091847
0.110419
-0.019380
0.010116
-0.032220
-0.114576
-0.113462
0.037366
-0.117470
-0.050071
0.051324
0.074588
0.007678
0.078506
0.003383
-0.049558
0.020742
-0.005555
-0.055853
0.049265
-0.036716
0.013291
-0.049332
-0.070011
0.059758
0.033464
0.097404
0.007958
-0.107773
0.056991
0.070416
0.056406
0.087107
0.037057
-0.067743
-0.025290
0.094953
0.076968
-0.014016
0.039558
0.109878
0.117600
0.059978
-0.062573
-0.020434
0.009483
0.049564
-0.028727
0.036837
0.082016
-0.085049
-0.062976
0.095335
-0.094081
-0.081354
-0.043465
0.065625
-0.061529
-0.115035
-0.115050
-0.093016
0.063677
-0.104983
0.007520
-0.009901
0.081644
0.028612
-0.087582
0.005162
-0.062749
0.077816
0.113686
-0.104323
0.083346
0.001208
-0.034984
-0.008453
0.086752
0.107079
0.007707
-0.047779
-0.058999
-0.013307
-0.057874
0.077177
0.039324
-0.113842
-0.019356
-0.035995
0.054662
0.022617
0.033828
-0.004012
0.044568
0.082997
0.014823
-0.068895
-0.083350
-0.074858
-0.030760
0.092775
0.044354
-0.098292
0.114810
-0.023149
-0.090412
-0.007057
0.090531
-0.060003
-0.040941
0.018863
-0.040667
-0.078750
-0.101897
0.006995
0.042390
-0.079065
0.066211
-0.033899
0.036592
0.001355
0.069331
-0.055275
0.009324
0.092575
0.083096
0.009977
-0.054098
0.027701
0.015077
0.056728
-0.001090
-0.026480
0.052581
0.062704
0.079130
-0.101824
0.039470
-0.073775
-0.098889
0.088472
0.110950
-0.008037
0.031054
0.019697
-0.068625
-0.003922
-0.033223
0.063208
-0.009620
0.069322
-0.008196
-0.020251
-0.114124
-0.040620
0.097225
-0.023069
0.043520
-0.067558
-0.047984
-0.005266
0.062817
0.029959
-0.005449
-0.059611
0.096710
-0.038350
0.027734
-0.111417
0.096203
-0.079158
-0.005238
0.070068
-0.072984
0.076707
-0.080721
0.101131
-0.042628
-0.061598
-0.088366
-0.000274
-0.065354
-0.043270
0.075833
0.069601
-0.040931
0.092754
0.117205
0.102158
-0.061358
-0.025512
0.075997
0.070358
-0.053385
0.064517
-0.025654
-0.107704
-0.063382
-0.090982
-0.107619
0.053616
-0.090925
0.027730
0.097627
-0.102135
-0.075965
0.101707
0.030664
0.019176
-0.095396
-0.041025
0.088719
0.111531
0.089234
-0.032633
-0.039177
-0.039704
-0.037254
-0.058573
-0.002349
0.018344
-0.047251
0.072230
0.046301
0.107212
0.003004
0.093391
0.081094
0.025606
0.006306
0.006146
0.037058
0.117247
-0.049372
0.012513
-0.092824
0.023424
0.085376
-0.015176
-0.088316
-0.081465
-0.007908
0.088545
-0.027785
-0.101255
0.029668
-0.047054
0.058240
0.045380
-0.011437
-0.109886
-0.080351
-0.086119
0.060017
-0.067976
-0.036895
-0.100363
0.072740
0.015511
0.113051
0.075969
-0.104443
0.065743
-0.073123
0.042689
-0.034450
0.021864
0.041871
-0.066336
0.055075
-0.012789
0.082442
0.012002
0.082920
0.060185
-0.100013
-0.025375
0.070727
0.075304
0.080250
-0.021473
-0.020549
0.081354
0.077056
0.036568
0.022997
0.041524
-0.005936
-0.100342
0.078811
-0.056707
-0.024461
-0.034268
0.061868
-0.019586
0.035124
-0.082107
-0.010654
-0.054343
0.070726
-0.089371
-0.060575
-0.112469
-0.014674
0.086103
0.031015
-0.051014
0.026124
-0.008955
0.114778
-0.104086
-0.021072
0.028053
-0.066631
0.073255
0.027422
-0.031658
0.054102
-0.084334
0.111685
-0.036047
-0.029464
0.082291
-0.032714
0.055422
-0.089314
0.010471
0.011099
-0.003043
-0.028935
0.088171
-0.017371
0.035801
-0.113965
0.008857
0.038545
-0.034118
0.096287
-0.054573
-0.078009
-0.095608
0.013921
-0.034040
-0.076678
-0.114909
0.023992
0.046031
0.027578
0.011519
-0.017960
-0.032681
0.017908
-0.006921
-0.072120
-0.070323
0.054428
0.070567
0.042782
0.052420
0.100437
0.014052
-0.059598
-0.085525
0.084403
-0.090017
0.051339
-0.072109
-0.019131
0.027490
-0.060420
-0.081542
0.025145
0.009453
0.050737
-0.032614
-0.051179
0.065772
0.086248
0.076246
0.117054
-0.106545
-0.021852
-0.069045
0.111507
-0.033345
0.069033
0.052723
0.110191
0.036720
0.112984
-0.004837
0.086417
-0.078529
0.059082
-0.105557
-0.066476
0.062261
0.098943
0.068789
0.035094
-0.074620
0.012479
-0.036655
-0.047033
0.036971
-0.036433
0.112802
-0.085875
0.027128
0.093081
0.075467
0.001071
-0.015945
-0.087929
0.099374
0.006119
0.103664
-0.087205
-0.047205
0.058659
-0.011948
-0.082748
-0.063636
0.003890
-0.072252
0.033450
0.003073
-0.091708
-0.029726
0.101817
0.010147
0.110084
-0.052390
0.094912
-0.110136
-0.027698
-0.061565
-0.109681
0.059240
-0.061933
-0.015373
0.008410
-0.086305
-0.004614
-0.111456
0.014978
-0.093036
0.014936
-0.071701
-0.082539
-0.108526
0.019787
-0.072637
0.097625
0.011733
0.093315
0.009417
-0.034668
0.115464
-0.110334
-0.072628
-0.084405
-0.015904
-0.080814
-0.054112
0.079476
0.076913
0.033263
0.079217
0.009883
-0.044377
-0.063751
0.046693
0.114395
0.070856
0.061312
0.019388
0.102378
0.095024
-0.115626
0.000453
0.011007
-0.105898
0.002767
-0.064689
-0.074923
-0.045246
0.027238
0.003359
0.106942
0.114103
-0.047669
0.038455
0.056582
0.113916
-0.073912
-0.010089
-0.040464
0.108768
-0.059386
0.080054
0.105084
-0.076227
0.064669
0.083584
-0.020752
0.077253
-0.081586
0.008618
-0.068549
-0.116194
-0.000810
-0.055424
0.047084
0.051412
0.068797
-0.072141
-0.030478
-0.061330
0.008251
0.053303
-0.005099
-0.087563
-0.007363
-0.101700
-0.078615
0.094655
0.052602
-0.080065
0.042821
-0.046123
-0.018632
-0.039263
0.111296
-0.040428
0.021652
-0.056577
0.064698
0.090898
-0.013087
-0.025896
0.053021
-0.033321
0.091787
0.096497
-0.106868
-0.023082
-0.093687
-0.084040
0.035510
-0.020097
0.117558
0.048745
-0.006272
-0.093762
-0.079940
-0.005062
-0.094028
-0.084634
0.090833
-0.013766
-0.022454
0.082236
0.090656
0.107148
-0.063553
-0.043821
0.005380
0.082455
-0.064988
0.034545
-0.049098
0.068988
0.062717
0.057864
0.055191
0.062415
-0.097645
-0.044203
0.019868
-0.052061
-0.052642
-0.019723
0.037260
0.071299
0.092033
0.072599
0.111246
0.116655
-0.065924
0.068279
0.117499
-0.025611
-0.033918
0.095834
0.039482
0.005699
0.060650
0.062389
-0.090656
-0.114332
-0.085145
-0.054938
-0.088480
0.020813
-0.047644
-0.070613
-0.067903
-0.032156
0.036891
-0.061621
-0.008288
0.009126
0.115208
-0.023895
-0.095750
-0.039405
-0.113600
-0.030288
0.099329
-0.045593
-0.059323
-0.016882
-0.079422
0.056086
0.015652
0.052633
-0.036447
0.110625
0.041255
0.049513
0.047432
0.114472
0.081595
0.068509
0.063940
-0.082534
0.098022
-0.058268
-0.097188
-0.012416
0.069146
-0.087962
0.021630
-0.093571
-0.079973
0.081722
0.043919
-0.010907
0.063207
0.043570
-0.047021
0.090819
-0.000201
-0.016804
0.100216
-0.010098
0.069163
0.110814
0.013723
-0.044833
0.074895
-0.068030
-0.073297
-0.032725
0.003873
-0.046184
0.033165
-0.043973
0.002967
-0.117936
0.015400
-0.009406
0.065563
0.045509
-0.029904
-0.010930
0.038448
0.044350
-0.057453
0.012116
0.020003
0.113299
0.067026
0.042382
0.109523
-0.097014
-0.070665
-0.016262
0.084896
-0.011305
-0.028680
0.026181
0.089797
0.008190
0.113193
0.008269
-0.059270
-0.051900
0.050453
-0.072688
-0.081937
0.098367
-0.071879
-0.116454
-0.010459
0.072564
0.020209
-0.026284
-0.108197
-0.064691
0.027184
0.099851
-0.021504
-0.022433
0.043173
0.020407
-0.028185
-0.050866
-0.007404
-0.050539
-0.098149
-0.052855
-0.003902
-0.058189
0.054306
-0.087361
-0.104153
0.075716
-0.050730
-0.081948
-0.092430
0.051978
0.069947
-0.070898
0.030992
0.017007
0.109207
0.058727
-0.071981
-0.018579
0.023583
-0.044485
-0.097709
-0.102238
-0.092219
-0.059931
0.068201
0.039773
-0.053919
0.059426
0.105387
0.005912
-0.026569
0.117018
-0.102309
-0.052247
-0.076173
0.091517
-0.020418
0.106301
-0.042747
-0.051533
-0.017634
0.102052
0.097388
0.066644
0.074776
0.001537
0.083842
0.065275
0.025443
0.047087
-0.009591
-0.114078
0.002601
0.097495
0.019463
0.089898
0.019205
0.027885
-0.113303
0.107324
0.010260
0.105190
-0.056063
-0.106397
-0.070111
-0.011670
0.063281
-0.066886
0.086735
-0.055465
0.042639
-0.065714
0.115999
-0.087356
-0.059883
-0.064125
0.001647
-0.116312
0.006761
0.074197
-0.013878
-0.091708
0.040774
-0.047587
0.038685
-0.006240
0.043252
-0.060635
-0.052110
-0.100583
0.077420
-0.026352
-0.060710
-0.021593
0.103590
0.095102
0.107739
-0.090199
-0.083531
0.064582
0.065782
-0.044089
0.057569
0.009493
-0.112304
-0.025694
-0.013645
-0.013637
0.072222
-0.058388
0.046855
0.012616
-0.006877
-0.009301
-0.033835
-0.067642
0.115071
-0.015694
0.012603
0.097651
-0.108559
-0.088765
0.095625
0.094249
0.038947
-0.053791
-0.008632
-0.104511
0.039326
0.038629
-0.002493
-0.069738
-0.043552
-0.062777
0.034928
-0.114461
0.071641
0.079496
0.091704
-0.063093
-0.080340
-0.107106
0.013988
0.007484
-0.077853
-0.053986
-0.078487
0.014670
0.066075
-0.069286
0.114830
-0.110675
0.029498
-0.042248
-0.044304
-0.117651
0.047959
-0.059449
0.073683
0.053890
0.024504
0.110440
0.019700
-0.003587
0.070211
-0.112281
-0.033574
0.014659
0.002683
-0.083465
0.054001
-0.048242
-0.110324
-0.007408
0.012915
0.111770
-0.075877
0.037356
-0.021172
0.018741
-0.078953
-0.003239
-0.032150
0.091743
-0.086722
0.063408
0.028091
0.077350
-0.080730
-0.088587
0.055810
0.037373
-0.073771
0.010990
0.109233
0.057289
0.076109
0.117476
-0.024675
0.052643
-0.021334
0.063817
0.080748
0.010282
-0.060164
-0.039543
0.003217
-0.029420
-0.028445
0.103564
0.087207
0.043143
0.115647
0.018968
-0.098109
-0.022485
-0.029584
-0.023727
-0.058702
-0.097551
0.084853
0.096159
0.111964
0.040867
-0.106872
0.010470
0.086013
-0.070350
0.075745
-0.053424
0.027664
0.090726
-0.105051
0.045899
-0.107030
0.007154
-0.088289
0.075060
0.069902
0.047010
-0.091100
0.002370
0.041612
0.058288
0.035662
0.090397
0.020323
0.001064
-0.079714
0.074747
-0.028263
-0.082526
0.082256
-0.023274
-0.110561
0.047114
0.036688
0.105550
-0.003139
0.116170
-0.041410
0.005391
0.038032
0.002687
0.003362
0.098128
0.001561
0.099954
-0.045501
-0.079055
0.069725
-0.050678
0.049565
-0.029752
-0.043364
0.035119
0.027939
-0.055385
0.095410
-0.029978
-0.067951
0.105058
-0.004349
-0.091024
-0.091573
0.040355
-0.029713
-0.039974
0.063973
0.056535
-0.062938
-0.040187
-0.065384
0.055077
0.055448
-0.089025
0.060902
-0.000645
-0.050324
0.027015
-0.046058
-0.049940
0.112036
-0.082195
-0.103449
-0.070467
-0.022031
0.030868
-0.096473
0.090069
0.072406
-0.089589
-0.041131
-0.023640
-0.077722
0.094370
0.048537
-0.036982
-0.100492
-0.057912
0.105344
0.099620
0.100870
0.039086
-0.057737
0.083333
-0.104379
-0.043415
0.017052
-0.106871
-0.014008
-0.065800
-0.089689
0.046651
-0.097555
-0.055956
-0.049576
0.033769
-0.041485
0.080898
0.079243
-0.045337
-0.057146
-0.045698
0.053612
-0.040870
0.077925
-0.033175
-0.086428
0.103455
-0.054554
0.108659
0.077564
0.029263
-0.008286
-0.007669
-0.107073
-0.083656
0.034983
-0.062321
-0.011273
-0.034239
-0.036997
-0.101469
-0.081387
0.018744
0.041847
-0.095639
-0.076411
-0.095559
0.091645
0.048149
-0.111329
0.088503
-0.015143
-0.080315
-0.048776
-0.005274
0.029807
-0.097845
0.001125
0.058816
0.117418
-0.074718
-0.050188
0.024746
-0.068071
0.098309
-0.005655
-0.103391
0.046934
0.002226
0.090942
0.047540
-0.103515
-0.068603
0.045650
0.108725
-0.022392
0.005869
-0.037409
-0.003766
-0.041045
0.036658
0.060988
-0.110130
0.026558
0.000753
-0.029792
0.011910
-0.071885
-0.078715
0.106008
0.069286
0.096705
-0.093195
-0.040189
-0.057074
-0.004823
0.091799
0.002601
-0.069580
-0.051934
-0.109663
-0.082503
0.045885
-0.065819
0.047352
0.079398
0.067283
-0.018506
-0.068167
0.102897
0.005141
-0.072518
-0.083273
-0.081577
-0.095179
-0.075639
0.092391
0.033218
-0.004745
-0.055538
-0.023248
0.011736
0.096276
0.117750
-0.061361
-0.018899
-0.072958
0.074789
0.031975
0.086201
0.051800
0.056134
0.029908
0.060827
0.081515
-0.014883
0.073654
-0.063050
0.052170
0.008414
-0.089403
0.098260
-0.083868
0.034774
0.003860
-0.059805
-0.102353
-0.056052
-0.063516
-0.066576
-0.083314
-0.048068
0.040509
-0.096725
0.000033
0.048437
-0.037320
-0.010599
-0.025988
-0.049475
-0.007283
0.069267
0.029583
-0.040534
-0.019514
-0.025099
0.004971
-0.099676
0.082115
-0.088698
-0.047562
-0.047867
0.050409
0.095388
0.110813
-0.065809
0.066028
0.091861
-0.107127
0.113765
-0.029673
0.114368
-0.084337
0.071792
-0.006063
0.104436
0.001966
-0.073383
0.095545
-0.115448
0.114311
-0.014586
-0.074816
-0.107535
-0.013494
-0.057793
0.032481
-0.101726
0.028753
-0.112343
-0.037987
-0.110286
0.062513
0.017473
0.006748
-0.043574
-0.047648
-0.045754
-0.016024
-0.098999
-0.071960
0.110675
0.115191
-0.073925
-0.098662
0.035762
-0.026835
0.111041
0.075218
0.095305
-0.116892
0.114764
0.024146
-0.047754
-0.024750
-0.036991
0.090724
0.033116
-0.090111
0.050496
-0.019324
-0.054781
0.074200
-0.043576
-0.043054
-0.105326
-0.033402
0.067227
-0.029125
-0.116487
-0.116085
0.030056
0.105067
-0.030775
0.046480
-0.006628
-0.021351
0.110957
0.114616
-0.051201
0.022237
0.063049
0.039544
0.040261
-0.103740
-0.048648
-0.062870
0.037481
0.016666
-0.070267
-0.008771
-0.046755
-0.061396
-0.039225
-0.104019
-0.095310
-0.116450
0.007829
0.110983
0.058898
0.077779
0.107119
0.044023
-0.091307
-0.045329
0.005859
0.009779
-0.074544
0.000180
0.049510
-0.064252
-0.008698
0.042280
0.004728
0.011292
-0.088906
0.007587
0.065761
0.029972
-0.032316
0.039041
0.103313
-0.097756
0.019223
-0.007467
0.017432
-0.078746
-0.062995
0.074431
-0.004978
-0.032073
-0.023767
0.040260
-0.064315
0.061303
0.076809
-0.095567
-0.041054
0.052477
0.013176
-0.076440
-0.009932
-0.045167
-0.024769
0.048133
-0.079970
-0.026068
0.003051
-0.018271
0.090280
-0.085342
0.007413
0.108705
-0.060989
-0.085432
0.007878
0.057868
0.110546
0.108967
-0.061324
-0.031970
-0.026875
-0.077208
0.036351
0.051465
0.048670
-0.023663
-0.064191
0.018728
-0.083033
-0.024608
-0.007501
0.030450
0.071528
-0.040994
-0.050393
-0.070671
-0.035636
-0.104420
0.102934
0.006566
0.070666
0.103882
-0.047855
-0.059272
-0.047374
0.059331
0.117211
-0.050422
0.010295
