0.018819
-0.072964
-0.056476
-0.108409
-0.052156
0.069981
-0.074180
-0.003676
0.104631
-0.011407
-0.046895
-0.023815
-0.063860
0.009818
0.061565
-0.080101
0.006535
-0.016275
0.111199
0.037759
0.050498
0.070797
-0.072583
-0.088890
-0.008273
0.100696
-0.111632
0.077202
0.080917
-0.038426
-0.005013
0.002762
0.028086
-0.064487
-0.116808
-0.097947
-0.053178
0.078096
-0.104132
-0.070353
0.109112
0.074919
0.031097
-0.089863
0.112118
-0.021984
0.048742
0.058590
0.116178
0.103746
-0.101973
0.114366
0.059440
-0.052772
-0.089182
-0.031565
0.002404
-0.051786
-0.022254
-0.046233
-0.050966
0.055458
0.043655
0.045557
0.071227
-0.028778
-0.000966
0.105154
-0.096324
-0.017123
0.029887
0.076593
0.071383
-0.033393
0.057290
0.058095
0.041387
-0.073989
-0.089231
0.050775
0.105844
-0.042550
0.022389
-0.022063
-0.026779
0.068655
0.105195
-0.074640
-0.027542
0.117228
0.083468
-0.081364
-0.001081
-0.113493
-0.105712
0.016101
0.060279
0.017002
-0.024221
0.054496
-0.096253
-0.062684
0.083545
0.072198
0.048152
-0.115717
-0.040559
-0.089227
0.056520
0.019139
0.075423
0.110847
-0.041260
0.029633
0.075853
-0.103476
0.013712
-0.045232
-0.081547
-0.015218
-0.027446
0.027953
-0.015798
-0.082719
0.093484
0.080212
-0.026994
0.057890
0.056576
-0.051541
-0.002560
-0.094851
0.015078
-0.039784
-0.099954
0.080888
0.069528
-0.046801
0.014085
-0.084288
0.024292
-0.087173
-0.002668
0.061684
0.110072
-0.103996
0.106405
0.049239
0.052276
-0.020243
-0.075085
-0.008476
0.014687
-0.110223
-0.045622
0.050357
-0.062801
-0.093822
0.019902
0.061931
0.008265
0.073238
0.063388
-0.051492
0.041861
0.059235
-0.049816
0.077637
-0.096159
-0.019935
-0.040505
-0.101450
-0.073212
-0.094270
-0.090899
0.064863
-0.028845
-0.076236
-0.008037
-0.087768
-0.070120
-0.061254
0.064542
-0.061681
0.102680
-0.079294
-0.035988
-0.092207
-0.063922
0.087037
0.001796
-0.062332
-0.027757
-0.041888
0.075475
-0.029268
0.087513
-0.100982
0.107223
0.013547
0.096743
-0.013342
-0.115578
-0.000924
0.095893
-0.115540
-0.044538
-0.056192
0.105160
-0.077282
0.111746
0.094426
-0.075397
-0.069075
0.020450
0.085844
-0.058310
0.108642
0.007647
0.007482
-0.103505
0.088636
-0.057897
-0.093863
-0.087895
-0.044543
-0.003451
-0.110976
0.020123
-0.033609
-0.025198
0.044383
0.050174
-0.025957
-0.095574
0.010745
0.095382
0.071701
-0.108106
0.014449
0.069191
0.047899
-0.106476
0.064498
-0.112567
0.055560
0.055653
0.010780
-0.078768
-0.006509
0.048555
0.022188
0.060492
-0.105265
-0.038683
0.080290
-0.027032
-0.035580
-0.039587
-0.107919
-0.048250
-0.088827
0.059041
-0.062504
-0.014917
0.093788
0.086094
-0.071268
-0.073965
0.047154
-0.003124
0.027600
0.030465
0.080954
0.035533
-0.057163
0.078126
-0.056874
0.036879
0.095826
-0.003966
0.056639
-0.087763
0.095123
-0.044561
0.045247
-0.052666
-0.010787
-0.095148
-0.112185
0.010088
0.053764
0.019214
0.018118
0.048734
-0.062140
0.095970
0.076210
0.109279
0.113784
-0.069367
-0.050329
-0.088567
-0.018281
0.050575
-0.090288
-0.065556
-0.024164
-0.085113
-0.041342
0.115826
-0.075269
0.008311
-0.030432
0.034723
0.066068
0.041284
0.036471
-0.067802
-0.040865
0.104895
-0.056516
-0.048808
0.024965
-0.085102
0.117110
-0.111141
-0.038341
0.112340
-0.108202
0.102461
-0.011348
-0.001183
-0.058289
0.112364
-0.072395
0.090261
0.093729
-0.042585
0.016324
0.113299
-0.026561
-0.069966
-0.099116
0.009561
0.086652
-0.060467
-0.090384
-0.062973
0.031693
-0.068647
0.087798
-0.097483
0.038649
-0.058112
-0.046019
0.021519
0.047789
0.115332
-0.076894
0.116199
-0.085122
-0.073845
0.090672
0.114295
-0.093640
-0.112726
0.006841
-0.078506
-0.018672
-0.007395
0.095581
0.025385
0.104409
0.061452
0.111919
0.053605
-0.024708
0.112014
0.103698
0.026258
-0.071844
-0.076021
-0.053575
-0.003099
0.093807
-0.037729
0.083795
-0.105966
-0.105288
-0.067372
-0.007493
0.079521
-0.021879
-0.020404
0.048780
-0.091431
-0.061346
-0.060041
-0.104409
0.018347
-0.045364
0.088857
-0.074949
-0.109755
0.036280
0.035698
0.035282
-0.032696
-0.049095
0.060368
0.051345
0.015802
0.016792
-0.088645
-0.035142
0.050688
0.060335
0.023794
-0.067265
0.022734
0.116506
-0.117974
-0.039500
-0.116186
0.114432
-0.030324
-0.047346
0.060782
-0.021861
0.028916
-0.060838
-0.060178
-0.104001
-0.020995
0.041583
0.032726
0.112040
0.065673
-0.089853
0.069746
0.060877
-0.016646
-0.108625
-0.054963
0.102177
-0.025729
0.046324
0.117202
0.058910
0.072992
0.047656
-0.023784
0.013199
0.115845
0.015038
-0.004180
-0.066870
-0.068044
-0.065329
0.066592
-0.007759
-0.093301
-0.057052
0.025248
-0.044174
-0.048313
-0.095748
0.059907
-0.066997
-0.085464
0.066135
-0.082971
-0.060296
-0.108624
-0.085694
0.104624
0.063840
-0.103414
-0.117991
-0.033612
0.039733
-0.030032
0.113495
-0.031136
0.051299
-0.018040
-0.060065
0.039155
0.052650
-0.026140
-0.030643
-0.112040
0.036546
0.066335
-0.106664
0.096786
0.095580
-0.099384
-0.037372
-0.044444
0.054385
-0.033548
0.049114
0.093069
0.117302
0.112585
0.007434
-0.111544
0.108082
-0.038995
-0.045491
-0.028152
0.078005
-0.004464
-0.092682
0.070668
-0.024464
-0.073665
-0.057264
0.103892
0.013155
-0.040166
0.073728
-0.024704
0.026722
0.096272
-0.002735
0.091296
0.019638
0.027485
-0.005410
0.114971
-0.028213
-0.089929
0.067350
-0.014773
-0.098315
0.024535
0.022512
-0.059480
0.048059
0.099421
0.071671
-0.108713
0.039386
-0.065471
-0.054480
-0.014384
-0.004577
-0.098238
0.116564
-0.003195
-0.046484
0.113916
0.034884
-0.038422
0.063883
-0.038991
0.062575
0.060520
-0.083339
0.108094
-0.092056
-0.075289
0.061797
0.039940
0.029484
-0.074595
-0.044085
0.104397
0.061563
-0.098510
0.114199
-0.027053
-0.037588
-0.077816
0.023381
-0.001832
0.072618
0.114945
0.085828
-0.100398
0.014823
-0.047141
-0.091704
0.039320
-0.031274
-0.069600
0.089773
0.052142
-0.088334
0.078997
-0.103891
0.114500
-0.103239
-0.021268
0.091425
-0.093020
-0.003348
0.025661
-0.079090
0.052802
0.044016
-0.055242
0.051629
-0.028440
-0.073425
0.090686
-0.014556
-0.014192
0.100023
0.002761
-0.104042
-0.091957
0.081910
-0.047587
0.002548
0.056431
0.064809
0.060106
0.096298
0.086099
-0.067100
0.040733
0.061664
0.113458
0.100191
-0.105481
0.050814
-0.095635
-0.050761
0.056305
-0.037003
0.089701
0.035920
-0.006451
0.046986
-0.065065
0.023836
-0.075517
-0.076102
0.086230
-0.059461
0.038875
0.077360
0.075956
-0.106039
-0.099850
-0.075152
0.082137
-0.053761
0.040264
-0.116262
-0.072918
0.092434
0.076082
-0.091631
0.117250
-0.110775
0.071603
0.009869
-0.107241
-0.023972
-0.117721
-0.035526
-0.095205
0.102860
0.092124
0.029845
0.090024
0.009331
-0.101348
-0.068288
-0.053047
0.019966
0.040462
-0.043798
0.101490
0.001704
-0.044392
-0.049142
-0.017649
0.009471
-0.019435
-0.058104
0.070202
0.036632
0.070576
0.038464
0.016400
0.064252
0.107091
0.068985
-0.003177
-0.096871
0.047426
-0.101973
0.042474
-0.030121
-0.036079
0.028129
0.114729
-0.114157
0.111179
-0.082496
-0.114354
-0.066673
-0.029997
0.046077
-0.054988
-0.029316
0.109348
0.097968
-0.021441
-0.082409
0.104152
-0.099656
-0.077329
-0.075389
-0.064068
-0.113907
-0.072888
-0.081770
0.037294
-0.051788
-0.050483
-0.048669
-0.048454
0.110162
0.009957
0.012202
0.111312
0.073378
0.041739
0.066279
0.068531
0.108415
-0.030457
-0.010556
-0.058994
-0.026895
-0.076824
-0.060878
-0.062043
0.106829
-0.011291
-0.034401
-0.044657
-0.067389
-0.021465
-0.002366
0.039391
-0.032936
0.113917
0.070569
0.039171
-0.090369
0.000305
0.013535
0.008821
-0.056884
-0.094502
0.071974
-0.075959
0.012299
0.000232
0.002713
0.060016
-0.039255
-0.096564
0.069282
0.032468
-0.038721
0.023711
-0.048414
0.044242
0.095823
-0.089554
0.077123
0.064842
-0.001615
0.032306
0.107397
0.052076
-0.081729
0.040675
-0.101495
0.041273
-0.076758
-0.097302
-0.076431
0.048899
-0.045220
-0.111083
0.064770
-0.022738
0.009524
-0.107343
0.026174
-0.017577
-0.086679
-0.010119
-0.070629
-0.050426
-0.054315
0.042746
0.000583
-0.035018
-0.007815
-0.035911
-0.089923
0.073856
0.108589
0.073056
-0.096395
-0.020350
-0.115508
-0.011525
-0.097481
-0.032549
0.108849
0.117883
-0.072263
0.039973
-0.053088
0.109889
0.001669
-0.077046
0.116308
0.043794
-0.081507
0.016924
-0.095740
0.101569
-0.117446
0.084460
-0.049415
0.065994
0.020523
0.085008
0.082860
0.099632
0.011409
-0.010868
0.065689
-0.005448
-0.058054
-0.069650
-0.020472
-0.047758
-0.018519
0.087332
0.042834
-0.116061
-0.017171
0.081629
-0.090623
0.082541
0.054270
-0.060127
-0.084238
0.062139
0.051819
-0.007910
0.015370
0.054735
0.070032
0.043901
-0.011966
-0.030524
0.016999
-0.004698
0.079778
0.026074
0.053671
-0.064769
0.010942
-0.082075
0.042610
0.106850
-0.000331
0.073611
-0.084962
-0.079492
-0.037262
-0.104759
-0.001261
-0.088267
-0.091745
-0.030337
-0.066458
-0.028153
0.080818
0.109517
0.040084
0.089095
-0.029090
0.030214
-0.000943
-0.099546
-0.076448
-0.068821
-0.009317
0.050697
-0.103851
0.092644
-0.029774
0.067723
-0.105776
-0.070275
-0.100688
-0.037626
-0.080836
0.058358
-0.016323
-0.044971
0.084999
0.060393
0.047782
-0.098587
-0.000914
0.095974
0.084619
-0.010639
-0.028238
0.098581
0.068781
-0.012950
-0.044908
-0.054495
0.062993
-0.060266
0.114580
-0.103636
0.028105
-0.060284
-0.082546
-0.025925
-0.023963
0.096704
-0.067778
0.077416
0.068600
0.066276
-0.072035
-0.058050
0.045844
0.090461
-0.053210
0.000076
0.049312
0.104034
0.040297
-0.100619
-0.008174
0.037549
-0.032015
0.043848
-0.057617
0.095569
0.087160
0.088583
-0.102110
-0.003455
0.046148
-0.104912
0.070813
-0.063299
-0.026668
0.072558
-0.114552
-0.024791
0.004463
-0.080122
-0.096008
0.062150
-0.051352
-0.072273
0.100609
-0.115172
0.034644
0.077314
-0.081922
-0.069301
0.088414
-0.026258
0.096792
-0.090515
0.043193
-0.025309
0.056965
0.045213
-0.013086
-0.077368
-0.075371
-0.100420
-0.036035
0.046963
0.047391
-0.070653
-0.073651
-0.031013
-0.086788
-0.117029
0.101263
0.084635
0.039555
0.049909
-0.028445
0.009806
-0.111804
0.112995
0.059459
0.066154
0.072700
0.062723
-0.110096
-0.020809
0.038630
0.101231
-0.108145
0.031678
-0.102195
0.105226
-0.038250
-0.111472
0.096161
0.005314
0.060457
0.051786
0.010423
-0.082293
0.042362
-0.024450
-0.053771
0.058839
0.088535
0.049245
0.018588
-0.103475
0.034059
0.107746
0.061463
0.084515
-0.016815
-0.018276
-0.044903
0.061545
0.101391
0.008749
-0.020842
-0.051470
-0.071466
-0.079977
0.068786
-0.020988
-0.109348
-0.074397
0.044472
0.100914
-0.045588
0.073354
0.049991
0.054865
-0.017089
0.031044
0.040281
0.081400
-0.060367
0.087556
-0.065536
-0.061266
0.107320
0.104541
-0.038423
-0.010658
-0.047025
-0.023794
-0.071525
-0.048021
-0.035127
-0.100160
-0.027809
-0.100914
-0.108992
0.047651
0.053352
-0.019761
0.103214
-0.024185
-0.064036
-0.014253
0.000873
-0.039566
-0.014874
0.057280
-0.087248
-0.082586
-0.069899
-0.055184
0.115395
-0.086104
0.065538
0.026277
-0.061062
-0.019809
-0.099919
0.114624
0.097227
0.073575
0.011070
0.071019
-0.093752
0.008076
-0.065998
0.058092
-0.021534
-0.011143
-0.115321
-0.017660
-0.054367
0.111883
-0.030725
-0.022609
0.102404
-0.100103
-0.097525
0.051499
-0.064035
0.031525
-0.006470
0.060370
-0.057041
0.056005
-0.076592
0.091285
0.030788
0.068133
-0.023194
0.110558
0.005201
-0.108048
0.109188
-0.017082
0.028989
0.037485
0.027173
-0.079077
-0.033313
0.080500
0.108408
-0.095486
0.108914
0.067681
0.018531
0.086413
-0.065517
0.111736
0.069789
-0.047556
-0.026059
-0.008065
0.085925
0.018099
0.010114
-0.003691
-0.009538
-0.031461
0.067307
-0.088720
0.043081
-0.104762
0.102022
-0.023620
-0.112396
-0.071578
-0.049619
-0.076069
-0.089449
0.055220
0.104315
-0.100000
0.012943
-0.033899
0.033312
-0.099061
0.029887
-0.079964
0.094472
-0.055491
0.013708
-0.100593
0.070345
-0.090651
-0.036520
0.076285
0.036530
-0.002384
0.096784
-0.090890
0.035150
0.051336
-0.072932
-0.020290
0.092752
0.117315
0.000414
0.054741
-0.105306
-0.094440
0.067581
0.079727
-0.042163
0.116216
0.090099
-0.009301
0.069085
-0.003428
0.067384
0.024254
-0.018371
0.098072
0.065078
-0.071742
0.100009
-0.108423
-0.000530
0.087313
-0.029252
-0.046646
0.095857
0.049759
-0.088702
-0.005497
0.095069
-0.064687
0.096450
-0.051268
0.050797
0.100437
-0.071279
-0.061199
-0.068914
-0.095173
0.060115
-0.002928
-0.002494
0.113565
0.075470
0.018693
-0.053873
-0.055122
-0.004474
-0.016325
-0.054926
-0.090799
0.024143
-0.063352
0.039628
0.066187
-0.069491
0.078418
0.064112
0.106564
-0.085650
0.073817
-0.051986
0.094513
-0.038990
0.111897
-0.022752
-0.019694
-0.048774
-0.037909
-0.011091
-0.114152
0.010834
0.080370
-0.090789
-0.087675
0.043944
-0.062622
0.097275
-0.033327
-0.100466
0.004589
0.041720
-0.067254
0.034260
-0.107840
0.080104
0.072829
-0.074439
-0.075446
-0.001913
-0.013432
-0.098807
0.006323
0.080432
-0.015280
-0.036290
-0.050246
-0.039476
-0.107020
0.071318
-0.079725
-0.039249
-0.102356
-0.022986
-0.071846
0.045098
-0.022492
-0.053657
-0.042228
-0.080633
0.108306
0.061863
0.013941
-0.053337
-0.040941
-0.030944
-0.096651
-0.085695
-0.075952
0.071322
0.001907
-0.016113
0.002258
0.055437
-0.053362
0.009676
-0.009994
-0.022320
-0.005178
-0.022345
-0.084715
0.100240
0.012637
0.104665
0.062539
0.006848
-0.009079
-0.048443
-0.112690
-0.079188
-0.088668
0.036111
0.042981
-0.065022
0.008598
-0.065977
-0.103882
0.013570
-0.065792
0.095162
0.060056
0.022055
0.045721
-0.033708
0.001953
0.040999
-0.083832
-0.082909
-0.073532
0.003489
0.101113
-0.111751
0.058717
0.104460
0.066071
0.112018
0.027454
-0.042294
0.032641
0.113251
-0.030427
0.037541
0.088982
0.007977
-0.020702
-0.110469
0.104913
-0.044397
-0.058395
0.097340
0.008204
0.055710
-0.093507
0.092431
0.044172
0.060712
0.057887
0.113398
0.011439
0.064259
0.044792
-0.019157
-0.015975
-0.020454
0.115183
0.010200
-0.035861
-0.020908
-0.001006
-0.104160
0.043033
0.074602
-0.081500
-0.049261
-0.067695
0.105377
-0.084902
-0.111295
-0.082003
-0.038319
-0.037003
-0.105129
0.022031
0.020218
-0.015152
0.112794
0.093360
0.053694
0.099864
0.023123
0.040251
0.078812
0.109069
-0.108380
-0.095121
0.058249
-0.039433
0.020706
0.068017
-0.040517
0.109893
0.113299
-0.047038
-0.110007
0.117048
-0.069257
0.101077
0.024373
-0.109960
-0.001538
0.022766
-0.031504
0.042325
-0.106816
0.078559
0.056068
0.041377
0.070781
-0.083805
0.038435
0.036795
0.113072
0.012082
-0.061883
0.038180
0.036847
-0.026607
0.014200
-0.072520
-0.024489
0.037431
0.012791
0.094177
-0.085155
-0.064918
0.041069
0.083743
0.098442
-0.109147
-0.036266
0.100492
-0.062563
-0.095718
-0.037998
0.102403
-0.030342
0.025585
-0.048572
0.019413
0.022379
0.089375
-0.085218
0.010600
-0.049597
-0.027247
-0.054921
0.080875
0.093839
0.034928
0.005959
0.019760
0.046447
-0.032597
-0.072602
-0.008700
0.108959
0.070212
0.077934
0.008571
0.085080
-0.008285
0.110596
0.006871
0.062337
0.089058
0.017354
0.063710
-0.115229
0.083203
0.067023
-0.110307
0.012788
0.104892
0.017681
-0.098592
-0.045539
-0.092705
-0.116749
-0.112868
0.054144
-0.025769
0.106739
0.034280
0.024342
0.044290
-0.044809
0.030372
-0.087046
0.042714
0.013099
0.096642
0.050512
-0.117833
0.063112
-0.018021
-0.004388
0.043258
0.034578
-0.043925
0.091469
-0.071621
0.110789
-0.008979
0.117311
0.093875
0.002141
-0.030018
0.011226
0.065137
0.108349
0.097825
-0.020810
0.014870
-0.079519
0.110366
0.027718
0.098639
-0.009139
0.094859
0.017355
-0.029893
-0.092338
-0.027379
0.010886
-0.109511
0.102116
-0.111215
0.099638
0.108838
-0.076759
0.042217
-0.088866
0.112003
0.054321
-0.017201
-0.003982
0.057140
-0.058960
-0.090082
0.017551
-0.112411
0.058192
0.052787
0.101360
-0.092183
0.009611
0.001749
0.030718
0.010289
0.100716
-0.003540
0.106963
0.089689
-0.053666
0.072445
0.102390
0.034515
0.084134
0.043134
0.024773
0.092513
0.112319
0.052699
0.087330
-0.003523
0.000810
-0.013716
0.034780
-0.021701
0.050209
-0.112632
-0.005362
0.111941
-0.021025
-0.032723
0.030400
-0.014528
-0.089530
-0.005387
0.017994
-0.016778
-0.083431
-0.070312
-0.026119
-0.095187
0.025627
-0.036564
-0.053380
-0.037921
-0.061762
-0.081918
-0.073679
-0.094660
0.100598
-0.002102
0.049317
-0.009256
0.110004
-0.078925
-0.007371
-0.030843
0.040111
-0.032422
0.075096
-0.111003
-0.094018
0.007601
-0.025367
0.005894
-0.068871
-0.038302
-0.102178
-0.098311
-0.056334
0.114939
0.028243
-0.093290
-0.086826
-0.106635
0.055365
-0.073319
0.092154
0.000528
0.073428
-0.084781
-0.030886
0.074511
0.020339
-0.011263
0.094800
-0.115512
-0.082963
0.041304
0.108249
-0.090552
0.076314
0.109905
0.001384
-0.008035
-0.030882
0.025584
0.028177
-0.013252
-0.019911
-0.078658
0.023353
0.056413
-0.011112
0.094472
-0.023916
0.116265
-0.074888
0.072982
0.023958
-0.013260
-0.043753
0.034077
0.117214
-0.101863
-0.059339
0.100248
0.000338
0.029006
0.024519
0.091579
-0.053297
0.042512
-0.033332
-0.073615
0.068002
-0.034241
0.101203
0.102661
-0.069822
0.001166
0.020581
-0.014544
-0.081094
0.013949
0.039103
0.003364
0.020592
-0.110239
-0.079237
-0.061553
0.099868
-0.109977
-0.042142
0.041512
0.028207
-0.019629
-0.036942
-0.009051
0.075353
0.005821
0.053225
0.047940
0.065366
-0.026533
-0.034703
0.072128
0.042818
-0.003217
-0.096072
0.027836
-0.096199
0.017449
0.068703
0.063016
0.103893
0.041461
-0.045937
-0.088730
-0.060113
-0.024276
-0.081480
-0.058482
-0.010592
-0.040111
-0.062696
0.115038
0.057712
0.015470
-0.116703
0.115479
-0.066911
-0.067077
-0.024411
0.012284
0.101696
0.025246
-0.013430
-0.084718
0.001237
0.080691
-0.038637
-0.010418
0.016621
-0.099414
-0.023850
0.020153
0.101279
0.041546
0.071496
0.046706
0.002509
0.075360
0.040820
0.024959
0.072843
-0.040367
-0.096590
-0.067103
0.066142
-0.089707
-0.050644
-0.008833
-0.093369
-0.032043
-0.043235
0.060249
-0.073434
-0.075799
-0.112685
-0.058368
-0.012624
0.062413
-0.108321
-0.051058
0.022563
-0.007146
-0.078680
-0.048193
-0.006041
-0.115338
0.112201
-0.113441
-0.018887
-0.091342
0.078277
0.052766
0.106207
0.053326
0.100172
0.020809
0.002694
-0.064679
-0.025814
-0.002694
-0.013146
-0.068273
-0.114605
-0.041975
0.046739
-0.080596
0.078500
-0.054314
0.018137
0.040338
-0.012868
0.015343
-0.103318
0.046902
-0.088972
0.104476
0.061594
-0.030216
0.093375
-0.007113
-0.028552
-0.016512
0.065513
0.104033
0.081230
-0.092966
0.118101
0.016898
-0.098852
-0.105864
-0.055330
-0.000508
-0.082941
0.112585
0.061742
-0.056467
0.090297
0.062149
-0.007141
-0.018840
0.116842
-0.113508
0.014619
0.017113
-0.045039
-0.050274
0.054224
-0.008321
-0.071676
-0.066637
-0.085855
-0.112325
0.018814
0.032321
0.113313
-0.053721
0.075800
0.003812
-0.067528
-0.068279
-0.006267
0.019270
-0.048060
0.032469
-0.005946
0.107420
0.090031
-0.075500
0.105894
0.023253
0.026425
0.025666
-0.066724
-0.071800
-0.089628
-0.088562
0.048265
-0.052164
-0.089647
0.069967
-0.035455
-0.043541
-0.048717
0.011933
-0.025837
0.073355
0.101651
-0.099221
-0.074300
-0.071206
0.092559
-0.037405
0.029040
0.009454
0.019893
-0.011466
-0.115772
-0.061622
-0.054162
-0.107613
-0.028318
0.079312
-0.004145
0.080272
-0.013095
-0.045530
-0.072130
-0.055913
0.013695
-0.101655
0.013425
0.102981
-0.057305
0.008361
0.064962
0.014527
-0.111449
0.093525
0.114878
-0.096072
-0.048902
0.047562
-0.105775
0.076291
-0.018217
0.054272
0.027670
0.079373
0.049472
0.078805
-0.005034
0.057973
-0.098952
-0.113952
-0.082480
0.011701
0.034391
-0.071984
0.010131
0.037426
0.076165
-0.114642
-0.028798
0.060900
-0.046682
-0.089209
-0.041702
-0.017723
-0.061853
0.043770
0.033060
-0.106590
0.063201
0.092424
-0.011955
-0.052544
-0.055193
0.083098
-0.057162
0.062727
0.068635
-0.108460
-0.089429
-0.112260
-0.011740
0.110311
-0.070235
-0.068526
0.073918
-0.085489
0.072658
0.005004
-0.026528
0.106859
-0.105170
0.099125
0.095204
0.047910
0.044463
-0.079372
-0.080706
-0.093907
-0.020188
0.108019
0.028155
-0.066852
-0.105347
0.115606
-0.100426
-0.020179
-0.016143
-0.117084
0.028015
0.004119
0.028396
-0.049557
0.030037
0.051933
-0.113244
0.099561
-0.104274
-0.041877
-0.059016
0.101722
-0.054447
0.108627
0.024784
-0.082509
-0.076085
-0.111048
-0.088792
-0.045093
-0.041211
0.027193
-0.013090
0.019964
-0.051138
-0.115701
-0.078231
-0.101024
-0.082232
0.114733
-0.089987
-0.043985
0.018222
0.068443
0.009372
-0.114565
0.011974
0.001975
-0.044459
0.054155
0.097744
0.087491
-0.098335
0.025385
-0.105819
-0.089723
-0.064491
-0.091957
-0.016013
-0.037780
0.031073
-0.031297
0.024020
-0.010829
-0.045305
-0.086960
0.076610
-0.107065
0.101016
0.009847
-0.008406
0.113069
0.026374
0.054283
0.074513
0.066640
0.004860
0.065593
0.101228
-0.107869
0.014365
-0.090081
-0.031246
-0.074114
-0.115296
-0.091732
0.025052
-0.036866
-0.072681
0.041300
-0.072906
0.011375
-0.094109
-0.003496
-0.049283
-0.073517
0.088120
0.114403
0.034464
0.006911
0.093568
0.050742
0.104065
0.070515
-0.048090
0.002233
-0.030050
-0.027962
-0.051257
-0.027358
0.108352
0.112679
0.084417
-0.045336
0.028077
-0.098992
-0.002342
0.072062
-0.050529
-0.007962
-0.053019
0.011437
0.042981
-0.062069
0.002538
-0.069416
0.117843
0.113157
0.082453
-0.011790
-0.027250
-0.007003
0.016493
0.101216
-0.027278
0.113097
-0.105908
-0.076107
0.099265
0.051701
-0.024437
0.071151
-0.097232
0.026212
-0.030263
-0.060018
-0.088766
-0.049569
0.069479
-0.055284
-0.009305
0.093462
0.009297
0.013427
-0.064989
-0.115523
0.001248
0.063195
-0.058409
0.060863
0.000363
0.021291
-0.003675
0.095353
-0.032142
-0.117951
-0.083016
0.100099
0.029559
-0.017317
-0.008383
-0.009831
-0.030610
-0.027638
-0.096884
-0.056270
0.051430
-0.033180
0.064513
-0.093495
-0.088632
-0.093821
0.037809
0.007930
0.038478
-0.023201
0.012074
0.000444
-0.074755
-0.064075
0.078672
0.053264
0.022684
0.091438
0.037310
0.008435
0.002523
0.053682
0.090287
-0.089816
-0.049796
0.085361
0.087149
0.031065
0.023580
-0.052773
0.114911
0.017392
0.077074
0.000588
-0.097361
-0.074671
-0.062478
-0.073884
0.094423
-0.080635
0.094734
0.056706
-0.090409
0.065519
-0.038301
0.081243
-0.090880
0.089776
0.117666
0.002214
0.062996
0.018320
-0.023208
-0.094967
-0.114935
-0.014341
-0.037912
0.096278
0.094776
-0.095475
-0.054710
-0.096648
-0.033959
0.029720
0.116937
0.018760
0.064706
0.087228
0.080222
0.085131
-0.057626
-0.037340
0.074596
-0.102404
0.013120
0.003611
-0.014451
-0.082919
0.071031
0.050992
0.106911
-0.036354
-0.112897
-0.060965
0.031805
0.019848
0.093557
0.075527
-0.024863
0.116576
0.042786
0.011371
-0.074125
-0.093354
0.037897
-0.035500
-0.035474
-0.013853
-0.064603
-0.041009
-0.117187
-0.069711
-0.112650
0.102725
0.024611
-0.096531
-0.055052
-0.031008
0.070575
0.032752
-0.086976
-0.030137
0.054855
-0.036613
0.018834
-0.092738
-0.009713
0.096480
-0.088466
-0.046678
0.038774
-0.037464
0.060076
0.093014
0.103471
0.116485
-0.038525
0.086596
-0.006157
0.001401
0.067754
-0.087859
0.075477
0.057945
-0.087062
0.043763
0.019670
0.089082
-0.104937
-0.040641
-0.038641
0.070162
0.034963
0.103309
-0.103320
0.050196
-0.044795
0.111678
0.098929
-0.012147
-0.045678
0.051857
0.033485
-0.115767
-0.041372
-0.094931
-0.099527
0.068430
0.115582
0.004271
0.051488
0.093129
0.028777
-0.012110
0.028950
-0.114753
-0.055028
0.109195
0.084631
0.064199
0.020041
0.088056
0.068653
0.117555
0.112194
0.015918
0.081351
0.100387
-0.054829
-0.118093
0.094958
-0.008753
0.037845
-0.086367
0.080162
0.035908
0.080246
0.063619
0.011896
-0.074006
-0.106613
0.026320
0.031169
-0.001873
0.052494
-0.064439
-0.096903
-0.074710
0.092083
0.038159
-0.031014
0.016452
-0.047016
-0.001479
-0.024444
-0.072553
0.034084
-0.054248
0.011351
-0.058643
-0.043676
0.089568
-0.016067
0.114727
-0.044695
0.038014
0.060402
-0.100547
0.056314
0.055768
0.070162
-0.086051
-0.061286
0.028655
0.074561
-0.088417
-0.017574
-0.030370
-0.103711
0.015873
-0.068444
-0.020350
0.006494
0.016719
0.025422
0.093424
0.100423
-0.090461
0.057382
0.000031
0.087366
0.009050
0.079717
-0.117537
-0.014295
0.102185
0.005902
-0.013969
-0.059699
0.032532
-0.060634
0.044522
0.040652
0.108941
0.062366
0.027901
0.066344
0.093348
-0.053982
0.014332
-0.095765
-0.053932
0.020224
-0.002052
0.008238
0.026742
0.010578
-0.064258
-0.027935
0.045672
-0.016467
0.047929
-0.053175
-0.114955
-0.082340
-0.037288
-0.087139
-0.098322
0.112028
-0.093904
-0.105235
0.098354
0.088088
-0.105054
-0.070197
-0.043282
-0.068975
0.108311
-0.026319
-0.051957
-0.049271
-0.038899
-0.096548
-0.039035
0.063674
-0.082040
0.096831
0.078229
-0.099601
-0.042785
-0.117503
0.003621
0.112939
0.115831
0.071272
-0.028887
0.030775
-0.039801
0.036175
0.073817
-0.090745
0.028748
-0.002245
-0.117704
0.054487
-0.026363
0.070324
-0.023027
0.029361
0.064078
-0.090339
-0.085444
0.070406
0.005989
0.018493
-0.087177
-0.086762
-0.071368
-0.095958
-0.023236
0.095314
-0.083263
-0.052644
-0.076399
-0.074734
0.041114
0.067655
0.066235
0.073689
0.016412
0.007687
-0.041574
-0.078605
0.115572
0.058222
-0.058932
-0.040423
0.034641
0.057680
-0.095794
-0.101148
-0.093991
0.069913
0.095361
0.075409
-0.064941
0.000320
-0.101480
-0.079726
0.078077
0.069250
-0.029810
0.061778
0.023647
-0.069541
-0.055227
0.110322
0.065984
-0.062954
-0.099527
-0.009804
-0.042291
-0.092467
0.103046
-0.066165
-0.025495
0.001333
-0.082371
0.080200
-0.031869
-0.079879
-0.011054
0.028309
0.108317
-0.005376
-0.075505
-0.097991
-0.037593
-0.112029
-0.072644
0.057962
-0.021024
0.020074
0.041468
-0.110464
-0.117206
-0.005260
-0.107222
-0.058310
0.018850
-0.000144
-0.060331
0.023765
-0.097165
0.076548
0.108892
0.026712
-0.047531
-0.026423
0.110571
0.018215
0.028685
-0.033772
-0.025767
0.087196
0.042850
0.084986
0.013343
-0.064523
0.079553
0.065776
0.086102
0.029024
0.083533
0.046596
-0.091177
-0.085798
-0.036932
-0.049311
-0.067699
-0.011994
-0.103586
-0.006274
-0.021814
0.069435
-0.070598
0.006222
0.076578
-0.073204
0.000859
-0.095795
-0.070077
-0.038288
0.114039
0.041403
0.108554
-0.019107
0.012862
0.090904
-0.010317
-0.044644
-0.093816
-0.091834
-0.033653
-0.000707
0.106755
-0.055343
0.011377
0.013811
0.116795
-0.026571
0.034554
0.051560
-0.111616
-0.104947
0.028033
0.084313
0.071491
-0.001857
0.002072
0.115041
0.027156
-0.027285
-0.008782
0.066644
0.088369
0.000124
-0.048460
-0.000391
0.021585
0.062310
-0.038072
0.074451
-0.006506
-0.103336
-0.082599
-0.105717
0.010010
0.102115
0.057796
-0.094963
0.029006
0.090265
0.017563
0.075687
0.109087
-0.003379
-0.080210
0.096767
0.104049
-0.048566
-0.068968
-0.053499
-0.087245
0.019259
0.047507
-0.000465
0.087407
0.115326
0.077229
-0.064076
-0.016611
0.019550
0.073330
-0.026936
0.067776
0.058930
-0.066327
0.064706
0.035155
0.070866
0.097142
0.089303
-0.048802
-0.003157
0.044178
0.101277
0.070014
-0.054032
-0.027668
0.088286
0.116112
0.037155
-0.001720
0.064380
-0.112391
-0.054237
0.010080
0.035320
-0.024594
-0.013415
-0.043468
-0.095128
0.089599
0.062492
-0.068140
-0.032228
-0.089769
-0.022949
-0.036686
-0.091017
0.087688
-0.100344
0.064940
0.056733
0.097296
-0.008384
-0.069772
-0.070987
-0.063218
0.020517
0.011152
0.009390
-0.007556
0.012525
-0.007805
0.105261
0.043140
0.021074
-0.029242
0.044689
-0.055072
-0.052306
-0.096695
0.071001
0.088696
0.036142
0.108132
-0.064227
-0.098636
-0.080932
-0.020969
0.004436
-0.118034
-0.044505
-0.006768
-0.015855
-0.055102
0.103817
0.055302
-0.067681
0.048101
0.053450
0.103279
-0.098227
0.070516
0.066501
0.007816
0.082949
-0.058079
-0.082097
-0.053487
-0.047872
-0.018361
-0.066141
0.040462
-0.010983
0.010549
0.012642
0.015138
-0.093462
0.049922
-0.095890
-0.064029
-0.063157
0.025920
0.021762
0.011115
0.034762
-0.083310
0.111746
-0.072742
-0.013929
-0.035254
-0.017257
-0.025606
0.069696
-0.000797
-0.089412
0.008277
-0.029406
-0.106425
0.023417
0.063072
0.073127
-0.042156
0.094406
0.068688
0.014474
0.011744
-0.070883
-0.109194
0.050776
-0.018801
0.105240
0.107242
-0.062512
-0.036795
0.073099
0.063412
-0.025300
-0.070556
-0.006465
0.076365
0.012298
0.028016
0.104025
-0.093183
0.109944
0.081412
0.019740
-0.073881
-0.064620
0.053940
0.009579
0.053285
0.064186
-0.045992
-0.010075
-0.049738
0.046860
0.029366
0.106935
-0.073118
-0.045210
0.049610
0.048653
-0.104608
-0.097565
0.001660
0.048906
0.011201
0.047072
0.051665
-0.114210
-0.026302
0.093716
0.063791
-0.114748
0.069287
-0.098592
0.117796
-0.096990
-0.054617
-0.016263
-0.082109
-0.074667
-0.071971
-0.021742
-0.067382
-0.106520
-0.014779
-0.069436
-0.036949
0.010332
0.087510
-0.030941
-0.084451
-0.110966
0.059892
0.109876
-0.114904
0.071973
0.004633
0.103844
-0.094628
-0.081781
0.049774
-0.030091
-0.105330
0.059751
0.104320
-0.087400
0.004533
0.092097
-0.070601
-0.081073
0.034866
-0.042387
-0.080065
0.072087
-0.030663
0.030762
-0.034906
-0.038445
-0.002982
-0.071056
-0.091987
-0.087749
0.094830
0.117700
0.004822
0.067908
-0.069229
-0.032196
0.032403
0.058071
0.039225
0.048179
-0.025067
-0.083985
-0.058459
-0.031644
-0.027069
-0.043436
-0.052679
-0.106231
0.082642
0.034068
0.085627
-0.056727
0.019559
0.104298
-0.107919
0.102444
0.048216
-0.008774
0.117773
-0.053343
-0.095487
-0.098147
0.021195
0.001629
0.097063
0.008755
0.005668
-0.032343
0.111280
0.043167
-0.033817
-0.035674
0.110699
0.049791
0.048945
-0.016876
-0.033881
0.039780
0.029623
-0.001772
-0.054382
-0.106967
0.064010
-0.066260
-0.014193
0.078018
0.029165
0.030122
0.063133
-0.020782
0.101426
0.077545
-0.068187
0.065901
-0.007448
0.070916
0.071396
0.102170
0.055524
-0.053583
-0.050541
-0.086696
0.080550
-0.012586
0.073686
0.095832
-0.037009
0.102776
0.007906
-0.010742
-0.008357
0.085469
0.117044
0.061718
-0.060421
-0.042535
-0.099060
0.029651
0.000121
0.050601
0.059930
-0.103302
0.099614
-0.101660
-0.061084
0.004630
0.066992
0.053564
-0.080594
-0.075479
-0.055819
0.094909
-0.089531
0.065654
0.116375
0.083250
-0.098043
0.082929
-0.009701
0.028340
-0.061002
0.096609
-0.029772
0.012015
-0.050278
0.108042
0.023719
-0.041527
-0.047004
-0.110239
-0.115263
-0.108254
0.048342
0.099991
-0.055113
0.078914
0.100604
-0.103323
0.056745
-0.075000
0.014089
-0.068132
0.026954
0.021276
-0.005466
-0.007499
-0.042483
-0.086305
0.066994
-0.023008
0.083529
0.026154
-0.016745
-0.009714
-0.079917
0.060585
0.025803
0.118068
-0.081562
0.000465
0.041743
-0.103276
0.066733
-0.099388
0.077907
0.023985
0.056322
-0.100796
-0.014098
-0.082367
-0.079044
0.096023
-0.025675
-0.099532
-0.005383
-0.084431
-0.077924
-0.059536
-0.082567
0.000202
-0.107411
-0.008557
-0.045206
0.078495
-0.108956
0.020036
0.070656
-0.113496
-0.057149
0.008492
-0.109168
-0.053978
0.052288
-0.041709
-0.037549
0.097885
-0.046071
0.076849
-0.015324
-0.102331
-0.026862
0.068264
0.102991
-0.047501
0.068689
-0.042500
0.058242
-0.015359
-0.091825
0.006790
0.021078
0.019724
0.093195
0.020885
0.039861
0.007664
0.064704
0.014042
-0.049528
-0.096557
-0.059305
-0.020933
-0.066697
-0.008085
-0.012151
0.047976
0.063849
0.025510
0.009146
-0.069485
-0.003259
0.027555
0.109019
0.098141
-0.056788
-0.063736
0.102221
0.112433
-0.043465
0.047015
0.043626
0.015154
0.108930
-0.090592
-0.065622
0.069323
0.094866
-0.020827
0.075566
-0.036911
0.062132
-0.116312
-0.027271
0.005837
0.084467
-0.046307
-0.104466
0.089152
0.079138
-0.046107
-0.031368
0.017333
0.032539
0.092091
-0.064464
0.013900
-0.094563
-0.112179
-0.032357
0.113545
-0.057737
0.061372
-0.104383
0.112276
-0.104241
0.083862
-0.010358
0.054079
-0.116230
0.073897
-0.086570
0.031028
0.091013
-0.058422
-0.056370
0.080964
-0.064595
-0.069552
0.088247
-0.098482
-0.070984
-0.025050
0.040819
-0.093174
-0.026541
-0.061220
0.093947
0.079862
0.026981
0.042858
-0.049108
0.088268
0.022299
-0.108344
0.026935
-0.100667
0.114995
0.057468
0.062743
0.005572
-0.087251
-0.094448
-0.053154
0.005999
-0.048317
0.089992
-0.031050
-0.051681
-0.012629
0.043730
0.083299
-0.028223
-0.092819
0.064745
0.020823
0.058380
-0.024942
-0.077169
-0.058321
0.089545
0.003855
0.047666
0.051915
0.043651
0.054456
0.036697
-0.054291
-0.063321
-0.053200
0.062134
-0.115310
-0.049556
-0.107344
0.079429
-0.083779
0.010466
0.029257
0.028358
0.053814
-0.040477
-0.104202
0.114746
-0.086907
0.057289
0.057685
-0.032826
0.024222
0.034799
-0.038859
0.000004
0.097379
-0.000980
0.111904
-0.008921
-0.084787
0.077420
-0.078981
-0.105915
-0.046164
0.095483
-0.039175
0.021845
-0.091000
0.114596
0.047690
0.050088
-0.097287
0.052789
0.069592
0.027494
0.037933
-0.104824
0.086140
0.068448
-0.011343
-0.067336
0.113826
-0.083829
0.022230
0.013235
-0.086493
0.068383
-0.021500
-0.067060
-0.054302
0.042584
-0.095262
0.020462
-0.043404
0.071847
0.037943
-0.117702
0.077799
0.030989
0.107084
0.059573
0.028713
-0.079644
0.046017
0.100711
-0.074872
-0.064345
-0.037804
-0.039776
-0.113104
0.110257
-0.089035
0.072906
-0.080775
-0.072339
0.106584
-0.042944
-0.088942
-0.020161
0.087323
0.096359
0.024344
0.065806
0.051492
-0.054223
-0.083507
0.023703
-0.111832
0.050249
0.090373
-0.081245
-0.054388
0.042625
-0.016522
0.042167
0.013861
0.099414
-0.017008
0.006970
-0.064702
-0.065267
0.092684
-0.021740
0.019780
0.067867
-0.056921
0.050135
-0.105469
0.108943
-0.036306
0.112654
-0.117616
-0.045940
0.096894
-0.053521
-0.056692
-0.057342
-0.025158
-0.026561
-0.105935
-0.042822
-0.039348
0.099420
-0.028038
-0.053768
-0.021058
-0.046445
0.005411
-0.106564
-0.026007
-0.051574
0.003700
0.029426
0.095976
-0.046781
0.028167
-0.080049
0.021375
0.117251
-0.061476
0.012322
-0.078573
0.052305
0.107377
-0.110440
0.017833
0.095504
-0.041275
-0.049530
0.101099
0.006168
0.053745
0.080613
-0.065290
0.115966
0.032404
0.080931
-0.093184
0.107184
0.114260
-0.014033
0.001112
-0.092520
-0.013612
-0.004495
0.115106
-0.077303
-0.059238
0.064565
0.067480
-0.008219
-0.059143
0.024216
-0.097117
-0.013845
0.014015
-0.041054
-0.003396
0.106589
0.079790
0.105961
-0.108970
0.050623
0.096021
0.022384
0.031764
-0.079188
0.015758
0.101903
0.046637
0.011894
0.086222
-0.096033
0.012043
-0.021816
-0.051414
-0.117734
0.099557
-0.071388
-0.041203
0.102026
-0.072580
-0.104193
0.011524
-0.006924
0.001368
-0.096424
0.016799
0.116469
0.090868
-0.014560
-0.058678
-0.117517
-0.017164
0.115619
-0.096786
0.044131
-0.009106
-0.114240
0.028292
0.016038
-0.087532
0.068624
-0.082930
0.027608
0.084395
-0.010268
-0.029864
-0.095886
0.113563
0.087830
-0.013120
-0.017880
0.043032
0.110352
-0.024513
-0.107492
0.053547
0.117417
-0.013615
-0.040416
-0.116595
-0.065523
0.101125
-0.072583
0.063602
0.014726
-0.107907
0.087810
0.029865
0.113858
0.047969
0.067999
-0.066789
-0.067060
-0.082662
-0.089356
0.010992
-0.112951
0.063314
0.055730
0.008544
0.098781
0.039074
-0.101873
-0.117041
-0.040717
0.024574
-0.046515
0.003627
0.115553
-0.115699
-0.032868
0.084113
-0.074692
-0.082826
-0.091409
-0.010608
-0.032614
0.092765
0.051151
-0.084972
-0.061809
-0.008124
-0.037387
-0.050918
-0.007579
0.064569
-0.033301
-0.117975
0.013171
0.095797
-0.070462
0.062728
-0.034339
0.079730
-0.081642
-0.038965
0.002184
-0.024153
0.049281
-0.040775
0.085790
-0.085664
0.005065
0.049782
-0.058498
0.047256
-0.095199
-0.017241
-0.034081
0.009467
0.074007
0.075826
0.062986
0.101275
-0.039298
-0.008436
-0.089982
0.019225
-0.099736
0.071773
-0.093560
0.051757
0.051253
-0.047110
-0.113428
-0.005592
0.014104
0.089740
0.094828
-0.034382
-0.031383
-0.058876
0.002445
-0.087270
0.077696
-0.106013
-0.088731
-0.048284
0.042797
0.054146
0.105568
0.104207
0.020955
-0.117682
-0.096714
-0.115872
0.090179
-0.070623
-0.070635
0.111154
-0.074061
0.076269
0.112381
0.074506
-0.024192
0.043800
0.028743
-0.078487
-0.056597
-0.064066
0.006856
0.088502
-0.039714
0.102878
-0.043797
0.010725
0.102562
-0.015699
-0.054942
0.064303
0.021500
0.112868
-0.049889
-0.092924
-0.026838
-0.099395
0.109260
0.094523
-0.049006
0.019033
-0.112140
-0.098587
-0.100152
0.114204
-0.047410
0.049513
-0.066239
0.011601
0.061873
-0.098643
-0.042948
-0.032162
-0.045050
-0.044410
0.107876
-0.042346
0.072605
0.079362
0.007380
0.117353
-0.065344
-0.092477
0.020643
0.076074
-0.092688
-0.021510
0.069359
0.087815
0.014498
0.001429
0.101871
0.111687
-0.041543
-0.029942
0.106575
-0.037067
-0.061825
0.042389
-0.076120
-0.084131
-0.086344
0.010044
0.019237
-0.086426
0.048161
-0.073766
0.011978
-0.096406
0.116784
0.050808
0.068663
-0.005777
0.061692
-0.003748
-0.066228
-0.008474
0.088711
-0.012969
0.006059
-0.112596
-0.024479
-0.075126
0.001989
-0.082656
-0.016125
0.070763
-0.031744
-0.116279
-0.010159
-0.058807
0.107643
-0.051437
0.108088
0.086311
0.044341
0.086354
-0.111576
0.104811
0.005644
0.016721
-0.032743
0.111633
0.084008
-0.100902
0.041201
0.093076
-0.019835
-0.080270
0.069937
-0.012684
0.051414
-0.018306
-0.112050
-0.015034
0.065235
-0.071004
-0.016588
-0.060609
-0.090706
0.105422
0.090968
-0.091713
0.114484
0.094931
-0.073301
-0.028196
0.050874
-0.005576
0.017085
-0.114494
-0.011748
-0.094990
-0.070821
-0.097445
-0.116415
-0.054907
-0.076834
0.061601
0.096416
0.045917
0.092388
-0.061776
0.105875
0.071100
-0.009973
-0.070354
-0.062856
0.063549
-0.064212
0.015459
0.104761
0.002842
0.085098
-0.101481
0.080178
-0.009144
0.021382
-0.035005
-0.116238
0.050717
0.095544
0.043235
-0.028370
0.083059
0.090878
-0.063183
0.027830
-0.020264
-0.094489
-0.004279
-0.021198
-0.050864
-0.024861
-0.055291
0.079297
-0.071591
-0.049357
0.028646
0.111177
0.018205
-0.054919
-0.114623
-0.100437
0.073541
-0.022866
-0.102279
-0.054447
-0.025136
0.115251
0.039848
-0.051933
0.112048
-0.092279
-0.075964
0.104569
-0.113498
-0.022704
-0.117566
-0.009089
-0.072242
0.019488
-0.109721
0.020689
0.028420
0.019221
0.061053
-0.011522
0.071230
-0.077540
0.098226
0.007921
0.110716
-0.046100
0.087608
0.007721
0.016716
0.000170
0.081334
-0.085459
0.025865
-0.041293
0.008295
-0.116794
-0.068089
-0.107454
0.013312
-0.067909
0.098486
0.010288
0.060195
-0.065299
0.112489
-0.106903
-0.024591
0.102748
-0.029188
-0.094971
-0.035804
-0.114128
-0.096665
-0.113560
0.040160
0.081100
0.004623
0.010619
0.036253
-0.056062
0.058917
0.038691
-0.068219
-0.069770
0.063232
-0.101159
0.096662
0.044478
-0.036952
0.087646
-0.076977
-0.080143
-0.008053
-0.050653
-0.114673
-0.089427
0.084030
0.039510
-0.060664
-0.005172
-0.068671
0.024527
-0.005059
0.002348
-0.060173
-0.035121
0.113612
-0.098681
0.022799
0.008710
0.071638
-0.028439
-0.005864
0.011521
0.009053
0.014393
0.092356
-0.061708
-0.029230
0.117310
-0.085019
-0.070826
-0.036328
0.102813
-0.113921
0.043466
0.079482
-0.110638
0.013727
-0.088817
-0.043930
-0.111776
0.000395
-0.064591
-0.022354
-0.036455
0.077641
-0.024450
-0.095207
-0.036496
0.031106
-0.034383
-0.034080
-0.054123
-0.028190
-0.058308
-0.016607
0.048577
-0.051842
-0.036833
0.022291
-0.024843
-0.042493
0.003898
-0.117828
-0.087571
-0.042959
0.025139
0.071598
0.065093
0.070243
0.032457
0.010103
0.054699
0.072170
-0.055877
-0.060531
-0.018463
0.009612
-0.091008
-0.062214
-0.005318
-0.087357
-0.064522
-0.032979
0.000932
0.108540
-0.092766
0.025826
0.023538
0.010397
-0.033129
0.006311
-0.031451
-0.100900
-0.029407
0.047420
-0.007514
0.039717
-0.094430
-0.070606
0.037264
-0.009884
0.047355
-0.101201
-0.063019
0.052610
-0.002778
-0.015710
-0.060058
-0.069991
-0.056644
-0.075703
-0.070964
-0.044643
0.022123
0.044235
-0.104180
-0.113520
-0.095423
-0.030522
-0.040350
0.030312
0.116574
-0.054934
-0.033471
-0.005945
-0.070965
-0.095930
0.021371
0.048539
0.011144
-0.012977
0.055327
0.051930
-0.117159
0.031578
-0.064491
-0.109002
0.068148
0.000473
0.086923
-0.074684
-0.060985
-0.053350
-0.003687
-0.100571
0.058393
0.011591
0.110458
-0.079794
-0.077634
-0.039174
-0.073351
0.102067
-0.081841
-0.031810
0.067719
-0.097772
0.007845
0.027615
0.004182
0.054316
0.100468
0.052534
-0.111673
0.082337
0.071547
0.072050
-0.116000
0.072519
-0.102492
-0.065021
0.104849
-0.047299
-0.046501
0.038306
0.041203
-0.022261
0.109443
-0.006918
-0.028027
-0.110496
0.056984
-0.025003
-0.055831
0.103132
-0.046300
0.048909
0.019806
0.073014
-0.033050
0.071555
-0.052805
-0.092451
0.093552
0.079033
0.035164
0.078263
-0.071258
0.026078
0.021990
0.071906
-0.020821
0.055971
-0.037639
-0.013416
0.066562
-0.045634
-0.005799
