0.056255
-0.089900
0.107459
-0.052190
-0.111968
0.098589
-0.025793
-0.074905
-0.093213
-0.073596
0.090844
0.050368
-0.069698
0.033546
0.090443
0.071720
-0.021879
-0.098449
-0.038230
-0.062202
0.111458
0.016656
0.043356
-0.101357
0.110683
0.045461
0.043400
-0.018157
-0.100508
-0.081661
-0.103587
0.006884
0.103941
-0.072481
0.101403
-0.026191
0.058112
0.025459
-0.077311
-0.057120
-0.072675
-0.058044
-0.023821
-0.009771
0.031016
-0.080308
-0.080197
0.052162
0.009577
-0.100359
0.058127
-0.078499
-0.101945
-0.026662
-0.112568
-0.004697
0.044364
0.034434
-0.088273
0.106579
0.006421
0.076531
-0.038488
-0.002032
0.015070
-0.099527
0.030776
0.107346
0.090597
-0.046618
0.016478
0.008680
0.036535
-0.067422
0.101751
0.071537
0.024531
-0.090729
-0.069238
0.007185
0.034437
-0.087134
0.072810
-0.064968
0.092754
-0.018154
0.076081
-0.074213
0.100115
-0.090506
-0.066889
0.001424
-0.085289
-0.059278
-0.053640
-0.108186
-0.078453
-0.045088
-0.056767
-0.056318
-0.044524
-0.019462
0.102124
-0.061802
-0.013225
0.108650
-0.057495
-0.040599
0.048749
0.004028
0.116167
0.084218
0.000025
0.035989
0.032466
0.091174
-0.079475
0.073213
-0.038772
-0.087471
0.057513
0.080987
-0.009377
-0.023860
0.044368
-0.090171
0.025723
-0.062584
-0.014606
0.021000
-0.005726
0.013711
0.109472
0.078517
-0.061443
-0.112412
0.058354
0.094582
0.059358
-0.036082
-0.095344
0.032724
-0.034893
-0.067505
-0.103695
-0.086413
-0.068577
-0.066532
0.080148
-0.075410
-0.042198
-0.080957
-0.103784
-0.064939
-0.005327
0.028041
0.102882
0.013096
-0.091833
0.027214
-0.084803
0.038091
0.079217
0.020028
-0.008377
0.098395
-0.103350
0.100684
-0.019979
0.054952
-0.054418
0.023572
-0.104763
-0.035572
-0.012403
0.091153
0.085334
0.078779
-0.019243
0.029504
0.007291
-0.018346
0.090405
0.063171
0.059819
-0.104676
-0.034551
0.110570
-0.001672
0.030723
-0.045359
0.023207
-0.016197
-0.086501
-0.084204
0.001160
-0.016129
0.075069
0.025178
0.115814
0.050748
-0.066069
-0.084156
-0.019917
-0.027316
0.022267
-0.048512
-0.052356
-0.083753
0.078787
-0.021906
-0.051733
0.108581
0.106671
-0.056076
0.086373
0.027177
-0.045430
-0.092528
-0.055019
0.113060
-0.000993
-0.003339
0.057301
-0.107587
0.014449
0.074000
-0.022186
-0.000217
0.050484
-0.007603
0.011402
-0.036599
0.007858
0.081616
-0.051892
-0.060952
-0.109016
-0.104959
-0.052474
0.053265
0.067140
-0.108929
0.032548
-0.084499
-0.078059
0.017514
-0.114893
-0.067586
0.014814
0.025610
0.024176
-0.020697
-0.025511
0.020297
-0.110859
-0.075571
-0.090294
-0.105528
-0.064248
0.011754
0.089561
-0.008270
0.028677
0.076532
0.023576
-0.025858
0.046476
0.032275
0.085402
0.065213
0.011181
0.107534
0.072388
0.012260
0.063170
0.041707
-0.018042
-0.111096
-0.106320
0.041161
-0.016835
-0.001324
-0.010321
-0.066258
0.097716
0.073452
0.078242
0.062206
-0.004201
0.012609
0.118086
0.027053
-0.027587
-0.005862
-0.045047
-0.117295
-0.009217
-0.014239
0.074095
0.077992
-0.079332
0.010429
0.087090
0.102407
-0.057417
0.036403
0.022690
-0.020098
-0.054862
0.096032
-0.101846
-0.045797
0.002662
0.052846
-0.107186
-0.103178
-0.066472
0.112983
0.079587
0.002332
0.107857
-0.104917
-0.094441
-0.098689
-0.031102
0.104820
0.117125
0.002748
0.106681
0.054070
0.036714
-0.005750
0.114512
0.021764
0.058413
0.033479
-0.024887
0.086870
0.031385
-0.076487
0.105594
0.037286
-0.062406
-0.040523
-0.026301
-0.003923
-0.095721
-0.064250
0.048889
0.036445
-0.043212
-0.003040
0.097311
-0.058527
0.051710
-0.103819
-0.097830
0.079408
0.066476
-0.013685
-0.031874
-0.031166
0.099487
-0.056047
-0.026042
0.033696
-0.096801
-0.078827
0.033818
0.089835
-0.027924
0.037446
-0.042047
0.025247
-0.102805
0.030790
-0.036546
0.104262
0.048319
0.040745
-0.052463
-0.103818
-0.052618
0.017474
0.000121
-0.082272
0.066670
0.034304
0.077555
0.109868
0.094298
-0.052326
-0.049625
-0.033069
0.103983
-0.066012
-0.088161
-0.012743
-0.095695
0.052537
0.035004
-0.031734
-0.057487
0.054236
-0.052039
0.057911
-0.052295
-0.091341
0.069418
0.022895
-0.083646
-0.016182
0.082814
0.110958
0.086890
0.087554
-0.112534
0.103828
-0.018371
0.009830
-0.062371
0.097995
-0.013137
-0.072085
0.091622
-0.116704
-0.040225
0.052105
-0.027497
0.057730
0.037612
0.046643
-0.066398
0.001209
0.061606
-0.007527
0.049246
-0.103336
-0.070782
0.076834
0.089426
0.100683
-0.031013
0.061666
0.051027
-0.057152
0.067428
0.116286
0.080745
-0.104424
0.018706
-0.092233
0.077277
-0.113365
0.032460
-0.069670
0.108045
-0.057830
0.075672
0.024112
-0.107524
0.088385
0.100520
0.068561
0.039368
0.060770
0.088085
0.041385
0.105599
-0.089621
0.099588
-0.018163
-0.077632
0.034664
0.033041
0.038102
-0.019243
-0.050113
-0.084450
0.033703
0.096452
0.008826
-0.027163
-0.075450
-0.031654
-0.026083
0.024593
-0.115029
0.074919
-0.074254
0.071190
-0.000988
0.053233
-0.000253
0.073798
0.056231
0.019383
0.044700
0.053360
0.071516
-0.007636
-0.008800
-0.081825
0.085035
0.004888
-0.061261
-0.057185
-0.025737
0.081358
0.108364
-0.050978
0.037496
0.054850
0.050033
-0.009812
0.076241
-0.116829
-0.094150
-0.080262
-0.098143
-0.085723
0.000880
0.037604
-0.087828
0.040363
0.039977
-0.004704
0.048548
0.067104
-0.040593
0.050337
0.098743
0.034800
0.050528
0.013550
0.097195
-0.007086
0.117725
-0.060418
0.093664
-0.108517
0.116055
0.061590
0.000923
-0.088886
0.052277
0.050001
-0.096960
0.038433
0.037771
-0.017589
0.023030
-0.082058
0.023773
-0.078084
-0.054306
0.023242
0.073418
-0.002294
0.056321
-0.066989
-0.085373
0.043229
0.105311
0.081540
-0.021284
0.026687
-0.083059
0.008818
0.109344
-0.108602
-0.092302
0.007110
0.014050
0.039049
-0.080547
0.062689
0.114940
0.078286
0.078560
0.091281
-0.104809
0.113638
0.060866
-0.105103
-0.104539
-0.109851
-0.007196
0.049633
-0.075896
0.084704
0.077154
0.070927
-0.043121
0.099557
0.023755
-0.047970
0.011786
-0.015048
0.030878
0.098235
0.113549
-0.058817
0.029505
-0.049285
-0.023812
0.094844
-0.076169
-0.080961
0.076794
0.105835
-0.067556
-0.041007
0.114160
-0.060373
0.000995
-0.045131
0.057949
-0.030930
-0.008857
-0.057653
0.100504
-0.067165
0.076669
-0.057729
-0.079083
0.024705
0.060080
-0.100359
-0.115785
0.099963
-0.097371
-0.014667
-0.084367
0.104731
-0.008402
0.005306
-0.110036
-0.007445
-0.112634
-0.102117
-0.031830
0.037363
0.016747
-0.115984
0.078820
0.013222
0.055957
-0.113677
0.059875
-0.041560
-0.005492
-0.083452
-0.029917
-0.029181
0.079816
-0.043689
-0.044428
-0.042715
0.053130
-0.110453
0.029948
0.046786
-0.117072
0.104695
-0.049420
0.098975
-0.068345
-0.059439
-0.030574
-0.086907
0.116938
-0.084217
-0.084497
-0.016119
-0.072183
-0.063616
0.102275
-0.089026
0.005912
-0.025510
0.112918
0.111507
0.103874
0.072959
0.082902
-0.033003
-0.032777
-0.000386
-0.058772
-0.027091
0.082779
0.052057
-0.060127
-0.082240
0.100124
-0.030014
0.078465
-0.014133
0.005395
0.064047
0.036391
-0.105844
0.079943
0.079587
-0.060544
-0.006319
0.077442
-0.103213
0.103387
0.103124
-0.023767
0.056598
-0.077772
0.033682
0.070881
-0.107429
-0.018896
0.029560
-0.070035
0.115445
-0.043381
-0.001552
-0.093775
0.038860
-0.028811
-0.024014
0.091893
0.063117
-0.053503
0.007720
-0.021120
-0.016882
0.070231
-0.002632
0.060527
-0.037517
0.003779
0.085194
0.111119
-0.053682
0.023191
0.058666
0.002274
-0.100031
-0.012505
0.067110
-0.107872
0.095396
-0.079719
0.078836
-0.009984
-0.022827
0.096805
-0.059917
-0.036695
-0.001868
-0.058293
-0.024658
-0.096302
0.110353
-0.063622
0.011450
0.043654
-0.008298
-0.015823
-0.040493
0.110478
0.083801
-0.028977
-0.059548
0.020325
-0.039999
-0.055433
-0.116249
0.003309
-0.092700
0.014849
0.075952
0.074798
-0.071279
-0.063772
-0.021201
0.114945
-0.002778
-0.095768
-0.107122
-0.100851
-0.045211
0.006784
0.023730
0.076271
-0.052474
-0.082039
0.060353
-0.084501
0.027958
-0.095965
-0.070935
0.080346
-0.073323
0.017014
0.076797
-0.093573
0.012482
0.022703
-0.059995
-0.010075
-0.094079
-0.090467
-0.032815
-0.083456
-0.056836
0.054079
-0.019048
-0.073640
0.105090
0.057255
-0.051632
0.007700
0.104973
0.000110
-0.109694
-0.025283
-0.106874
-0.047469
0.052993
0.115426
0.097262
-0.051630
0.064110
0.105046
-0.099913
-0.026660
-0.058218
0.105893
-0.063264
-0.061682
0.036926
-0.043594
-0.074684
0.048659
0.077071
-0.005274
0.074213
0.036565
0.053458
-0.054354
-0.090788
-0.061761
-0.078515
-0.066532
0.075709
-0.032744
-0.034887
-0.066841
0.115472
0.064815
-0.108164
-0.112581
0.052269
-0.117601
-0.068858
-0.033840
0.070342
0.015586
-0.093121
0.045921
0.085033
0.116512
-0.064890
-0.109398
-0.043143
-0.074451
-0.042697
0.040405
0.078735
0.085121
0.102991
0.014066
-0.049311
-0.021873
-0.117503
-0.086544
-0.089118
0.047606
-0.028631
0.032049
-0.000243
0.069194
0.078976
-0.077750
0.091814
0.036527
-0.106944
0.085613
0.027003
-0.010934
0.023721
0.056879
-0.059274
-0.051685
0.035389
-0.057366
-0.040907
-0.097919
0.007055
-0.113715
-0.081698
-0.021384
0.091757
0.020094
0.112884
-0.083885
-0.057977
0.058506
0.005169
-0.014021
-0.012701
-0.053160
-0.074566
-0.081752
-0.117669
0.063432
-0.078053
-0.027429
0.017517
-0.045363
-0.114982
0.018542
0.064514
-0.112475
-0.062428
0.066027
0.078843
-0.094979
-0.093284
-0.059933
-0.106919
-0.032474
0.038654
-0.003187
-0.043106
0.001106
0.016171
0.108880
0.116889
0.014872
0.008620
-0.101298
0.103040
0.025250
-0.044207
-0.102817
-0.035785
-0.113038
0.097342
0.079745
0.084616
-0.075438
0.057016
0.103193
0.103908
-0.063111
-0.040390
-0.059485
0.054871
-0.019250
0.102690
0.074967
-0.050189
-0.111988
0.027749
-0.083313
0.016225
0.044418
0.021431
0.054526
-0.069042
-0.084055
-0.006629
0.001752
0.061138
-0.100056
0.085746
-0.024778
0.091799
0.015421
-0.053441
-0.004594
0.108590
-0.064390
-0.075428
0.095135
0.113192
-0.000857
0.030051
-0.021244
-0.026262
-0.072099
-0.072349
-0.044863
-0.066869
0.090208
-0.012627
-0.061941
-0.101783
0.071453
0.038195
-0.037863
-0.064912
0.050112
-0.005511
0.010177
-0.072321
0.106335
-0.003463
-0.105992
-0.011324
-0.040128
0.074206
-0.000272
-0.045410
0.008269
0.065151
0.063235
-0.022571
-0.082776
0.049048
-0.069004
-0.001083
0.013477
-0.104313
0.006685
0.043904
-0.021000
0.027753
-0.117926
0.102136
-0.111843
0.054495
0.048344
-0.090617
-0.026641
-0.096854
-0.000560
-0.012070
-0.045619
-0.043587
0.064102
0.113158
0.013882
0.039422
-0.044366
0.010477
0.010051
-0.112479
0.040429
-0.063824
0.062663
-0.011882
-0.038117
0.003466
-0.108477
0.084093
-0.017326
-0.043373
-0.064859
-0.066362
0.016269
-0.106308
0.060477
-0.019873
0.031464
-0.049208
0.047241
-0.078569
-0.084494
-0.022170
0.072373
-0.110269
0.111532
0.099505
-0.092734
0.117940
-0.005713
-0.029496
0.061041
0.093747
-0.018258
-0.080698
-0.093372
0.009070
0.108161
0.058320
0.081721
0.043851
-0.111025
0.110883
0.110900
0.113594
0.016050
0.084565
0.063937
-0.030150
0.089269
-0.049975
0.019340
0.109298
-0.049865
-0.115260
0.042631
-0.027848
-0.033517
0.009570
0.051473
-0.031580
0.069878
-0.070920
0.003460
-0.022597
0.054413
-0.012737
0.088615
0.018969
-0.040567
0.094331
0.085115
-0.104679
0.093266
0.023700
0.026026
0.036460
-0.102324
-0.054530
-0.116568
0.003901
-0.033130
0.003332
0.006999
-0.040743
0.101617
-0.115102
-0.073201
-0.102428
0.006187
0.033339
0.018580
0.033377
0.017346
0.103644
0.086231
-0.020879
-0.092239
0.074428
-0.034146
-0.088202
-0.106570
0.025297
0.085639
-0.059115
0.040927
-0.115364
0.038811
0.037000
0.061789
0.100988
-0.043665
0.029630
-0.041145
0.069320
0.060546
-0.056837
-0.006857
0.028974
-0.005053
0.113340
-0.086364
-0.005203
0.088447
-0.093107
-0.104327
-0.036400
0.020481
-0.029419
0.086978
0.018839
0.065727
0.045311
0.008029
0.064562
-0.096261
-0.003129
0.113323
0.075498
0.107793
0.063419
-0.035909
-0.105259
0.116653
-0.005063
0.078612
-0.075769
0.065399
0.035339
0.038002
0.075420
-0.116279
-0.085239
-0.065072
-0.040237
-0.053610
-0.014003
0.046116
-0.067702
-0.037360
0.085974
-0.055037
-0.007520
-0.073051
0.116530
-0.062735
-0.013666
0.092144
-0.075475
0.105198
-0.086283
-0.063653
0.092277
0.069325
-0.082166
0.058295
0.040017
-0.035943
0.101984
0.058871
-0.038113
-0.016146
0.052161
0.046413
-0.046138
0.061326
0.030874
-0.025496
0.081107
-0.024077
0.051395
0.065832
0.023938
-0.018567
-0.088637
0.064541
0.074417
0.090637
0.066931
-0.013900
-0.051441
-0.044964
-0.108922
0.009891
-0.015189
-0.060211
-0.008340
0.076576
0.036416
0.031539
0.014688
0.090257
-0.040214
-0.082477
0.096876
0.053089
0.104156
0.065136
-0.099558
-0.103887
-0.039376
0.001778
0.078210
-0.051620
0.008372
-0.040773
-0.048652
-0.012252
-0.077696
0.021330
0.117020
0.088301
-0.088798
-0.065450
0.045860
0.002321
-0.026860
0.115485
-0.074867
0.098294
-0.013761
-0.095974
-0.045388
0.098870
-0.100738
-0.038807
-0.112279
-0.077759
0.016224
0.079590
-0.017102
0.105121
0.017248
0.034824
-0.013973
0.060144
0.040138
0.060398
0.080692
0.002634
-0.080110
0.038143
0.015640
0.060034
-0.112642
-0.052731
-0.065336
0.032191
-0.046899
0.034183
-0.059819
0.007646
0.050746
-0.030743
-0.037254
0.000188
-0.005382
-0.014733
-0.001106
0.055787
-0.115376
-0.057462
0.059783
0.032651
-0.103750
0.094715
-0.030217
-0.107165
-0.023550
-0.069762
0.092604
-0.084695
-0.083238
0.088227
0.108221
0.062397
-0.020766
-0.078206
-0.049558
-0.061041
0.053320
0.053347
0.105571
-0.115725
-0.002529
-0.030869
0.080371
-0.061764
-0.086141
-0.019123
0.082161
0.054612
-0.062697
0.020459
-0.056761
0.007154
0.072262
0.029246
0.034454
0.107476
0.078176
0.065700
-0.102831
0.075821
-0.001350
-0.092991
-0.086958
0.093952
0.106739
0.103816
0.051133
0.060675
0.046442
0.087351
-0.056322
0.057618
0.116498
-0.083433
0.073143
0.058051
0.040925
0.077478
-0.015085
0.065001
0.013630
-0.008506
-0.065304
-0.019621
0.098340
0.009373
0.107420
-0.050836
-0.078364
-0.085935
0.004256
-0.063077
0.096957
0.095653
0.089232
-0.038480
-0.008387
0.039734
-0.062123
0.076307
0.091122
0.066121
-0.095833
-0.103465
0.058929
-0.077235
0.055979
0.004388
-0.064649
0.037184
0.036875
0.005028
-0.076463
-0.062635
-0.101572
-0.025912
-0.000144
0.001200
-0.064895
-0.107207
0.069002
0.021201
-0.047335
-0.090912
-0.073842
-0.091673
-0.044880
0.007604
-0.034525
0.012408
0.068189
-0.107336
-0.111137
0.087590
0.024806
0.079123
-0.107525
-0.090155
0.058497
-0.116223
-0.043794
-0.008604
0.107896
0.094088
0.105951
-0.043509
-0.031112
0.060711
-0.000457
0.049945
0.115313
0.057954
-0.005945
-0.028732
-0.065538
0.052403
-0.083179
-0.085128
0.093860
0.082541
-0.003139
0.076409
-0.048560
-0.056656
0.021435
0.116186
-0.088371
0.060425
0.002755
-0.107643
-0.071270
-0.033886
0.039811
-0.114242
-0.098216
-0.022286
0.097911
0.085039
0.029242
-0.015997
0.038948
0.077777
-0.076443
0.054435
0.011702
0.034023
-0.042470
-0.102374
-0.064399
0.015581
-0.034257
0.052801
-0.104229
0.018243
-0.080317
-0.048864
-0.026525
-0.099196
0.076491
0.052744
0.053103
-0.054208
0.109736
0.096640
0.057257
0.083646
-0.076493
0.094041
0.033696
0.049416
-0.012688
-0.039953
-0.047880
-0.064856
-0.069772
0.109432
0.001941
0.009808
-0.109136
0.052957
0.103699
0.106285
0.026047
0.035994
0.117624
-0.084405
-0.069386
-0.033841
0.110706
-0.109514
-0.106606
-0.011755
0.115333
-0.025843
-0.066713
0.059918
-0.087428
0.063861
-0.110649
-0.047597
-0.077954
0.000156
-0.117296
0.114140
0.100378
-0.110792
0.071469
-0.103561
-0.041927
0.047064
0.102175
-0.014847
0.010774
0.018649
0.062800
-0.040964
-0.106601
0.059749
-0.069879
-0.061351
0.010569
-0.057929
-0.110871
-0.096186
-0.055338
0.012380
0.050157
-0.100446
-0.104786
-0.084456
0.079564
-0.005073
0.078174
-0.069823
0.066157
0.048448
-0.073200
-0.022402
0.060069
0.085374
0.084524
-0.044519
0.015747
-0.058359
0.064912
0.098391
-0.078041
-0.067652
0.070007
-0.050401
-0.109288
-0.056761
-0.007583
0.031844
0.045271
-0.091159
0.089594
0.000414
0.028305
0.117369
-0.037418
-0.059805
0.069689
-0.079607
0.017590
-0.102397
0.024321
0.088946
-0.095687
0.068714
0.092773
-0.028688
-0.106173
-0.028170
-0.009810
-0.025498
0.093392
0.026624
0.098184
0.096474
-0.002372
-0.073708
0.105679
-0.049237
0.083812
0.116771
-0.066423
0.041103
0.054074
0.034164
0.088378
-0.008182
-0.116829
0.067499
-0.078972
-0.044199
0.078082
0.047655
-0.105566
-0.056138
0.107599
-0.046766
0.034324
-0.016417
0.071449
0.030806
0.053576
0.042171
0.076352
0.083279
-0.024591
0.034770
-0.109549
-0.110185
-0.017741
0.005712
-0.088727
0.011319
0.033884
-0.082751
0.070635
0.041387
-0.014999
0.045928
0.030496
0.112452
-0.069305
0.084482
-0.081899
-0.082769
-0.000207
-0.106156
0.033353
0.111469
0.055871
0.013912
0.032031
-0.044564
0.111717
0.023802
-0.005581
-0.092565
0.048403
0.096362
0.114370
-0.114294
-0.114971
-0.096776
0.095665
-0.099560
0.085685
0.009507
0.113684
0.110769
0.065097
0.089012
-0.044688
0.101596
-0.036981
0.094315
-0.035804
0.018365
0.054036
-0.098666
-0.115587
-0.041622
0.083954
0.037446
0.035343
-0.073948
-0.117876
-0.012987
0.027055
0.067782
0.115242
0.027475
-0.037124
0.079625
0.064416
0.015955
0.104266
0.101257
0.034299
0.079659
-0.047367
0.008144
-0.003213
0.008412
-0.016513
-0.034172
0.081379
0.004059
-0.068421
0.069227
0.074379
-0.061641
0.110882
0.058502
-0.062201
0.062358
-0.110851
0.084546
0.044230
0.008644
0.054669
0.101241
-0.111760
-0.080619
0.017115
0.022576
-0.015124
0.025431
-0.037867
0.044126
-0.056586
-0.029908
0.029434
-0.071663
0.088793
0.011520
-0.002994
0.057171
-0.005793
0.027343
0.036633
0.009241
-0.102471
-0.011014
-0.033300
0.007793
-0.096673
-0.111593
-0.106772
-0.055768
-0.035040
0.079510
0.060147
0.008500
-0.028049
0.013855
-0.016083
0.092288
0.084180
-0.025895
0.004259
-0.058189
-0.044016
0.075049
-0.087816
-0.108161
0.047968
0.113951
-0.017442
0.093678
0.049504
0.047594
0.062430
0.076364
-0.071660
0.080105
-0.091916
0.102750
-0.043486
0.089088
-0.059704
-0.000765
0.029143
-0.093453
-0.074267
0.058223
-0.092041
-0.011348
0.111116
-0.103152
-0.086223
-0.008386
0.073016
-0.052315
0.080458
-0.064687
-0.070429
0.065141
-0.015428
0.076064
0.055842
-0.022015
-0.077874
-0.098169
-0.102388
0.110006
-0.094093
-0.045767
0.113250
-0.032748
0.073097
0.072093
-0.009295
-0.051660
0.022657
0.080756
-0.073519
0.058701
0.088046
-0.025721
0.047210
0.020623
-0.037045
-0.115225
0.043718
0.102849
-0.009412
0.056710
0.020435
0.021338
-0.103514
0.025341
-0.061115
0.051462
-0.097688
0.027984
-0.087715
-0.026205
-0.018944
-0.019954
-0.000043
0.061083
0.003309
0.029611
0.099892
-0.060608
-0.109119
-0.076365
-0.115534
0.093111
0.070416
0.029558
-0.105799
0.031550
-0.073830
-0.041028
-0.114915
0.031964
0.016477
0.023605
-0.063710
-0.076209
0.081472
0.000883
-0.025115
0.030400
-0.004775
0.040715
0.099777
0.072012
-0.039255
0.000246
-0.053302
-0.009971
0.030432
-0.082083
0.042796
-0.068936
-0.064329
0.047335
-0.095403
0.012026
0.096418
0.051062
0.112268
-0.030934
0.007987
-0.050922
-0.109444
0.085803
0.112457
0.036677
0.117283
-0.007890
0.093985
-0.113087
-0.041104
0.072975
-0.062475
0.054059
-0.088097
-0.107221
-0.017113
0.058565
-0.095117
0.003610
0.056057
-0.041337
-0.115815
-0.034117
-0.101558
0.078352
0.003848
0.020067
0.091177
-0.107530
0.025405
-0.077820
0.019679
-0.068683
-0.053706
0.004246
0.043883
-0.026923
0.007501
-0.008701
-0.063775
0.013701
0.020052
0.020966
0.005332
-0.006944
-0.117952
0.024062
-0.023946
0.109343
-0.035715
0.074435
0.037234
0.026914
0.067443
-0.117163
0.057793
-0.035000
0.054068
0.046667
0.076980
-0.087878
0.023474
0.110818
0.006517
0.001782
-0.102510
0.098664
-0.063607
0.021776
-0.004130
-0.116838
0.097744
-0.050411
-0.045481
-0.101632
0.062126
-0.115549
-0.087439
0.072662
-0.048044
0.036719
0.073482
-0.062354
0.048241
-0.095630
0.101978
0.101168
-0.069190
-0.046864
0.059845
-0.037792
-0.099361
0.092902
0.031227
0.064161
0.027233
0.047746
0.008526
0.068135
0.039278
-0.113899
-0.109346
-0.048379
0.016854
0.067221
0.060225
-0.003178
0.022146
0.012069
-0.114125
-0.043181
-0.115957
0.045912
-0.072507
-0.013709
-0.116962
0.001753
0.088486
0.080395
0.002775
0.060256
0.071305
-0.089571
-0.100075
-0.059622
-0.000073
0.082256
0.092963
-0.055704
-0.017830
0.105798
0.064521
0.001056
0.020744
-0.103553
0.006994
-0.015251
-0.047601
-0.017583
0.049182
-0.045010
0.051029
0.056268
-0.004010
0.061211
-0.103123
-0.069165
0.025594
0.060190
-0.082713
0.012420
0.093985
-0.085562
0.084602
0.013141
0.012543
-0.079344
0.097622
0.100646
0.089613
-0.038311
-0.076183
-0.111819
0.006260
0.089719
0.044602
-0.111056
-0.102134
-0.002556
-0.048092
0.056065
-0.068665
0.113470
-0.103477
0.009452
0.080252
-0.039930
0.030527
0.014306
-0.099822
0.057458
-0.014521
-0.107235
-0.106614
0.003559
0.081409
-0.087369
0.030326
0.049972
0.109599
0.106998
-0.042278
0.006518
-0.036082
-0.023928
0.079857
-0.114769
0.073662
-0.077760
-0.107914
-0.012729
0.105397
0.042840
-0.062293
-0.061812
0.003781
0.116088
0.068280
-0.099536
-0.008316
0.052587
-0.089859
-0.003815
0.047130
0.103873
0.044551
0.049214
-0.033270
0.064694
0.028142
-0.029872
0.045009
0.087531
0.006522
0.069778
-0.051451
-0.011308
0.042213
0.117559
0.026049
0.048683
0.073322
0.092010
0.098101
0.067072
-0.041048
-0.039196
-0.031979
-0.088432
0.074859
0.060309
-0.074833
-0.078143
-0.049258
-0.048700
-0.101495
0.082620
0.072371
-0.025154
0.032686
-0.004822
-0.070675
-0.046806
0.068003
-0.046547
0.041338
0.111457
0.001242
0.092674
0.002389
-0.098878
0.025109
0.090881
0.102242
0.035287
-0.042857
-0.030982
-0.024508
-0.002055
0.067531
0.083726
-0.049098
-0.042612
0.029861
0.114768
0.106144
0.078064
-0.060881
-0.047791
0.063534
0.064153
-0.029121
0.103533
0.014309
-0.085350
-0.036080
0.084375
0.046448
-0.115934
-0.001084
-0.069672
0.028385
0.034154
0.023643
0.087173
-0.062688
0.111217
-0.043410
-0.079323
-0.021557
0.098442
0.089175
0.037362
-0.065892
0.065287
-0.070600
0.047727
0.011378
0.035261
-0.006601
-0.101990
0.069343
0.051564
0.053510
0.037499
0.006597
0.113120
0.075058
0.050923
0.017445
-0.041174
0.027872
-0.011546
0.106822
-0.102015
0.020610
-0.051082
0.062470
0.037540
-0.081761
-0.017603
-0.087047
0.060195
0.000217
0.074044
-0.066631
0.100424
0.030549
-0.084151
-0.021624
-0.022001
-0.075123
-0.046212
0.086053
0.115787
0.062174
-0.026793
0.032145
-0.041047
0.102440
-0.060117
-0.074808
0.080004
-0.102167
-0.067829
-0.005070
-0.098623
0.026168
-0.110406
-0.005931
0.116502
-0.049521
-0.006304
-0.078087
-0.034731
-0.108369
-0.036648
-0.019083
-0.055292
-0.095477
-0.076444
-0.067274
0.034711
0.062627
-0.059241
-0.030016
-0.022748
0.099806
0.109373
0.078621
-0.006831
0.113687
-0.043477
-0.073045
-0.073451
-0.036329
0.057265
0.049717
-0.030497
0.062203
-0.098236
-0.075211
-0.062573
-0.067726
0.080397
-0.002842
0.111009
0.082530
0.048515
0.011763
0.104013
-0.003936
0.010693
-0.028389
-0.019216
-0.110629
-0.039114
-0.104778
0.096779
-0.104472
-0.018400
-0.000026
-0.003361
0.057391
-0.076368
0.021704
-0.038559
0.080070
-0.071433
-0.109565
-0.106710
0.080250
0.052265
0.047548
0.008402
-0.097131
-0.019602
-0.010710
0.105128
-0.072226
0.107178
-0.030176
-0.051293
0.020799
0.083054
-0.110509
-0.078916
0.087411
-0.073505
0.028958
-0.060070
0.041618
0.033817
-0.096535
-0.106886
-0.115824
0.040936
0.080715
-0.035796
-0.102660
0.070182
0.020722
0.011548
0.077302
-0.107867
0.018059
-0.095034
0.015849
-0.072993
-0.006890
0.012742
-0.090425
-0.052879
0.072752
-0.092950
0.063553
-0.116853
0.072552
-0.106191
0.007767
-0.012624
-0.045487
-0.046154
-0.059055
-0.004362
0.049718
-0.003789
0.097221
-0.022870
-0.095165
0.075883
-0.102735
-0.019097
-0.062807
-0.027512
-0.088724
-0.103361
-0.024416
-0.092522
0.074713
-0.060132
0.032191
0.016489
-0.002556
-0.090488
0.041285
0.003295
0.116337
-0.103959
-0.006511
-0.033638
0.112772
-0.056630
-0.019135
-0.076266
-0.108078
0.071897
0.062696
-0.062005
0.079946
-0.034122
-0.043195
0.069304
0.098012
0.020729
-0.007857
-0.060118
0.113858
0.031541
-0.037902
-0.095206
-0.002277
-0.081356
0.091855
-0.028571
0.040585
0.110054
0.022640
-0.045975
-0.057161
0.082676
-0.080186
0.001630
0.102227
-0.061489
0.111131
0.071495
0.083028
-0.030282
-0.071370
0.006301
0.039690
0.039601
0.041275
0.036298
0.111430
-0.021118
-0.047536
0.066980
0.076382
-0.005788
-0.098738
0.034008
-0.017432
0.099805
0.054034
-0.065130
-0.034466
-0.041179
0.115944
-0.004037
-0.072039
-0.044643
0.070162
0.073669
0.105656
0.089430
0.101611
-0.040706
0.105811
-0.014372
-0.065344
0.083024
0.063506
-0.070738
0.001586
-0.073548
0.068171
0.077557
-0.048145
-0.006136
-0.036565
0.067286
-0.073120
0.046778
0.034280
-0.085907
-0.085034
-0.098147
-0.003029
0.098714
0.077251
0.078739
-0.024754
0.012361
0.085787
0.110879
-0.033390
-0.042887
-0.021163
-0.083214
0.105459
-0.001265
0.002999
-0.083212
0.000506
-0.073365
-0.066635
0.102749
0.113299
0.084070
-0.019865
0.052822
0.014855
0.016223
0.062373
0.069370
0.085465
0.018256
-0.062605
-0.082489
-0.116294
-0.111213
-0.069692
-0.001931
-0.040603
-0.109441
0.083856
-0.074127
0.059142
0.057293
0.116205
-0.046483
-0.053423
-0.031059
-0.025046
0.002033
-0.042758
0.063318
-0.073549
0.098877
0.007064
0.007335
-0.041605
0.107264
0.026582
-0.070723
0.103472
-0.070818
-0.064377
-0.080456
0.103039
-0.011269
-0.108604
-0.034757
0.078576
-0.081160
0.059440
0.048631
-0.026488
-0.083021
-0.086985
-0.041614
0.014140
-0.117690
0.008629
-0.106907
-0.096494
0.111041
0.055060
0.102570
0.062074
0.050388
0.059043
0.065672
-0.053382
0.116536
-0.049266
0.006502
-0.012451
-0.099519
0.064431
-0.061615
-0.087453
-0.082336
0.092899
0.031395
-0.026267
-0.027421
-0.054699
-0.013343
-0.114376
-0.077363
-0.109759
-0.073257
-0.117811
0.106311
0.047715
0.047799
-0.114902
-0.012726
-0.032309
-0.092526
0.058227
0.020718
-0.080902
0.062612
-0.014033
-0.051989
-0.044244
-0.000542
-0.090315
-0.109824
0.044544
-0.061146
0.075626
-0.106858
-0.033795
0.065087
-0.072188
0.002198
0.044211
-0.045247
-0.004432
0.024502
-0.048297
0.088706
0.001043
0.091714
0.096809
-0.110400
-0.100934
-0.031127
0.038801
0.011513
0.092271
0.029611
0.035672
0.072242
-0.076255
0.077711
0.053286
0.083668
0.034384
0.088447
-0.107078
-0.018524
-0.090710
0.082400
0.063199
-0.025261
0.096468
0.002355
0.090646
-0.004239
-0.115381
0.058779
0.102204
-0.028397
0.058099
-0.094304
0.004460
0.066958
0.089879
0.050423
-0.054876
0.011600
0.060977
-0.080235
-0.015255
-0.017908
0.106243
-0.079096
0.089709
0.062096
-0.042479
0.031801
0.098447
-0.023985
0.027718
0.043108
-0.058954
0.047118
0.061881
0.001510
0.070764
-0.096847
0.094977
-0.029192
0.027595
-0.032570
-0.114400
-0.112317
0.025944
0.077663
0.039386
0.034428
-0.115906
0.093057
-0.071876
-0.002362
-0.017363
-0.027388
0.109273
-0.028516
0.084873
0.013995
0.031865
-0.060330
0.088433
0.071731
0.020184
-0.051903
-0.014678
0.050357
-0.033445
0.014484
0.064063
-0.055517
0.091001
0.040386
0.102064
-0.106469
0.070271
-0.004223
-0.094190
0.042019
0.109450
0.099329
0.011444
-0.078092
0.048468
0.102810
0.041130
0.045406
0.032843
0.024420
-0.027543
0.117463
0.106242
-0.086286
-0.014923
0.084387
0.079655
-0.041346
0.007127
-0.077932
0.084887
-0.013425
-0.016108
-0.110613
-0.075368
0.031306
0.062651
0.051214
-0.020963
-0.082752
-0.013921
0.044528
-0.079398
0.055364
0.034645
-0.034923
0.063096
0.002884
0.102224
0.048106
-0.029767
-0.003875
0.092852
0.021547
-0.115557
0.071982
-0.028263
0.017092
0.092919
-0.045969
-0.067294
-0.087569
0.083679
0.025471
-0.107946
-0.029938
-0.049461
-0.069707
-0.090941
0.062691
0.076271
-0.063169
-0.108496
0.052812
-0.030039
0.078693
-0.077850
0.053519
0.005094
-0.004576
-0.092501
-0.023802
-0.011742
0.088911
0.074660
-0.109590
-0.032784
0.032239
-0.003903
-0.067206
-0.092814
0.057125
-0.089104
0.036933
-0.095611
0.092544
-0.003125
0.102863
-0.044142
-0.043419
-0.043739
-0.078476
-0.041920
0.038593
0.015232
-0.044864
-0.023652
-0.112021
-0.062302
0.091002
-0.117367
-0.117847
-0.097089
0.092059
0.112909
-0.063145
0.083226
-0.041836
-0.065783
-0.026024
-0.092426
-0.106223
-0.061194
-0.105687
0.118007
0.037765
0.077626
-0.038263
-0.090676
-0.064129
0.086064
-0.044441
0.056283
0.090972
0.109110
0.051912
0.118004
0.036521
0.045146
-0.044410
-0.061924
-0.087461
0.068465
-0.105285
-0.046243
0.048543
0.035585
0.022626
-0.080084
0.081830
0.099710
-0.067677
0.062037
0.006871
-0.111681
0.109489
-0.079957
0.015439
0.071768
-0.004365
-0.068788
0.041679
-0.108238
-0.010419
0.108285
0.063867
0.098118
0.043254
-0.085966
-0.055162
0.088375
-0.029293
0.002222
0.002206
-0.036450
0.042457
-0.006350
-0.052990
0.095211
0.059138
-0.049294
0.005430
0.010580
-0.098256
-0.092610
0.028111
-0.064652
-0.069246
-0.007762
0.030816
0.112874
0.092712
-0.076751
0.031534
-0.048236
0.009326
-0.002548
0.032226
0.112515
-0.034091
0.011227
0.112295
0.099169
-0.054221
-0.078943
0.098171
-0.060182
0.095368
0.084792
0.028300
0.021026
-0.112310
0.054784
-0.051697
-0.021588
0.024350
-0.040839
0.017115
-0.076908
-0.059932
-0.000540
-0.112498
-0.105031
0.097463
0.055801
0.060791
0.094961
-0.011033
-0.024597
-0.034850
-0.110196
-0.101905
-0.062931
0.077285
-0.095102
-0.033491
-0.030066
0.108384
-0.011722
0.117715
-0.091793
-0.073027
-0.082260
-0.030776
0.063708
-0.048013
0.001371
0.021513
0.076768
-0.010820
0.108350
0.008090
-0.072069
0.083487
-0.028062
0.045275
-0.012787
0.095040
-0.080449
0.050480
0.086307
0.104669
0.060254
0.083148
-0.048709
-0.054987
0.084368
0.080798
-0.031707
0.057749
0.050791
0.081736
0.113156
-0.030372
0.006798
-0.006522
0.006398
0.100441
0.022474
-0.022700
0.083022
-0.014150
0.052622
-0.040099
-0.053467
-0.087424
-0.001079
0.069099
-0.037016
0.091494
0.035216
0.013935
0.061368
-0.117595
0.050314
0.101063
0.111367
0.039592
-0.036812
0.063280
0.082482
-0.004221
-0.071832
-0.042215
-0.010909
0.081495
-0.059197
-0.074479
-0.110428
0.092692
0.023854
-0.100515
-0.022873
0.086631
-0.033198
0.020481
-0.074538
-0.041377
0.099095
-0.058528
0.047355
0.037853
0.069843
0.090480
0.056958
-0.024821
0.013627
0.002575
0.104124
-0.055079
0.073173
0.074899
-0.016574
-0.021257
0.044741
0.111927
-0.060657
0.029402
-0.034765
-0.053398
0.075940
0.117952
-0.042950
0.078691
-0.019661
-0.044576
-0.030112
0.071695
0.114081
-0.108254
-0.101897
-0.098522
0.081370
-0.000387
-0.070309
-0.092611
-0.102422
0.010335
-0.097511
0.083271
-0.013399
0.035203
0.067382
0.009648
0.003234
-0.081593
-0.019795
-0.063474
-0.015639
0.000502
-0.015409
-0.102406
-0.086061
-0.117375
0.078910
-0.031540
-0.049114
-0.069961
-0.005112
0.033099
-0.069988
-0.087136
-0.044568
-0.097816
0.069713
-0.070367
0.043120
-0.000894
-0.046573
-0.059781
-0.096705
0.069767
0.112360
-0.028378
0.077109
-0.050928
-0.024291
0.066290
-0.039400
-0.086226
0.117037
0.100740
0.094488
0.030579
-0.047822
0.023923
-0.013029
0.034250
0.024990
-0.042724
0.035462
-0.111406
-0.038318
0.103180
0.082840
0.063406
0.009469
0.047964
0.023716
0.043248
-0.052211
0.048863
-0.105243
-0.004611
-0.103273
0.021100
0.106996
0.050106
-0.017731
0.115498
0.005946
0.052988
0.003503
-0.112285
0.082585
-0.019175
0.030134
-0.013510
0.053004
0.000091
-0.066497
0.094414
0.107740
-0.003375
-0.070083
0.100254
0.061986
0.106418
-0.009676
0.101259
-0.070666
-0.088368
0.051940
0.000205
-0.010890
-0.012969
0.071839
0.027112
0.036920
-0.069274
-0.025345
0.013835
-0.028129
0.076155
0.102600
0.102537
0.104164
-0.003680
0.116078
-0.050605
-0.036752
0.016020
0.104085
-0.011696
0.014173
0.061594
0.084688
-0.010043
-0.071682
0.117075
0.022571
-0.004550
0.077423
-0.101101
0.107019
0.084879
0.030948
0.034097
0.043779
-0.041945
-0.084450
-0.052235
0.041294
0.079684
-0.097127
0.086232
-0.085652
-0.026419
0.061455
-0.047201
-0.106546
-0.018364
-0.088679
-0.105882
-0.099165
-0.003512
0.046006
0.050208
0.000038
0.029246
0.050021
-0.069711
0.044593
0.004839
0.020782
0.022755
0.092796
0.047133
0.091060
-0.042668
0.037583
0.085650
-0.084982
0.036992
-0.116056
0.011940
0.029491
-0.038982
0.117333
-0.070747
-0.004867
0.073581
0.085689
-0.081866
-0.024334
0.022507
-0.110708
0.055190
-0.005101
0.093009
0.100004
0.003618
-0.050093
0.079745
-0.034602
-0.112627
-0.074910
0.093507
-0.113833
0.021118
-0.001337
0.061858
-0.091692
0.110263
0.050023
-0.060125
-0.001171
-0.109539
0.114921
0.003217
0.099325
-0.032245
0.005253
-0.023590
0.102097
-0.003007
-0.027627
0.049508
-0.009525
-0.005127
0.064445
-0.012218
0.089416
-0.114310
-0.076289
0.064359
0.013164
-0.113842
-0.067727
0.111483
0.002857
-0.085107
0.028914
-0.001030
-0.071338
0.087249
-0.026014
-0.094611
-0.100433
0.047986
0.057599
-0.090808
0.009907
-0.104981
-0.057308
-0.006549
-0.001142
0.013439
0.009261
-0.036996
-0.094251
-0.081534
-0.000387
0.022872
-0.024595
-0.008312
0.099361
0.054919
-0.071686
-0.105164
0.052862
-0.036458
-0.049715
0.047230
-0.090495
-0.118074
-0.009277
-0.011110
-0.095566
0.021414
0.021046
0.034766
-0.117278
0.050763
0.108664
0.045698
0.050362
-0.105001
-0.052391
0.072978
-0.072925
-0.081883
-0.079650
0.002744
-0.062196
-0.110462
-0.042488
-0.069725
-0.072782
-0.061495
0.102345
0.092024
0.078187
0.067393
0.069931
0.065796
-0.038292
0.107899
-0.074395
0.116905
0.076924
-0.042175
-0.011599
-0.113742
-0.093590
-0.100801
0.070662
0.081628
0.018228
0.019721
-0.034643
0.055112
-0.061619
0.051494
-0.034805
0.071967
0.076099
0.025823
0.100799
0.059942
0.046348
-0.051507
0.053948
0.110763
0.002255
0.002336
0.020524
0.095209
0.098263
0.100737
-0.025829
-0.042807
0.050703
0.000462
0.038833
-0.024042
-0.025630
0.006225
-0.020780
0.115357
0.028995
0.020993
-0.088018
-0.016665
-0.057124
0.067350
-0.095267
0.069047
-0.098342
0.023750
-0.058303
-0.107359
0.009547
0.029642
-0.005436
-0.051041
-0.107812
0.049220
-0.012658
0.034545
0.046994
-0.078585
-0.000845
-0.057277
0.047610
0.103709
0.047602
0.085175
0.003927
0.038566
0.077495
-0.082280
0.087883
0.115458
0.075424
-0.047188
-0.003331
0.107185
-0.101936
0.055837
0.034024
0.086383
-0.007993
-0.078390
0.018572
-0.025036
-0.000084
0.114818
0.051884
0.049815
0.047820
-0.060958
-0.043353
-0.116510
-0.041759
-0.073218
-0.006006
-0.016433
0.097323
-0.057463
0.098414
0.074528
-0.032955
-0.062382
-0.010981
-0.081462
0.005422
-0.089421
-0.098001
0.060868
0.115362
-0.081645
-0.028297
-0.011786
0.096739
-0.113179
-0.029286
-0.067028
0.027884
-0.079049
0.004422
-0.066871
-0.079173
-0.069363
-0.023872
0.013399
0.044041
0.013687
0.011093
-0.060324
-0.111686
-0.070779
0.021900
0.087067
0.043650
0.036588
-0.106403
-0.052170
0.063219
-0.049086
0.094554
0.051134
0.068790
-0.070489
-0.113989
-0.102583
-0.042123
-0.043290
0.033920
0.036575
-0.020513
-0.023790
-0.077769
0.044394
0.044217
0.039575
-0.004635
-0.072802
-0.111404
0.032243
-0.020693
0.053928
0.032847
0.029479
0.077216
-0.058314
0.061786
0.094948
-0.037626
-0.098103
-0.106404
0.110077
-0.027281
0.085850
-0.017628
-0.032236
-0.025622
-0.032046
-0.115957
0.054558
0.033909
-0.102913
-0.100649
0.016858
0.026405
0.000246
0.098008
-0.112479
-0.020840
-0.024403
-0.017327
0.091041
-0.096373
0.076672
0.110318
-0.045563
0.033672
0.090554
0.001106
0.071393
-0.075221
0.047300
-0.085220
0.051620
-0.099972
0.095147
0.002201
0.067847
-0.018204
-0.087530
-0.025535
-0.091675
-0.085757
-0.000073
0.047561
-0.055984
0.012964
0.025996
0.090766
-0.026645
-0.051382
0.055858
0.081018
0.072987
0.073714
0.068406
-0.113298
-0.012224
-0.023401
-0.039110
-0.005708
0.081126
-0.086844
-0.017477
-0.012515
0.109824
0.103072
0.062640
-0.115190
-0.102426
-0.046464
0.017435
-0.105075
0.077549
-0.106767
-0.108014
0.008165
0.055196
0.035719
-0.071179
-0.074425
-0.033160
0.073001
-0.005496
-0.075839
-0.104918
0.031824
0.104175
0.095874
-0.076446
-0.044376
-0.028114
0.092153
0.017736
-0.026735
-0.051134
0.019081
-0.104700
0.065661
-0.090535
-0.024433
-0.050641
0.100844
-0.116483
-0.000613
0.019713
0.054777
0.043062
0.001193
-0.099865
0.021158
-0.106791
-0.109156
-0.058229
0.074593
0.049615
0.005861
0.033847
0.044130
0.004030
0.091431
-0.063884
0.032468
0.115368
-0.017590
-0.083729
-0.014083
0.071326
0.070722
0.001079
0.044451
0.007274
0.113358
-0.086832
-0.018506
0.003083
0.048943
0.038625
0.112720
0.051423
0.096271
0.021400
0.057088
-0.079773
-0.029653
0.107818
0.070015
0.046811
-0.044789
0.109651
-0.068847
-0.036858
-0.102749
0.094356
-0.061719
-0.104613
0.106654
0.057501
-0.020579
-0.067674
0.058031
-0.021474
0.040599
0.053628
0.106057
0.007440
-0.061182
0.085710
0.103692
-0.008199
-0.111708
0.064954
-0.039114
-0.000700
0.044064
-0.035029
-0.039539
-0.005226
-0.002446
-0.051967
-0.034368
-0.001924
-0.067241
-0.072430
0.075508
0.049989
-0.004598
0.059584
-0.097747
0.057568
0.034944
-0.034326
-0.086205
0.044511
0.062710
0.055766
-0.082830
0.069489
-0.116164
0.001696
0.008682
0.105166
0.053933
-0.115859
-0.041855
0.053086
0.059786
-0.073848
0.037304
0.064145
0.111888
0.026053
0.098531
0.007045
-0.101751
-0.008199
0.069884
-0.012908
-0.103857
0.028872
-0.073371
0.113581
-0.107249
0.006234
0.030743
0.044613
0.115906
0.080107
0.069571
-0.056756
0.026540
0.073521
0.029056
0.091765
-0.028683
-0.077330
-0.081521
0.046820
-0.107963
0.019052
0.077737
0.019467
-0.000296
-0.024350
0.096001
0.062328
0.078887
-0.076566
-0.114379
-0.106315
-0.042091
0.059333
0.104200
-0.018461
0.113484
-0.112694
0.104823
-0.094235
0.012347
-0.058331
0.050956
-0.029306
-0.020937
-0.088414
-0.017949
0.009698
-0.105940
-0.095361
-0.035753
-0.050895
-0.025910
0.111109
0.019091
-0.087873
-0.039349
-0.068950
0.104580
-0.103797
0.054946
-0.032971
0.050193
-0.099707
0.108888
0.113522
-0.027666
-0.083841
-0.104491
0.107511
-0.080354
0.096999
-0.052307
0.108480
0.034885
-0.038966
0.054571
0.011115
0.033250
-0.025785
-0.104013
0.027650
-0.035552
0.039129
-0.117998
-0.044712
-0.044037
-0.081514
0.100836
0.055358
-0.060874
0.078416
0.017180
0.094238
0.090761
-0.026008
-0.052002
0.098311
0.103497
-0.070499
-0.101156
-0.000687
-0.111053
0.083181
0.068982
-0.062725
-0.109001
0.038433
-0.095682
0.001418
-0.027765
0.012351
0.103496
-0.064103
-0.014414
-0.062571
-0.037026
0.024047
0.010873
-0.106541
0.033667
0.111476
-0.070233
0.058438
-0.011988
-0.084650
-0.010657
-0.072533
-0.021997
0.059424
0.089280
-0.100555
0.036306
-0.057106
-0.018111
0.036441
0.068789
0.030930
0.102187
0.097497
0.111999
0.022241
-0.084621
-0.092495
-0.074581
0.115357
0.036829
0.020413
-0.111566
-0.060433
0.005305
-0.053856
0.095790
0.013130
-0.013398
0.047265
-0.112935
-0.007285
0.040936
0.008822
0.042345
0.114822
-0.081812
-0.042152
0.069307
0.020023
-0.085001
-0.048341
-0.070018
-0.094620
0.008005
-0.036436
0.031270
0.047490
-0.023080
-0.091762
-0.033373
0.055108
-0.112044
0.075418
0.003598
0.080765
-0.056304
-0.027868
-0.046100
0.023718
0.106154
0.087385
-0.067999
0.095259
-0.013833
-0.025333
-0.037529
0.011111
-0.098036
-0.076403
-0.060311
0.047806
-0.042986
-0.069465
-0.087801
-0.104321
-0.005900
0.017159
-0.096721
-0.039780
0.036572
-0.080726
-0.053011
-0.063268
-0.024632
0.072923
0.089746
0.051869
0.016192
0.059243
-0.082804
0.077778
-0.025259
-0.115237
-0.034777
0.030752
0.060007
-0.076645
-0.021967
0.017354
-0.043718
-0.020160
-0.049144
0.117206
-0.078495
-0.046114
-0.093317
0.114385
0.083690
0.050354
0.091934
-0.101562
-0.116119
-0.093240
-0.034932
-0.083341
-0.000089
0.097667
-0.086739
-0.097013
-0.106898
0.019215
0.032207
0.115342
-0.112602
0.057760
0.111295
-0.116897
-0.080716
-0.058471
-0.034840
0.041915
0.070825
0.075364
-0.058420
0.116947
-0.070216
-0.113537
-0.045990
0.054697
0.074794
0.089052
0.021295
-0.028570
0.010339
0.052361
0.049653
0.073073
0.034399
-0.068803
0.057075
0.084736
-0.007095
0.080406
0.028458
-0.073008
0.008104
-0.081492
-0.035149
-0.088170
0.070820
0.102783
0.070070
0.086565
0.054493
0.105192
-0.017937
0.056093
0.019075
0.100897
0.117453
0.054594
-0.114329
0.081779
0.060337
0.105964
0.103260
0.029622
-0.021748
0.105898
0.101620
-0.017472
-0.054777
