0.015482
0.097914
-0.014517
-0.108589
-0.091562
-0.079236
0.078582
-0.097874
-0.097404
0.001125
0.114207
0.014832
0.005553
-0.110868
-0.053769
0.016271
0.034365
-0.020227
0.033430
0.096360
0.045306
0.037330
-0.027422
0.069476
0.099525
-0.062659
0.088354
0.004635
0.103500
0.012866
-0.081041
-0.063463
-0.003270
0.008390
-0.000125
0.108228
-0.038236
0.041235
-0.098401
0.020630
0.067773
-0.100027
-0.050822
0.020438
0.009935
0.033679
-0.027176
-0.088357
0.016573
-0.112920
-0.021201
-0.061713
0.040128
-0.011560
0.047333
0.006882
-0.072870
-0.056998
-0.003726
-0.106178
0.011357
-0.093562
-0.041846
0.100164
0.071497
0.046921
0.106868
0.010757
-0.113290
0.022172
0.024813
0.052047
-0.110440
-0.104355
0.055217
-0.102531
-0.092380
0.089289
-0.036987
0.015233
0.076095
-0.009057
-0.100995
0.054412
0.112262
-0.051726
-0.099623
-0.022298
0.023000
-0.105386
0.074290
0.068263
-0.059336
0.030978
-0.080312
0.018260
0.032706
-0.115560
-0.014538
-0.055475
0.006967
0.084047
-0.031596
0.034793
-0.108848
-0.070885
0.006151
0.077795
0.051126
0.086468
0.096617
0.031494
-0.012741
0.069276
-0.070458
0.079539
0.068648
-0.090875
0.050855
-0.084970
0.036075
-0.103258
-0.055321
0.056978
-0.088392
0.055264
-0.066828
-0.061860
-0.090678
0.077276
-0.025490
-0.082106
-0.081258
-0.115319
-0.046068
-0.085970
-0.009161
-0.098654
-0.060521
0.045346
0.094629
-0.036349
0.045510
-0.067321
-0.004667
-0.100187
-0.015831
0.051535
0.006246
0.054029
-0.017889
0.094817
0.033946
-0.075132
-0.012114
0.056129
-0.099729
-0.099156
0.103588
0.081572
0.052529
0.038631
-0.105710
-0.056530
-0.021724
0.033324
0.039046
-0.109168
-0.041854
0.043581
0.001660
0.071150
0.018402
-0.016965
0.082595
0.095019
0.093902
0.115865
-0.077100
0.075442
0.043172
0.111682
-0.078281
0.020190
0.026341
0.111318
-0.031047
0.072538
0.116277
-0.094470
-0.094875
0.059324
-0.111539
0.095284
0.093998
0.029224
0.111185
0.028760
-0.054703
-0.118427
-0.004812
0.074984
-0.067686
-0.032454
-0.077573
-0.073849
-0.043655
-0.056261
-0.060412
-0.100910
0.000449
-0.094017
0.096469
-0.007282
-0.114596
-0.030093
-0.105922
0.038557
0.078146
-0.067936
-0.042376
-0.036299
0.022350
0.076947
-0.092486
-0.038760
0.110593
-0.068046
-0.013615
-0.060108
0.000681
-0.075506
-0.080644
-0.044513
-0.026269
-0.100295
0.042223
0.011061
-0.043891
-0.084999
-0.028737
-0.087094
-0.005659
-0.066094
0.070672
-0.094291
-0.035983
-0.092273
0.025171
0.038225
0.035549
-0.071343
-0.037394
0.049142
-0.107377
-0.042806
0.077018
0.072416
0.089650
0.018983
0.091587
-0.112745
0.058386
-0.115863
-0.078520
0.005673
0.119042
-0.119112
-0.034070
-0.091914
-0.112617
0.032515
0.050281
-0.112803
0.032067
0.022946
0.079216
-0.056970
0.054129
-0.109857
-0.066451
0.075371
0.067690
-0.057728
0.048757
-0.013242
0.050870
-0.087718
0.077542
-0.078549
0.045103
-0.039754
0.114859
0.059303
-0.022548
0.032924
-0.072845
-0.077289
0.112717
-0.007676
-0.079038
0.030394
0.092114
-0.066587
-0.115498
0.010827
-0.082081
0.083247
0.006670
-0.035745
0.036041
-0.068782
-0.074608
-0.004646
-0.007341
0.001096
-0.065751
-0.037908
-0.036447
-0.070920
0.020963
-0.115546
-0.092228
0.005647
0.058507
0.074870
0.064897
-0.086766
-0.094111
-0.015464
-0.054217
-0.031795
0.013954
-0.085092
0.038074
-0.059183
0.094517
-0.068964
-0.095535
-0.034577
0.030243
-0.111500
-0.116337
0.102426
-0.044490
0.092378
-0.008844
0.000631
0.116874
0.003881
-0.001206
-0.065336
0.061298
0.036197
-0.059123
-0.072818
0.085961
0.057804
0.010864
-0.014504
0.069795
0.047618
-0.048699
0.068525
-0.012709
-0.058539
0.001251
-0.013585
0.026812
-0.086452
0.048335
0.013967
-0.023788
-0.040697
-0.024163
-0.109740
0.067083
0.043915
0.013068
-0.067695
0.062686
0.022055
-0.115892
0.033575
-0.075673
0.024733
0.082692
-0.009028
0.022750
-0.105844
0.057895
-0.080920
0.025323
0.086978
0.061207
-0.073545
0.081063
-0.071226
-0.059915
-0.102291
0.061229
-0.025531
0.117633
0.118949
0.106653
0.091181
0.112097
0.013401
0.085204
0.018684
0.004699
0.048603
-0.081911
0.056837
0.011519
-0.092297
0.076206
-0.056555
-0.005354
-0.029209
0.010917
0.053165
-0.084470
-0.068860
0.031260
0.073919
-0.052792
0.006130
0.082465
-0.095485
0.103923
0.005307
-0.103165
-0.023223
-0.056675
0.027752
-0.074671
0.030518
0.002358
-0.077908
0.023287
-0.102513
-0.045947
-0.003919
0.095542
-0.054239
0.117030
-0.013479
-0.072948
0.017116
-0.066260
0.021231
0.011713
-0.073392
0.094939
-0.064606
-0.064698
0.090559
-0.010557
-0.007744
-0.088351
0.067031
-0.084238
0.071970
0.016766
-0.055027
0.076464
0.103105
0.069958
0.109374
-0.023903
-0.070213
-0.094277
0.079350
0.105895
-0.064109
-0.082811
-0.079796
-0.090834
-0.100794
0.051956
0.037514
-0.115596
0.075677
-0.016185
-0.116998
-0.036792
0.036207
-0.034484
-0.021900
-0.006859
0.056618
-0.097023
-0.065205
0.089646
0.018872
-0.038709
0.098995
0.081713
0.061203
0.033901
-0.078207
0.033806
-0.010391
0.108223
-0.031843
0.064022
0.043157
0.104152
0.069476
-0.071549
0.059588
0.021346
0.085637
0.086642
0.114484
-0.053538
-0.020023
-0.107184
0.092051
-0.094889
-0.077829
-0.007013
-0.101651
-0.085707
0.003813
-0.042247
-0.085523
-0.041648
-0.006731
0.001122
-0.076859
-0.067847
-0.108669
0.081241
0.116738
0.028464
0.081552
0.047505
0.009869
0.101757
-0.008151
0.096054
-0.080013
0.070035
0.017093
-0.058779
0.041305
0.087938
0.094760
0.044027
-0.041976
-0.075786
0.008460
-0.105724
0.005861
0.069652
-0.049046
-0.079220
0.109677
0.073602
0.072398
0.058675
0.104189
0.091553
0.023715
-0.052601
-0.032175
-0.015636
-0.012474
-0.114593
-0.012601
0.003342
0.115824
-0.014420
0.018049
0.053282
0.042068
-0.041397
-0.051085
-0.052215
-0.015761
0.019282
-0.013129
-0.045473
0.002138
0.084485
-0.017262
0.003665
-0.101913
-0.051383
-0.060441
0.041565
0.090445
0.096351
-0.106246
-0.040362
0.085164
-0.114608
0.025451
-0.109902
-0.089138
-0.106421
-0.089472
0.050558
0.062295
-0.050301
0.033576
-0.015789
-0.047141
-0.032605
0.054970
-0.086348
0.106515
0.012391
0.007845
-0.051209
0.077886
0.014016
0.061562
0.036003
0.074743
-0.108456
-0.026068
-0.061814
0.012232
-0.029045
-0.093283
-0.075987
0.103462
0.058154
-0.011502
-0.055420
-0.086589
-0.099499
0.067230
0.004096
0.044416
-0.067250
0.068743
-0.067152
0.055154
-0.047024
0.115207
0.026695
0.041709
0.059768
0.021732
0.086854
-0.031560
-0.091995
-0.049847
0.117582
0.100628
-0.098134
0.038392
0.091249
-0.098985
0.023198
0.115647
-0.004355
-0.039815
-0.115251
0.025223
-0.069654
-0.078063
-0.033676
0.078150
-0.000578
-0.064782
0.106743
-0.069349
0.059975
0.038645
-0.061974
0.008514
0.045484
-0.113262
-0.098492
-0.033872
0.098484
-0.106188
-0.018699
0.109552
0.072782
-0.044513
-0.094927
-0.094429
0.107874
-0.081878
-0.076171
-0.092385
0.072592
0.036807
0.095777
-0.027741
0.062906
0.003355
-0.084247
0.086738
0.033797
-0.016384
-0.039831
-0.060365
-0.037386
0.044613
0.050753
-0.023487
-0.019561
-0.063801
-0.103702
-0.105350
-0.060915
0.028768
0.003991
0.077256
0.117961
-0.040440
-0.018972
0.047287
-0.096190
-0.020166
-0.035298
-0.114782
0.099015
0.004911
0.038436
-0.037389
0.010095
0.117173
0.072355
-0.114137
0.024560
0.076570
-0.051116
0.091977
0.071317
0.088423
-0.030590
-0.001199
-0.099897
-0.050455
0.107888
-0.005655
-0.056103
0.000199
0.104360
-0.029574
0.007953
-0.043404
-0.027310
0.086361
-0.081533
-0.002509
0.037093
-0.094253
0.030772
-0.110181
0.111499
0.085575
0.110278
0.058162
0.042731
0.108975
-0.032597
0.089939
-0.035035
0.024779
-0.051179
-0.098802
0.027029
-0.041624
0.112511
-0.078662
0.070529
-0.112530
-0.033187
-0.038617
0.096959
-0.112951
-0.098674
-0.052148
-0.098414
0.098893
-0.039840
-0.002659
-0.065978
0.011375
-0.010244
-0.025205
0.100948
0.014799
0.059736
-0.011540
-0.111777
0.113967
0.024323
-0.020418
-0.108081
-0.013716
-0.090038
-0.056197
0.017596
-0.118029
0.030222
0.115228
-0.029947
0.038678
0.090481
0.086678
0.092201
-0.063267
-0.053707
-0.066664
0.043563
0.036082
-0.044536
0.021532
0.090876
0.005028
-0.013699
-0.063267
0.065546
0.109464
-0.100918
-0.011401
-0.074688
-0.073355
0.063753
0.096848
0.073434
-0.061936
0.042732
0.009964
-0.008799
-0.002404
0.058140
-0.052665
0.087290
-0.116625
0.033115
0.090731
0.099956
-0.030252
-0.031597
-0.002588
-0.032761
-0.016418
0.003275
-0.015166
0.114070
0.101086
0.093187
0.071893
-0.074994
-0.042417
0.088274
-0.023152
0.021152
0.044285
-0.026087
0.055081
-0.013300
0.085780
0.090358
0.118164
0.039318
-0.046919
-0.089355
-0.114141
0.064054
-0.006258
-0.072407
0.063979
0.013500
0.082631
0.012904
-0.075213
0.077316
0.106648
0.108597
0.068306
-0.089626
-0.054422
0.095012
0.088498
0.105001
-0.084228
-0.045735
-0.112424
0.101524
0.012542
-0.029016
0.000785
-0.015830
0.025106
0.052665
-0.026768
-0.021238
0.031514
-0.078385
-0.099952
0.006423
-0.007466
-0.047915
-0.067324
0.054752
0.102289
0.013554
0.039914
0.034874
-0.032142
-0.010199
-0.055054
0.020784
0.086807
0.028946
-0.018431
0.063358
0.039783
0.070633
0.040875
0.069480
0.079674
0.042923
0.037794
-0.100405
-0.093210
-0.067317
-0.110280
0.076703
-0.062207
0.019570
-0.107401
0.101861
-0.034518
-0.075512
-0.111939
-0.029204
0.114758
-0.068916
-0.022807
-0.055992
-0.035413
-0.051348
-0.053967
-0.079023
0.035431
0.081222
0.104776
0.075564
-0.048064
-0.026836
0.068999
-0.038456
0.094259
0.072764
0.110634
-0.108428
0.114850
0.036726
-0.048668
0.071574
-0.060411
0.082224
-0.047906
-0.000306
-0.050605
0.032693
0.078246
-0.003903
-0.061920
0.058847
-0.066503
0.065915
0.005455
0.078652
-0.045232
0.033034
0.021616
-0.017701
0.116910
-0.061452
0.051276
0.005764
-0.024843
-0.084962
0.094802
-0.003247
-0.102823
0.007123
0.001143
0.039554
0.090499
-0.100957
-0.013347
0.028364
0.113609
0.104432
0.057531
0.075897
-0.057413
0.062892
-0.057861
0.102734
0.082437
0.055781
0.114116
0.036678
0.097480
-0.015938
0.076658
0.029031
-0.077510
0.016572
0.042077
-0.077654
-0.096946
0.074757
0.042374
0.087463
0.058763
0.079052
0.075831
-0.009160
-0.086400
-0.010050
-0.024217
0.093529
0.068624
0.011439
-0.027022
0.054395
-0.086765
-0.002971
0.048370
-0.047539
0.052761
0.016599
-0.003563
-0.067951
0.028728
0.029152
0.101142
0.094077
0.003453
-0.091893
0.023790
0.068389
-0.033793
-0.021440
0.082347
-0.104880
-0.099663
-0.087860
-0.052764
-0.089259
0.029681
0.111811
-0.043086
0.087242
0.052646
-0.051477
-0.093971
-0.086028
-0.071509
0.042243
0.082420
0.028568
0.005774
-0.091469
0.098234
-0.005261
-0.032005
-0.000625
0.009644
0.091353
0.002145
0.039949
0.091471
0.091562
0.046243
0.001637
-0.021555
0.113532
0.082607
0.077511
-0.003431
0.021654
-0.097181
-0.022929
-0.113115
-0.078813
-0.016682
-0.113519
-0.070411
-0.089944
0.087674
-0.099530
-0.005997
0.034022
-0.045917
-0.073448
0.107029
0.011344
0.067546
0.016265
-0.096426
0.114513
-0.022760
0.008050
-0.051899
-0.017708
0.116814
0.025684
0.106468
0.048863
0.019557
0.061984
-0.017144
0.102971
-0.004186
0.083963
-0.089026
0.073198
-0.072013
-0.007533
0.000241
0.072626
-0.048701
0.089840
0.007584
0.005124
0.022633
-0.070940
0.056434
-0.055160
-0.070547
-0.118302
-0.010208
0.039208
-0.003297
-0.082213
0.074684
0.009802
-0.117375
-0.043106
-0.026856
0.099528
0.011363
-0.028236
0.050225
0.066477
-0.037863
0.037194
-0.046988
-0.088356
0.001514
0.080347
0.025077
0.028448
0.076917
-0.097708
-0.038071
-0.108825
0.055389
0.023050
-0.010708
-0.116278
-0.091936
0.063360
0.116626
0.034565
-0.092111
-0.052821
0.039612
0.055155
0.028448
-0.008762
-0.023494
0.108108
0.053909
0.049582
-0.060320
-0.097129
0.010178
-0.044766
0.066872
-0.083491
-0.110193
-0.044818
-0.040639
0.021295
0.011979
-0.014882
0.100191
0.040292
-0.111453
-0.111013
0.015765
0.093193
0.070637
0.098906
0.002702
0.010687
0.025391
0.053923
0.087151
-0.026884
-0.068460
-0.015069
-0.053149
0.044436
-0.031382
0.035783
0.009776
0.115817
-0.028178
0.017247
-0.092936
-0.080678
0.008797
0.101654
0.063129
0.082870
-0.104727
0.048082
0.012529
0.063393
-0.052006
0.023659
-0.016203
-0.050362
0.003731
0.074713
-0.058476
-0.076334
0.101631
-0.113757
-0.107100
0.092629
0.024913
0.031329
-0.046648
0.115535
0.098463
-0.096756
-0.042692
-0.003556
0.087972
0.086882
-0.051371
0.033471
0.088499
0.061348
-0.089139
0.110592
0.023063
0.032716
-0.004114
0.110284
-0.019796
-0.016890
-0.087705
-0.003123
-0.065078
0.109615
0.015889
0.090013
0.043905
0.009084
-0.018137
-0.005532
-0.118946
-0.094284
0.004145
0.056876
-0.116039
-0.002222
-0.025039
-0.085057
0.049683
0.066877
0.059044
0.055101
-0.039951
-0.114302
-0.079775
0.089731
-0.024140
0.049455
0.032451
-0.099522
0.079620
-0.020070
-0.084150
-0.057420
0.116930
0.098431
-0.037925
0.012030
0.033770
-0.072664
-0.012914
0.018395
0.014401
0.047877
-0.069169
0.017029
-0.087897
-0.061375
0.089656
-0.051667
0.041088
-0.017473
-0.020132
-0.063586
0.057388
0.089663
-0.021068
0.046552
-0.043773
-0.091027
-0.016804
0.058880
0.033711
-0.082419
-0.100438
0.005488
-0.089504
0.051028
-0.007089
0.091564
-0.027776
-0.088512
-0.031402
-0.003206
0.102681
0.081462
0.104099
0.114904
0.033285
-0.057414
0.061777
0.110945
-0.014605
-0.095937
-0.078055
-0.066057
0.008886
-0.038003
-0.088748
0.032402
0.003436
-0.054144
-0.109797
-0.061038
-0.075551
-0.035400
0.039665
0.029967
0.112995
0.087535
0.038071
0.005919
0.007155
0.008312
-0.027259
0.101548
-0.048918
0.001099
0.031686
-0.073847
0.063540
0.021683
-0.036950
-0.041867
0.032876
-0.056938
-0.034572
0.002437
-0.069432
-0.098384
0.068480
0.057978
-0.025240
-0.045698
-0.068101
-0.093977
0.074659
-0.113952
0.025783
0.102983
-0.010576
0.060299
0.102826
0.109394
-0.111595
0.055740
0.083708
-0.034685
-0.028686
0.114732
-0.053730
0.013057
-0.034080
0.017101
0.002096
0.071731
0.004557
0.082195
-0.013251
0.085519
0.090244
0.094727
0.059224
0.110408
-0.016418
0.023331
-0.085793
0.010370
0.069979
-0.002509
-0.015366
-0.017528
-0.056835
0.075128
0.110021
0.103057
-0.092890
-0.079709
0.074386
0.051744
-0.045112
-0.071028
-0.003698
0.038013
-0.036683
0.038372
-0.094728
0.016523
0.076653
0.068112
-0.104312
-0.084131
-0.022778
-0.005717
-0.047545
-0.039198
0.076283
0.033161
0.054373
-0.007159
-0.114947
-0.103185
0.076473
0.098014
0.044273
-0.047499
0.022028
0.014123
0.069518
-0.034370
0.097118
-0.018535
-0.102007
0.052052
0.108082
0.022656
0.005212
0.076882
-0.016910
0.035763
-0.078391
-0.105938
0.077569
-0.039283
0.019127
-0.035524
0.103227
-0.049109
0.097950
0.095025
-0.048629
-0.071362
-0.037025
0.093280
0.074742
0.081915
-0.106290
0.070302
-0.069295
0.056068
-0.106186
0.102192
-0.038126
0.103426
-0.049147
0.079976
0.083407
-0.101613
0.103130
-0.060400
-0.068751
0.104066
-0.016723
-0.030991
-0.093481
0.022681
0.024841
-0.090157
-0.110964
0.026689
-0.058205
0.091606
-0.071676
0.091107
-0.009042
0.045444
-0.056758
0.054384
-0.003581
-0.042834
0.068892
0.056464
0.081910
-0.083063
0.100829
-0.081127
-0.077561
0.026339
-0.054795
-0.102658
-0.116582
0.108089
-0.068644
-0.028931
0.012151
-0.020984
0.030574
-0.045509
0.004371
0.016250
-0.110813
0.014951
0.080647
-0.052353
0.040216
-0.108178
0.079500
0.046748
-0.025498
-0.045256
0.022464
0.066912
-0.003807
0.115654
0.005499
-0.049639
-0.094215
0.073518
-0.024627
-0.044677
-0.092982
-0.062296
-0.059328
0.006605
-0.008838
0.021395
0.086691
-0.006388
-0.057057
-0.031846
-0.115849
-0.083196
0.019741
-0.035430
-0.023281
-0.082349
-0.018729
0.114495
-0.006646
0.056118
0.086783
0.052433
0.066263
-0.075760
0.098666
0.011449
-0.032697
-0.030051
-0.072309
0.093317
0.108820
0.032716
0.101302
0.023252
-0.118374
0.075677
-0.028912
-0.103234
0.021905
0.097649
0.056498
0.100082
0.066045
-0.030498
-0.011322
0.009458
0.049215
0.013834
-0.092249
0.092069
0.028095
0.034686
-0.112279
0.037960
0.069198
0.108644
-0.008130
0.107356
0.091529
0.076957
0.062829
-0.046340
-0.012971
-0.065620
-0.113705
-0.018720
-0.014663
0.017225
0.053047
-0.022280
0.082740
0.023392
-0.010661
0.006044
0.036498
-0.022887
-0.079226
0.021130
0.111565
0.089630
-0.010024
-0.104312
0.008943
0.078601
-0.052878
-0.034042
0.088115
-0.007520
0.008287
0.084957
-0.118241
-0.038561
0.056135
0.001803
0.104935
-0.096816
-0.011965
0.069019
-0.003331
-0.018946
0.113022
-0.012379
0.053460
-0.067925
-0.055227
0.064227
-0.088151
0.088396
0.058950
-0.083106
0.058771
-0.020491
-0.083201
0.058819
0.075757
0.110014
0.018705
0.104682
0.030770
-0.020575
-0.106364
0.018789
0.091877
0.053561
-0.082542
0.033451
-0.022641
-0.052083
-0.114242
-0.077152
-0.039920
-0.100468
0.058417
-0.035521
-0.091923
-0.069207
-0.012701
-0.102673
-0.016903
0.010506
-0.014733
-0.037279
-0.020522
-0.018529
0.087197
-0.058825
0.083410
0.060156
-0.047006
0.014795
-0.089704
0.111452
0.007501
0.041591
-0.009805
-0.037267
0.009192
-0.035522
0.102891
0.060349
-0.021024
0.092342
-0.039753
-0.053776
0.104076
0.108900
0.094412
0.027053
-0.026036
0.107079
0.058101
-0.089611
-0.087450
0.079173
0.000693
0.032909
0.026974
0.016441
0.025235
-0.029508
-0.005266
0.095694
-0.105872
0.061293
-0.085601
0.045748
-0.046470
-0.016861
-0.050678
0.014123
0.001778
-0.083254
0.026156
-0.006606
0.116145
-0.024152
0.011955
-0.093372
0.083975
-0.102792
-0.031257
-0.014627
-0.026854
-0.104827
0.038013
0.037643
0.012685
0.034116
-0.065864
0.017810
-0.022529
-0.070095
-0.080510
0.087781
0.069695
0.100841
0.027496
-0.017981
-0.007808
-0.020918
0.082743
-0.040680
-0.032776
-0.117088
-0.082985
-0.066847
-0.088599
-0.053985
0.043909
-0.104326
0.018935
-0.054270
-0.093419
0.098026
-0.094325
-0.054969
-0.078602
-0.034896
0.110148
0.093334
-0.087917
0.024718
-0.013117
-0.042709
0.080879
-0.052221
0.056890
-0.085855
0.077640
0.075297
0.105433
0.106514
-0.115124
0.077695
0.030325
-0.058202
0.078548
-0.071521
0.017829
0.110892
0.046998
0.101222
0.097971
0.045309
-0.068826
-0.042349
0.053372
-0.087775
0.029360
-0.066061
-0.073105
-0.070388
-0.057949
-0.111499
-0.061947
0.104510
0.106609
0.094041
-0.060636
-0.111103
-0.001071
-0.080879
-0.089309
-0.040751
0.062608
0.084798
-0.029506
-0.110131
-0.047737
-0.076152
-0.072339
-0.033709
0.073648
0.049133
0.088879
0.014269
-0.095730
0.019285
0.015252
-0.112157
-0.082589
0.053482
-0.007487
0.019726
-0.052347
0.053218
-0.117110
-0.070829
0.071828
0.074250
-0.017829
-0.082359
-0.015541
-0.035812
-0.022125
-0.003365
0.084200
0.011787
-0.000062
-0.019536
-0.108188
-0.019612
-0.006966
0.102020
-0.060216
-0.038680
-0.007510
-0.031637
-0.042656
0.046858
-0.035480
0.093860
0.094774
0.004934
-0.008266
0.002271
-0.056319
-0.115444
0.024272
0.026181
0.073255
0.106271
-0.095879
0.063260
-0.118329
-0.032601
0.099626
-0.108004
0.107625
0.072974
0.098778
0.043275
-0.091538
-0.013440
-0.007209
-0.080698
0.066370
-0.020681
0.069623
0.073111
-0.094179
-0.102876
-0.059037
-0.092260
-0.022907
0.001813
-0.096479
-0.034158
0.041145
-0.062750
0.000858
0.088665
0.050696
-0.022682
0.002267
-0.006673
0.118074
-0.090642
-0.079746
0.072327
-0.065492
0.036226
0.084990
-0.000118
-0.013053
-0.008014
0.107427
-0.047301
0.101583
0.094216
-0.012392
-0.028690
0.046726
-0.005311
0.038742
0.039826
-0.078188
0.083599
0.041339
0.104335
0.031692
-0.099426
-0.091928
-0.008228
-0.026549
-0.015875
-0.043168
0.075838
-0.002066
0.043718
0.091398
-0.038803
0.032789
0.003850
0.044932
-0.051245
-0.013573
-0.107103
0.043898
0.049182
-0.003903
0.001578
-0.031766
0.114013
0.019086
0.025703
-0.033738
-0.084654
0.021843
0.020402
-0.111144
0.031425
-0.031414
0.007271
0.105688
-0.068202
0.105497
0.083594
0.061003
0.024872
-0.037700
-0.100532
-0.033067
0.064606
-0.014488
-0.079124
0.038075
-0.115129
-0.112149
-0.057742
-0.035981
-0.032432
-0.008877
-0.062455
0.095848
0.106771
0.078574
0.089824
-0.027206
-0.015170
-0.031887
0.009621
-0.066414
0.005250
-0.072109
-0.112978
0.047704
0.021996
0.018929
0.110391
-0.006814
-0.077359
0.067628
-0.038268
-0.062361
-0.024365
-0.022673
0.089684
0.064194
-0.100457
0.045918
-0.042228
-0.068634
0.091455
-0.013389
0.109042
-0.035125
0.064251
0.046247
0.055530
-0.104724
0.066304
0.057282
0.080896
0.118250
0.012118
0.070312
-0.043711
-0.000643
0.069352
0.032963
-0.110229
0.059280
-0.114371
0.030326
-0.116255
-0.064750
-0.099053
-0.009754
-0.019076
-0.073559
0.057052
0.011197
0.057285
-0.104296
0.102428
0.113654
-0.015658
0.050674
-0.048845
0.045205
0.068782
0.051929
-0.061489
-0.082963
0.086340
-0.049039
-0.049128
0.014306
-0.066749
0.060776
-0.083268
-0.066573
0.048278
0.072720
0.027723
-0.060421
0.092164
-0.026724
-0.105365
0.010998
0.085731
0.089656
-0.102983
0.061108
0.086365
-0.080295
-0.056021
-0.017033
0.106620
-0.115299
0.062602
0.089226
0.110965
-0.002997
0.010710
0.000708
-0.086858
0.116493
0.109263
-0.051798
0.063853
-0.032959
0.023896
-0.064765
-0.106747
-0.108508
0.090831
-0.052160
0.063447
0.063231
-0.040876
-0.053764
0.102027
-0.031230
0.094179
-0.106845
-0.087279
0.101356
-0.050027
-0.003022
0.052783
-0.085259
-0.012921
-0.008440
-0.061256
0.078865
0.113758
0.017242
0.083054
0.043228
0.060512
-0.059281
0.016600
0.118164
-0.015841
0.062239
0.038222
0.004683
-0.082832
0.079190
0.115421
-0.032087
-0.039583
-0.077078
0.034104
0.099159
0.042618
-0.005530
-0.104804
0.066834
-0.055882
0.054354
-0.070071
-0.024794
0.091169
-0.070219
0.050827
-0.063074
0.115329
-0.105339
-0.102106
-0.024397
-0.009722
-0.113093
-0.033679
-0.016687
0.051716
0.027187
-0.062425
0.103034
0.084130
-0.110109
0.049919
0.023593
-0.081897
0.055473
0.102211
-0.072376
-0.029072
-0.010687
-0.088793
-0.064525
-0.009498
0.090896
0.032797
0.104163
0.018193
0.057204
-0.025095
-0.003973
0.050770
-0.038211
0.112223
0.001987
0.017823
0.043937
0.066491
-0.098225
-0.037546
0.010799
0.037346
-0.096167
-0.056741
-0.104738
-0.092432
-0.084984
0.062626
-0.016995
-0.044580
-0.051268
0.109413
-0.093792
-0.022085
-0.072847
0.103770
-0.086277
0.014862
-0.001379
-0.106172
-0.054492
-0.068998
0.033856
-0.076078
-0.086462
0.047532
-0.077926
0.025916
0.019529
-0.069449
-0.088503
-0.112371
-0.035711
0.017657
-0.024642
0.092711
-0.064750
-0.010593
0.094828
0.055904
0.007386
0.017349
0.078925
0.108644
0.085437
0.059550
-0.105916
-0.096307
0.056016
-0.062672
-0.025357
0.064901
0.092745
0.009129
-0.092877
-0.098903
0.068296
-0.009103
-0.078322
0.098004
0.011369
-0.082186
-0.083966
0.060941
-0.099311
0.086470
0.107789
-0.046543
0.050446
0.026453
0.072944
0.009063
-0.075823
-0.100401
0.093963
-0.025360
-0.111800
0.059109
0.030403
0.084641
-0.076058
0.061361
0.102877
0.102141
-0.001474
-0.021856
-0.094464
0.058885
0.106613
-0.010974
-0.046489
-0.103804
0.046487
0.067540
-0.052431
-0.061756
-0.117519
-0.035583
0.027605
0.057412
0.018239
-0.011413
-0.094440
0.090387
-0.092340
-0.003370
0.101525
-0.026380
0.049627
0.101818
-0.076092
-0.086061
0.069905
0.118238
0.056186
0.003710
0.081031
-0.005843
-0.100167
0.028032
0.091577
-0.023228
0.067597
-0.068711
-0.051733
0.070749
-0.028117
0.015072
-0.059330
-0.041565
-0.117969
0.019713
-0.103915
-0.112929
0.076808
-0.010241
-0.085969
0.005567
0.108746
-0.118458
0.057169
0.005505
0.109740
-0.064392
-0.099564
0.000091
-0.068360
-0.053579
-0.066433
0.006041
-0.005837
-0.052579
-0.094688
-0.061100
0.007847
-0.106126
0.091169
-0.001687
0.091204
-0.052365
0.078617
0.084175
0.088489
-0.021947
0.068701
0.090651
-0.037409
-0.096846
-0.111527
0.058961
-0.077437
-0.044821
-0.085121
-0.030285
-0.099481
-0.085452
-0.060094
-0.012549
-0.107460
0.028635
-0.044137
-0.057734
0.052501
-0.000251
0.050406
0.038156
0.013296
-0.057449
-0.025608
-0.098102
0.037601
-0.116572
-0.101698
0.095644
-0.029432
0.050488
0.035604
0.109194
0.095229
-0.031446
0.116330
0.035244
-0.056488
0.065046
-0.079426
0.100770
0.020371
0.033888
-0.023455
0.043702
-0.089858
0.019853
0.085521
0.037201
-0.068543
0.004083
-0.054356
0.018548
-0.110953
-0.002994
-0.020252
-0.059916
0.044038
0.092001
-0.001341
-0.079166
0.078838
0.007310
0.017504
0.076516
-0.116141
-0.020423
-0.108019
-0.094604
0.043180
-0.079480
0.029515
0.023830
-0.072510
-0.051961
0.001659
-0.049621
-0.055135
0.002020
-0.035327
-0.114603
0.017649
-0.053229
-0.061639
0.113658
0.035512
0.095550
-0.022107
0.064495
0.059462
0.096940
0.066471
0.024792
0.012430
0.042780
0.029356
-0.030515
0.094905
-0.069414
0.081189
0.109709
0.016614
0.026044
0.025318
-0.100845
0.019880
-0.069218
0.014392
0.038425
0.095032
-0.016373
-0.092012
-0.083129
0.066775
0.015693
0.082282
0.104669
0.061411
-0.053729
0.075937
-0.078310
-0.080965
-0.094018
0.057566
0.052538
-0.093244
-0.009149
0.028491
0.094203
0.117764
-0.114113
-0.038123
-0.072588
-0.038457
0.074836
0.034148
-0.052473
-0.016084
0.024155
0.005765
0.050642
0.045053
-0.098305
0.047892
-0.066511
0.028710
-0.007121
0.086620
-0.029834
-0.068191
0.020038
-0.088651
0.037720
-0.089523
0.017908
0.085382
-0.091752
-0.032583
-0.109730
-0.095454
0.118692
-0.095463
0.049182
0.024651
-0.033303
0.085889
0.062472
-0.049601
0.061379
-0.018701
0.104869
-0.110539
0.080911
-0.027075
-0.070416
0.039887
0.039479
0.028117
-0.067558
-0.092842
-0.094404
0.064087
-0.017116
0.020836
-0.068911
0.093182
-0.116668
-0.049600
0.033077
0.082426
-0.058281
-0.092457
0.038266
-0.071058
0.028494
-0.097961
0.008116
0.088240
0.083858
0.047752
-0.117188
0.042397
-0.019890
0.097798
0.016482
-0.100728
0.096742
0.114339
-0.102334
0.087401
0.067163
-0.114812
0.101724
0.102479
-0.067220
0.050485
-0.038586
0.004626
0.087211
0.118074
-0.021617
-0.042248
-0.016831
0.083848
0.118797
-0.023389
0.102277
-0.073972
0.097072
-0.053824
0.039561
0.003067
0.016872
-0.083633
-0.116545
0.090812
-0.033714
0.046726
-0.027247
-0.099249
-0.024157
-0.114725
-0.031863
-0.084598
0.115967
0.036166
-0.081955
0.012476
0.106761
-0.016597
0.077602
-0.087105
-0.003013
0.082324
-0.042971
0.053135
-0.008523
-0.096530
-0.035012
0.032842
0.079401
-0.093026
-0.103599
-0.045792
0.013115
0.096207
0.043028
0.080077
0.064008
0.002595
0.041583
-0.029995
0.073598
-0.103392
-0.083829
0.055024
-0.013880
-0.035121
0.072255
0.027502
-0.000777
0.076070
-0.003079
-0.103475
0.087039
0.102575
0.084094
0.091775
0.021210
-0.051203
0.058261
-0.046704
-0.057613
0.050055
-0.112120
0.110138
0.035294
0.050532
-0.104274
-0.078931
0.116658
0.059289
0.051115
-0.019655
0.011895
0.061176
0.075466
-0.065707
0.066236
-0.050295
-0.006142
0.068950
-0.006317
-0.091100
0.015100
-0.069642
-0.059001
0.069458
-0.116237
0.001875
0.078593
-0.045740
0.014542
0.113167
-0.073496
-0.044408
0.015036
0.031304
0.064494
-0.015150
-0.116161
-0.109943
-0.002998
-0.057093
-0.072900
-0.060779
0.047872
0.085975
-0.057492
0.094220
-0.011959
0.075249
-0.075725
-0.042214
0.085982
-0.030015
-0.011925
-0.037591
-0.094235
-0.100128
-0.104970
-0.073826
-0.112257
0.049504
0.043597
-0.102699
0.038265
0.097167
-0.066796
-0.042528
-0.111292
0.116447
0.066152
0.057515
0.096921
0.034401
-0.097205
0.012772
-0.066369
0.080694
0.104602
-0.093251
-0.004930
-0.064868
-0.097125
0.086750
0.115181
0.054897
0.050266
0.050653
-0.081305
-0.000419
0.087196
-0.040165
0.042530
-0.061935
-0.022734
0.081263
-0.102500
-0.038747
-0.100368
0.108141
-0.065643
-0.084680
0.071749
-0.042935
-0.060621
0.095749
0.087857
0.041854
0.030531
-0.110802
-0.111531
0.022269
-0.084264
0.084170
-0.078878
0.047799
0.008786
0.097469
0.027203
-0.004317
0.025030
0.084902
0.095026
0.055985
0.002867
0.080013
0.022220
-0.054558
-0.000123
-0.113304
0.069514
0.076098
0.101346
-0.011748
-0.039495
0.115742
-0.055893
0.011216
0.063701
-0.037473
-0.106355
-0.095549
-0.061291
-0.075561
0.086750
-0.041101
0.112065
0.107994
0.002128
0.035532
0.060649
0.089119
-0.019128
0.109075
-0.023242
-0.029408
0.034568
0.083216
0.010100
0.075956
-0.021083
-0.090618
0.011872
-0.053964
0.044547
0.040668
0.111981
-0.012673
-0.072943
0.057086
0.010599
-0.052568
-0.060122
-0.085400
-0.024512
0.014460
0.104176
-0.029299
0.020300
-0.041101
-0.114831
0.111084
-0.009847
-0.080226
-0.053871
-0.082033
-0.093254
-0.030964
0.073029
-0.041843
0.069336
0.078299
0.056408
-0.006483
-0.116438
0.088498
0.050555
0.075321
0.106830
0.060169
0.019418
-0.092161
-0.110479
0.068920
-0.067554
0.081638
-0.057728
-0.052404
0.084777
0.098354
-0.070222
-0.061742
0.087577
0.058238
0.095433
0.016721
-0.012524
0.055998
0.094114
-0.082793
0.005740
0.046270
-0.105961
0.097966
0.017521
0.098727
0.067306
0.018600
0.026608
-0.049540
0.018075
0.051500
0.038267
0.094574
0.047239
0.070015
0.063332
0.113007
0.114373
-0.118355
0.004753
-0.037463
0.035005
-0.035317
0.091609
0.093056
0.085701
0.068357
-0.068571
-0.098939
-0.053832
-0.090089
-0.030438
-0.002607
0.106135
0.079008
0.018187
-0.116804
0.054836
-0.100310
0.013598
0.017203
-0.081827
-0.027227
-0.103005
-0.052699
0.103963
-0.075020
-0.089583
-0.012120
0.080350
-0.116801
-0.068700
0.016528
-0.107162
0.021410
-0.022766
0.017132
-0.112533
-0.082417
-0.043546
-0.098986
-0.014778
-0.018462
0.111018
0.114651
-0.019959
0.013386
-0.090697
-0.007326
0.032743
0.019278
0.068812
0.103090
-0.037214
-0.024282
-0.023357
-0.096830
0.047558
0.081746
-0.078768
0.055507
-0.034218
0.034340
-0.048206
0.117337
0.040322
0.105920
0.048614
0.011130
-0.067036
-0.103594
0.108225
-0.084714
0.012432
-0.010413
-0.111937
-0.083196
-0.084921
-0.104387
0.090381
-0.023780
0.078894
0.036252
0.066062
-0.010408
-0.073661
0.037200
0.038961
-0.008438
-0.048261
-0.025825
-0.058367
-0.002725
0.094929
0.034519
0.042129
0.045127
0.053898
0.075377
0.111813
-0.018384
0.044060
0.059872
0.090916
0.116937
0.076685
0.101812
-0.055434
-0.114350
-0.096411
-0.092796
-0.110355
-0.113612
0.028621
-0.017114
0.039189
0.007154
0.005376
0.015767
-0.047444
0.037054
-0.038726
-0.036211
-0.005802
-0.075351
-0.063031
-0.019684
-0.008692
-0.082738
0.023601
-0.101582
0.048425
-0.031454
-0.118359
-0.066631
0.019602
-0.072996
-0.110624
-0.118778
-0.022644
0.017660
-0.117126
-0.092313
-0.023599
-0.055350
-0.061539
-0.089678
-0.054343
0.053370
0.103726
-0.006259
-0.048892
-0.004782
-0.115319
-0.024596
-0.087222
-0.101053
-0.064933
-0.070858
0.004725
-0.050954
-0.086976
0.070363
0.049341
-0.106627
0.073584
-0.111653
-0.106145
0.054121
-0.066617
-0.011878
0.025076
0.108381
0.028763
-0.038964
0.105948
-0.093580
-0.036631
-0.085817
0.046527
0.065445
0.055428
0.056494
0.028553
0.018555
-0.070817
0.051979
-0.106080
0.042051
0.085026
0.043046
-0.087221
0.000650
-0.107826
0.036777
-0.006435
0.083908
-0.063893
0.000795
-0.005065
-0.114054
0.070490
-0.091173
0.034143
0.065266
-0.024861
0.075294
0.053022
-0.094058
-0.086163
0.075959
-0.077352
-0.109392
-0.085783
-0.116478
0.036511
-0.057960
0.079465
0.104659
0.037221
0.099198
-0.089798
-0.085662
-0.051749
0.042046
0.033767
0.020826
-0.039742
0.030959
-0.095660
0.033631
0.090841
-0.034472
-0.021390
-0.102345
0.004928
-0.007454
-0.081747
-0.088763
0.023859
0.020458
0.071385
0.003225
0.106084
0.045205
-0.063651
0.105915
-0.081237
-0.054567
0.075301
0.112494
-0.111010
-0.085104
0.023570
-0.003983
0.074424
0.003848
-0.112103
0.045135
-0.004439
-0.066166
-0.028591
0.118698
0.059718
0.085329
0.012933
-0.008195
0.011593
-0.024179
0.068412
-0.023814
0.089883
-0.052558
-0.038464
0.062019
-0.085151
-0.026973
-0.098389
-0.106657
0.005702
0.055190
0.109639
-0.081676
-0.048803
-0.067439
0.109578
0.072951
0.052360
-0.009186
0.030586
-0.089816
0.095417
0.037117
0.093287
-0.114905
0.090742
-0.081366
0.080165
0.027737
-0.051331
0.092974
-0.111421
0.034251
0.106457
0.045874
-0.099624
0.028029
0.106383
0.060721
0.049400
0.083443
-0.031665
0.036963
0.076398
0.029583
-0.088850
-0.037827
-0.044484
0.051821
-0.062701
-0.051574
-0.062256
0.094406
0.052087
0.084936
-0.093009
-0.066528
-0.012844
-0.006913
-0.015881
0.003423
0.028119
-0.019591
0.014758
-0.097056
-0.088897
0.018771
0.095975
0.015287
-0.022628
0.080287
0.079925
0.007120
0.039427
0.008530
0.023007
0.061987
0.048954
0.030865
-0.075285
0.089569
0.037559
0.018516
0.105587
0.117082
-0.106824
-0.066251
0.000528
0.006946
-0.025214
-0.003717
-0.029923
0.013006
-0.058401
-0.045647
-0.000285
0.116503
-0.086444
0.069576
-0.015216
-0.057918
-0.043199
-0.038454
0.105420
0.061731
-0.023885
-0.114904
-0.018410
-0.032741
0.022448
-0.048919
-0.033096
-0.036729
0.005296
-0.091974
0.039238
-0.003848
0.059453
0.001954
-0.032946
-0.057760
0.074387
-0.008788
0.064892
-0.113411
0.092971
0.112581
0.111430
-0.098117
0.113403
0.095928
0.064955
0.103796
-0.008017
-0.093391
-0.052676
-0.033627
0.041972
0.036130
0.074137
-0.107607
-0.109271
0.102992
-0.041338
-0.101396
-0.038823
-0.103188
0.006412
-0.046414
-0.108036
-0.027776
0.081987
0.107795
-0.044918
0.023005
-0.063953
0.010015
-0.015699
-0.039111
-0.035363
-0.039390
0.043333
-0.017116
0.006477
0.069201
0.089003
-0.001833
0.106668
0.063418
-0.047174
0.073368
-0.094061
0.028561
-0.017491
-0.036451
0.063467
-0.043631
-0.037899
0.060118
-0.087497
-0.069659
0.061683
-0.042992
-0.062169
-0.112647
-0.106373
-0.112033
-0.101887
0.087303
0.010082
0.087919
0.085492
-0.039843
0.004806
0.058378
0.093593
0.062220
-0.096934
0.113174
0.014009
0.078144
0.107824
-0.007714
0.113514
0.007334
-0.077226
0.042828
0.031199
0.027772
0.016186
0.069924
0.101101
0.108508
0.053082
0.001042
-0.023960
-0.012537
-0.064219
0.060913
0.080418
0.015521
0.010681
0.022621
-0.087122
-0.063616
-0.004973
-0.094522
-0.099808
-0.090664
0.110524
0.107393
-0.028048
0.051235
-0.045319
0.083762
-0.053182
0.112743
0.047867
-0.020806
0.037833
-0.115771
0.103124
0.086690
0.062616
0.077964
0.094843
-0.068179
0.035867
0.051691
-0.056782
0.090478
-0.059542
-0.003831
-0.050449
0.093789
-0.116026
0.117928
0.046269
0.062998
-0.015574
0.105894
0.099574
0.031125
0.030987
-0.016002
-0.072843
0.030324
0.100455
0.054094
0.059984
0.108132
0.049476
0.080502
0.001939
0.004312
0.074252
-0.011216
-0.018434
0.078894
-0.064638
0.034843
-0.101349
0.004457
-0.053473
-0.067638
-0.045947
0.041424
0.038993
0.082939
0.069437
-0.057796
-0.094323
-0.001462
-0.101449
0.034809
0.033193
0.032881
-0.045628
-0.088285
-0.084740
-0.091614
0.039499
0.074617
0.015360
-0.095785
0.078638
0.079639
0.054953
0.105848
-0.038840
0.017913
-0.082452
0.094596
-0.057420
-0.108040
0.080988
0.051257
-0.019917
-0.000370
-0.035398
-0.105911
0.012959
0.081839
0.110412
0.052920
0.102249
0.096501
-0.020877
0.075389
0.089502
-0.062860
-0.090730
-0.106466
-0.066894
-0.031934
0.039980
-0.060508
0.067207
0.108552
0.083911
-0.000917
-0.081191
-0.092660
-0.004284
-0.098939
-0.010297
-0.071862
0.058484
0.020308
-0.074390
-0.070030
-0.049502
-0.063307
0.002038
0.091590
0.061932
0.053575
-0.032057
0.087701
-0.097433
-0.111503
-0.022937
-0.002031
-0.063065
-0.076505
0.018158
0.009353
0.060636
-0.097086
-0.100028
0.023308
-0.085424
-0.067999
-0.032309
0.047693
0.066653
0.087808
-0.009365
-0.010464
0.002921
0.050567
-0.018173
-0.081778
-0.000524
0.063923
-0.081562
-0.029487
-0.087935
-0.078741
-0.030192
-0.063993
0.029045
0.113673
-0.043230
-0.071621
-0.050180
0.013782
0.067483
0.030111
0.117931
0.077725
-0.085684
0.049401
0.008458
-0.080297
-0.085039
0.000683
0.111705
0.068413
-0.070118
-0.094985
0.114163
0.096559
-0.021396
-0.051946
0.028942
-0.083734
0.046841
0.019838
0.034273
0.057413
-0.070045
0.092252
-0.098732
0.091746
-0.089873
0.113181
-0.025663
0.051303
-0.013030
0.042959
-0.086381
-0.062469
0.097165
-0.114437
0.024839
-0.078868
-0.102556
0.033436
-0.042913
0.014224
0.115936
0.044993
-0.032654
-0.098840
-0.033421
0.055168
0.102750
-0.023559
-0.038893
0.090807
-0.015693
-0.090506
0.015248
0.075081
-0.001256
-0.092989
0.023146
-0.103570
-0.008791
0.109517
-0.036310
-0.091884
0.083018
0.076089
0.048814
0.040143
-0.093273
-0.102375
-0.116225
-0.111266
0.052430
0.101155
0.022223
0.104378
-0.111092
-0.061357
-0.029369
-0.068493
0.074594
-0.073657
-0.021445
0.034809
0.108922
-0.004256
0.115267
0.083642
-0.089870
-0.041309
0.028003
0.084502
0.105885
-0.017246
0.034389
-0.066976
0.016585
0.092803
0.007841
0.019851
0.095704
0.044257
-0.072369
0.057877
0.016233
-0.106786
-0.073842
-0.034445
-0.050969
-0.013478
-0.088732
-0.035277
-0.065141
0.092037
-0.108576
0.093099
-0.093028
0.058496
-0.037153
0.008322
-0.046063
-0.055033
0.056977
0.024927
0.012745
-0.114850
-0.035977
0.045786
0.096507
0.089286
0.074364
-0.081517
0.000494
-0.066733
-0.038044
-0.080428
0.043121
0.104859
0.110987
0.004219
0.090444
0.079223
0.091427
-0.104095
0.058848
0.062673
-0.005851
0.096990
0.057330
-0.032778
0.061101
-0.068360
-0.046577
-0.029038
0.046330
0.076448
-0.098702
0.078112
-0.044283
0.040878
-0.076966
0.007953
-0.026151
-0.081976
0.073869
0.026353
0.049846
0.072304
-0.057220
-0.101175
-0.056278
-0.107709
0.114261
-0.009040
-0.084044
-0.052446
0.020841
0.082397
0.008457
-0.074243
-0.020069
-0.047872
0.061094
0.073737
-0.057806
0.033025
0.017915
0.100077
0.070760
0.091463
0.016590
0.034041
-0.023765
0.097186
-0.042863
0.073626
0.089901
-0.090759
-0.029546
0.104737
0.100036
0.103949
-0.105804
-0.025719
0.112414
0.105646
-0.016619
0.101668
0.101240
-0.116300
-0.032595
-0.049956
0.084796
-0.063085
0.099204
0.034164
0.011513
0.066515
-0.092376
0.046383
0.067025
-0.095036
0.105977
0.080373
-0.067162
0.103625
0.003826
-0.009496
0.090016
0.007524
0.079996
-0.064617
-0.035111
0.053019
-0.030015
0.107678
0.099635
-0.039320
-0.116381
-0.023006
0.027807
0.045484
0.009849
-0.010156
-0.044411
0.032927
0.080694
0.037117
0.074647
-0.083716
-0.033683
0.043572
0.032419
-0.094871
-0.021205
-0.078030
0.050702
0.001001
0.077505
-0.063586
0.029074
0.037156
-0.008489
0.101504
0.002067
-0.072114
-0.012751
0.105328
-0.087103
-0.077332
-0.067743
-0.104345
0.094177
0.032459
0.058148
0.003764
0.102192
-0.040133
-0.036941
-0.084227
0.086839
-0.003286
0.030963
0.107053
0.009861
-0.028718
-0.017450
-0.025180
-0.001746
0.099743
0.073974
0.087457
-0.042558
0.021788
-0.011198
0.059636
-0.000650
0.104510
-0.021033
0.053653
-0.006861
0.038020
-0.109007
-0.054794
-0.094734
0.003091
-0.108210
0.090271
-0.007516
0.033860
0.027032
0.100565
-0.052854
0.111666
0.081407
0.001081
0.097362
-0.031756
0.016190
0.010769
-0.054697
-0.015690
0.011224
0.078944
-0.018502
-0.005072
0.073279
-0.090782
0.062754
-0.011395
0.011417
-0.108628
0.080736
-0.048734
-0.044721
0.041192
0.111026
0.050141
-0.005968
-0.095093
0.083181
0.010020
-0.021872
0.002458
0.087072
0.072476
0.040186
-0.094421
0.034298
-0.011038
-0.056512
-0.074085
0.037530
0.080495
0.031854
0.060553
0.040378
-0.054257
-0.065845
-0.049230
0.098282
0.032339
-0.097511
-0.116287
-0.082989
-0.100258
-0.102329
-0.053743
0.107182
0.045640
-0.030189
-0.016620
0.096182
-0.066968
-0.070197
-0.002733
-0.104645
-0.096922
-0.028265
0.009560
-0.083411
-0.092177
-0.071225
0.092835
0.039481
0.104500
-0.004074
-0.014850
0.028732
0.098015
-0.109359
0.047481
-0.065190
-0.045484
-0.043030
-0.061079
-0.008009
0.069627
0.040947
0.000261
-0.063555
0.032567
-0.067293
0.017884
0.002308
0.059305
-0.017763
0.068944
0.097942
-0.008589
0.075498
-0.027822
0.041287
0.048369
-0.064429
-0.021926
-0.045391
-0.103077
0.116307
0.039622
-0.018363
-0.057300
-0.081162
0.005247
-0.073901
-0.111416
0.066753
0.075627
-0.033931
0.036682
0.047147
-0.116532
-0.087286
-0.011805
0.103173
0.065512
-0.008244
0.069615
0.101014
-0.117430
-0.097207
0.106630
0.087872
-0.049299
0.009018
0.071679
0.078302
-0.058759
-0.115743
0.109391
-0.059330
0.067594
0.087426
-0.074229
-0.036668
-0.072948
0.097808
-0.052866
0.095099
0.003378
-0.094320
-0.064329
-0.051775
0.030058
0.074406
0.036088
-0.033003
-0.102670
-0.028675
0.057736
0.065275
-0.108652
0.086005
0.044695
0.030870
-0.114784
-0.025772
0.081013
0.046974
-0.119068
0.044684
-0.005673
-0.013522
0.100829
-0.008600
-0.028058
0.046403
-0.056947
0.052882
0.013257
0.052356
0.018084
-0.036612
0.097413
0.000556
-0.106880
-0.000143
0.033663
0.118938
-0.037844
0.050165
-0.008311
0.082133
-0.035645
0.019370
-0.060883
-0.092188
0.106209
0.084696
-0.117843
-0.084691
-0.050661
0.010570
-0.104879
-0.051226
0.056342
0.082546
0.112450
-0.089113
-0.057689
-0.106856
0.037648
-0.110386
-0.056704
-0.065788
-0.035484
0.078173
0.095543
-0.051694
-0.094209
0.076553
0.102667
-0.022784
0.008106
-0.082743
-0.099318
-0.081958
0.030651
0.035628
-0.021835
-0.034752
-0.036616
-0.071039
0.078940
-0.108996
0.001486
-0.051832
0.070032
-0.076408
-0.021719
-0.028921
0.052273
0.046424
-0.107939
-0.111378
0.075130
0.082427
-0.009986
0.008879
-0.060029
0.073677
-0.096141
0.005497
0.090172
-0.029790
-0.111362
0.097754
0.050056
-0.118657
-0.071020
0.032732
-0.056856
0.013295
-0.032982
0.070113
0.040903
0.089338
0.096175
0.115744
0.095838
-0.038334
0.075429
0.025891
0.075657
0.049251
0.018593
-0.050921
-0.087725
0.110392
-0.074727
0.070573
0.065565
-0.017407
0.013151
-0.085408
-0.105675
-0.020957
-0.075170
-0.012794
-0.076630
-0.001948
0.011034
-0.110856
0.033786
-0.060230
-0.044898
-0.020670
0.049444
-0.088568
0.058615
0.116651
-0.092652
0.115516
-0.011360
-0.030194
0.101882
-0.095122
0.067086
-0.020237
0.035065
0.061983
-0.089184
0.088461
0.054900
-0.098410
0.015697
-0.075379
0.087559
0.060512
-0.039966
0.042368
0.039288
-0.096301
0.048037
-0.038797
-0.012646
-0.012778
0.071140
0.088622
-0.099404
0.010573
-0.081078
-0.029424
-0.031428
-0.094837
-0.116136
-0.008357
-0.034946
0.110257
0.111351
-0.014875
-0.087233
-0.100276
0.000934
0.013691
-0.081924
-0.086361
-0.039266
0.110264
-0.029448
-0.048230
0.028435
0.117930
-0.040719
0.031843
0.071693
0.095975
0.113817
0.104651
0.001404
-0.068063
-0.035152
0.118292
-0.113708
-0.073385
0.055758
0.064964
-0.009743
0.005951
0.032945
0.044737
-0.058680
0.028786
0.069876
-0.102176
-0.055082
0.070364
0.094040
-0.008132
-0.007838
-0.077510
0.044073
-0.008890
-0.089293
0.007575
0.091312
0.069308
-0.104732
0.106712
0.083343
-0.077855
0.029410
-0.029935
-0.096244
0.050306
0.077033
0.042729
0.093118
-0.064057
0.043402
0.051500
0.055955
0.037793
0.116319
-0.024318
-0.024870
-0.012890
-0.019881
-0.029855
0.042860
-0.011262
-0.035220
-0.006916
0.061888
-0.016181
-0.069816
-0.102275
0.058751
0.021272
-0.073423
0.097362
0.111888
-0.097171
-0.090761
-0.018108
-0.036743
-0.079704
-0.040131
-0.022917
0.099768
0.070358
0.097125
0.018634
0.112431
-0.064140
0.009429
-0.065922
0.085847
-0.075467
-0.029670
0.009108
-0.052264
-0.029886
0.012896
-0.037034
-0.067917
-0.001730
0.082744
0.003581
0.099067
0.050345
0.043314
0.036422
-0.048421
0.020413
0.065704
-0.052915
0.043747
0.022893
0.031387
-0.034837
0.084982
-0.112896
-0.012150
-0.036763
0.050372
0.061011
-0.010389
-0.047305
-0.050908
-0.100416
-0.021437
-0.028309
-0.025091
-0.101350
-0.028488
-0.056701
-0.103472
-0.044218
0.055294
0.034476
0.111649
0.023041
-0.079355
0.070035
-0.093680
0.091066
-0.090963
-0.117116
0.039173
0.085795
0.019713
-0.101756
-0.017733
-0.002128
0.009573
-0.099249
-0.083533
-0.076127
-0.047393
-0.006061
-0.000337
0.061854
-0.064022
-0.114917
-0.008656
0.075592
0.050865
-0.046821
-0.015139
-0.009335
0.059253
0.066568
0.110149
-0.052241
0.080005
-0.069600
-0.107180
0.042916
0.023575
0.118323
-0.058594
0.071077
0.049031
0.112413
0.054176
0.077907
-0.047083
-0.066090
0.011838
-0.075643
0.089478
0.103742
-0.054530
0.001549
0.108876
0.112724
0.069417
-0.063333
-0.063893
-0.002678
-0.053691
0.098958
-0.095404
0.014091
0.020046
-0.108068
0.005389
-0.064055
-0.103688
0.008698
0.032851
0.083068
-0.088048
0.074610
0.062758
0.024696
-0.021277
-0.058634
0.087098
-0.104175
-0.017766
0.096627
0.050325
-0.056563
0.087132
-0.087219
-0.069436
-0.077415
-0.043384
0.000380
0.087510
-0.034606
-0.056140
0.030284
-0.031128
-0.097409
-0.080161
-0.013065
-0.021474
0.037366
0.075411
0.080996
-0.117450
0.077362
-0.100148
0.116391
-0.092959
-0.086088
0.059896
-0.037997
-0.113661
0.092026
0.033776
-0.043556
0.032860
-0.076235
0.107678
0.009961
-0.051125
0.105605
0.025167
-0.098727
-0.022291
0.081743
-0.017287
-0.014347
0.105457
-0.107007
-0.084769
-0.107148
-0.109193
-0.055030
0.034682
-0.113703
0.003860
-0.040994
-0.044227
0.086351
-0.022270
-0.035249
-0.015568
-0.085709
0.028644
0.076431
-0.003046
-0.042544
0.087159
-0.063293
0.055306
0.049486
0.111697
0.037154
0.111108
-0.112251
0.043606
0.069959
-0.113002
-0.084365
0.077125
0.043132
-0.023879
0.016780
-0.049903
0.024241
0.060404
0.030923
0.070859
-0.007420
-0.037357
0.077158
0.035353
0.077853
0.092036
-0.029612
-0.067456
0.098923
-0.032162
-0.017808
-0.042848
0.017962
0.025620
0.045357
0.044227
0.044288
0.091812
0.004835
0.092572
-0.110802
0.084014
0.022097
-0.027725
0.047395
-0.116757
-0.013964
0.111992
0.013912
-0.095843
-0.106731
0.072704
-0.037904
-0.028764
0.034962
0.114189
-0.066191
0.096655
0.090609
0.104300
-0.069493
-0.051722
-0.018308
0.110188
-0.007465
-0.074580
-0.086994
-0.076766
-0.101414
0.049388
0.055286
-0.093233
-0.104609
-0.031048
0.059727
0.028635
0.076352
0.072010
0.113119
-0.007377
0.085491
-0.097940
-0.037695
-0.062916
0.072385
-0.090821
-0.106392
0.089334
-0.092084
-0.009940
-0.025926
-0.046695
0.027442
-0.110988
0.099161
-0.076269
0.033761
0.096896
-0.084148
0.084240
0.014388
-0.026355
0.063973
-0.073835
-0.067288
-0.000912
0.087151
-0.055179
0.102060
0.067786
0.115235
-0.011830
-0.025100
0.105961
-0.080876
-0.100893
0.029032
-0.004672
0.041630
-0.098274
0.063665
-0.057104
0.067106
0.023876
0.109570
0.060099
-0.018110
-0.099492
-0.085972
-0.118410
0.063051
-0.110345
0.111689
-0.115137
0.078365
-0.010397
-0.046565
0.031049
0.116550
0.096421
-0.002647
0.093403
-0.113895
0.109630
-0.084730
0.025729
0.088144
-0.056357
-0.093744
-0.072756
-0.080965
-0.098889
-0.103305
-0.001604
-0.018058
-0.075791
-0.047704
0.107201
0.076640
-0.010928
-0.011563
0.008399
0.034157
0.031885
0.039268
-0.073023
0.018494
0.022608
0.014841
-0.003094
-0.068027
0.074101
-0.105810
-0.080467
-0.057762
0.001396
-0.085574
0.002780
-0.081848
0.053562
0.055850
0.023799
-0.035166
-0.038077
-0.071944
0.062131
0.025268
0.019784
0.045623
-0.041082
-0.005500
-0.083230
-0.063940
-0.010707
0.077619
0.002472
-0.031727
0.095999
-0.081870
-0.025463
-0.107237
0.036662
-0.064411
0.034550
-0.056548
-0.064369
-0.019141
-0.115458
0.094010
0.027161
0.003362
-0.046060
-0.038841
0.072189
-0.063929
-0.071823
-0.019678
0.017402
-0.023454
-0.045046
-0.080018
-0.061328
-0.083928
0.069187
0.061647
-0.093987
0.031744
0.028573
0.065441
0.109153
-0.094494
-0.009361
-0.103990
-0.013403
-0.077314
0.112320
-0.069478
0.008212
0.102806
-0.028385
-0.041155
-0.106518
0.027789
0.057456
-0.041650
0.078298
0.028657
0.058646
0.011246
-0.002781
-0.002917
-0.094767
-0.095089
0.076079
0.014100
-0.059161
0.083307
0.108035
-0.016782
-0.096842
-0.007596
0.107099
-0.023459
-0.094614
0.020679
0.092480
0.109424
-0.016065
-0.027300
0.089798
-0.040430
0.034332
-0.045077
-0.102914
-0.068953
0.000637
0.051562
0.091067
-0.104343
0.046998
0.010195
-0.063100
0.031916
-0.075694
0.035166
-0.016275
0.035949
-0.027578
0.105380
0.018093
-0.107107
-0.022746
-0.043712
-0.090655
-0.089994
-0.116183
0.113570
-0.061231
-0.063371
-0.105525
0.038806
0.060066
0.099162
-0.106768
-0.114217
0.044445
-0.020476
0.082502
0.062452
0.117987
0.003918
0.070759
0.035572
-0.067668
-0.047419
-0.012825
-0.045813
0.064697
0.053814
0.080114
0.062146
0.006260
-0.105008
-0.091192
0.069611
-0.039173
0.110963
0.094415
-0.113170
0.055204
0.000882
-0.001754
0.036958
-0.103182
0.083419
-0.008176
0.023648
0.115617
-0.068870
0.023758
-0.098425
0.085653
0.056721
0.073266
-0.087314
0.115150
-0.022374
0.055726
-0.078949
0.014638
0.025292
0.062955
0.117229
0.021119
-0.054347
0.023088
0.093239
-0.111606
0.025448
0.018911
0.106683
-0.056591
-0.051142
0.027330
0.023947
-0.066786
0.027566
-0.063986
0.003746
0.091508
-0.009814
0.016433
-0.024342
0.055659
-0.024107
-0.034818
-0.111848
-0.041316
0.020591
-0.026736
-0.032614
0.027138
0.004317
-0.055839
-0.028820
0.074623
0.098530
0.031839
0.103083
-0.064189
0.071514
0.048859
0.114671
0.113285
-0.024687
-0.063073
0.017588
-0.114886
-0.093319
-0.046108
0.030519
0.053805
0.035483
-0.075570
0.059585
-0.013924
0.058853
0.100612
-0.096418
-0.098087
0.064905
0.021280
-0.035262
-0.012175
-0.036208
-0.032875
0.064444
0.069193
0.059587
0.050126
-0.016720
0.008166
0.014434
0.069263
-0.009712
0.048176
-0.103531
0.099471
0.001038
-0.001288
0.025997
-0.079336
-0.074419
0.078961
-0.071625
-0.109258
-0.113779
-0.053004
0.042295
-0.013559
0.051801
0.079645
-0.099741
0.101986
0.012531
-0.084061
-0.018345
-0.111229
0.086685
-0.085636
-0.026865
0.059102
0.084960
0.032534
-0.041330
0.059700
0.002218
-0.010435
0.039598
-0.028537
-0.001699
0.062384
0.074913
-0.011441
-0.104129
-0.016108
0.025801
-0.075743
-0.064694
0.091669
0.089285
0.049651
-0.044222
-0.001287
-0.052171
-0.115865
0.028363
-0.055519
-0.046178
0.007448
0.044959
0.061201
0.032765
-0.117115
0.090873
0.042829
0.029390
0.035853
-0.009771
-0.001058
0.103074
0.076778
0.099290
-0.098201
-0.004183
0.096442
0.014728
0.116900
0.069405
0.081876
-0.101649
0.043223
0.082967
0.057388
-0.048573
0.030945
0.046849
0.088120
0.056772
-0.062795
-0.037995
-0.012251
-0.058238
-0.063104
0.017021
0.019754
-0.101638
0.073798
0.086927
-0.023323
-0.102515
0.097161
-0.049410
-0.098124
-0.054017
0.052611
0.066797
0.094304
0.036188
-0.056264
-0.089382
0.117750
-0.074592
-0.061426
-0.015456
0.113548
0.034224
-0.057595
0.083260
0.086015
-0.021655
0.013641
0.109486
0.033594
0.112755
0.114091
0.027916
0.051579
0.057284
0.039798
0.083319
-0.025469
-0.034952
0.022798
0.113342
-0.101847
-0.054663
-0.009399
-0.101270
-0.036092
0.041671
0.109634
0.115968
0.091381
-0.112901
0.044615
0.074235
0.051434
-0.047335
0.097773
0.024303
0.108410
0.067236
-0.073400
0.092936
-0.015024
-0.067807
-0.070002
0.093302
-0.016197
0.016899
-0.072441
-0.010068
0.088951
-0.071580
-0.068542
-0.076634
-0.001311
0.025171
0.063682
-0.118369
-0.027770
-0.072390
0.044787
0.057926
0.030389
0.018687
0.078581
0.033510
-0.042481
0.057437
0.067499
-0.048398
-0.075984
-0.088633
0.047293
-0.081192
-0.072814
0.021769
-0.025871
0.002963
-0.114378
0.069687
-0.044571
0.055777
0.059619
-0.100581
-0.030643
0.111687
0.106901
0.081653
0.112838
-0.095755
0.061155
0.107683
-0.014894
0.074652
-0.004503
0.116441
0.113906
0.069693
-0.020722
-0.078167
0.003396
0.105659
0.033555
-0.008877
0.025763
0.002942
0.057097
-0.005967
0.036333
-0.029586
-0.078762
-0.034168
0.010018
-0.006095
0.016721
0.107833
0.010699
0.051848
-0.112784
-0.028913
0.108159
-0.018035
0.056357
0.088162
-0.102955
0.016364
0.023941
-0.111958
0.014987
0.067626
-0.060799
0.051734
-0.084249
0.045795
0.093252
0.099874
0.081784
-0.118139
0.022395
0.037981
0.010079
-0.040951
-0.061340
-0.078236
-0.102430
-0.056626
-0.008227
-0.045955
-0.115214
0.002285
-0.110002
0.019366
0.085466
-0.021912
-0.019464
0.000104
-0.064490
0.026672
-0.065266
0.066386
0.024627
0.012964
-0.103686
-0.094703
0.112627
0.113798
-0.089433
-0.053891
-0.117031
0.098471
0.074062
0.081202
-0.010940
0.096206
0.109984
-0.014380
0.060103
-0.021709
0.104589
0.056705
0.062528
-0.069479
-0.006225
-0.078663
-0.113627
0.077067
-0.065240
0.008467
-0.066293
0.013581
-0.069026
-0.117301
0.088377
0.106868
-0.083927
-0.102561
-0.062952
-0.001272
0.092676
-0.095994
-0.050017
0.037401
-0.105584
-0.053085
0.016798
-0.007559
-0.068641
-0.026106
0.064632
0.089617
0.005173
-0.011634
-0.005816
0.064752
0.062190
0.079753
0.061650
0.101367
-0.066688
-0.034658
0.103709
-0.020772
0.000783
-0.096931
0.104750
-0.021653
-0.052225
-0.016599
0.021025
0.007475
0.058786
0.104049
0.029262
-0.068841
-0.034865
0.017341
0.009402
0.086635
-0.028955
-0.064426
-0.089220
-0.097323
-0.014479
0.107915
0.088992
-0.074375
-0.045131
-0.076173
-0.000608
0.100812
-0.110797
-0.063765
0.022232
-0.118943
0.011403
-0.033651
-0.099711
0.111106
0.091192
0.066962
0.066740
0.010866
-0.003664
0.048858
-0.048153
0.089215
-0.025872
0.007948
0.102410
0.005644
0.047085
0.042853
0.093529
0.021917
0.006244
-0.052130
-0.098592
-0.084584
0.065428
0.062822
0.021501
0.114343
0.049513
-0.116417
0.019305
0.090192
0.074197
0.095408
0.040785
-0.062661
-0.036985
0.049982
0.066900
0.032454
0.038183
-0.049231
0.045963
-0.039364
0.103501
-0.081060
-0.064282
-0.098024
-0.084508
0.053008
0.027366
0.064722
-0.002465
0.057674
0.108304
0.090682
0.100606
-0.001750
0.017566
0.035537
-0.006347
-0.060977
0.074848
-0.084452
0.060592
-0.029402
0.005067
0.099967
-0.115441
0.094021
0.048165
-0.091458
0.033153
0.007098
0.015066
0.018563
-0.045474
0.066067
-0.109721
0.054349
-0.080266
0.065463
0.008017
-0.096145
-0.090588
0.114831
0.062064
0.086534
0.102230
0.042924
0.078306
-0.110346
-0.046244
-0.090336
0.108402
-0.020224
-0.017649
-0.001019
-0.026169
0.017886
0.113924
-0.048038
0.048442
-0.023774
0.089751
0.051065
-0.067139
0.026253
0.060322
0.040762
-0.034989
0.103719
-0.067076
0.089374
0.107203
-0.072219
0.096366
-0.081990
-0.092521
-0.072707
-0.093360
-0.053416
-0.030958
0.112249
-0.111797
-0.005375
0.053691
0.108103
-0.080263
0.075553
0.069323
-0.102207
0.062340
-0.106552
0.002703
0.071621
-0.068791
-0.099393
-0.031479
-0.024557
0.074441
0.074477
0.025738
0.041890
0.118731
-0.011004
0.083136
-0.098177
-0.115321
0.030688
0.034019
0.001517
0.057045
-0.040589
0.059109
0.008795
-0.039218
0.094668
0.061450
0.083821
-0.112745
0.090633
-0.112672
0.029582
0.110027
0.014527
-0.016075
-0.112162
0.062528
0.078328
-0.099042
0.073499
0.048878
0.078557
0.059629
0.020677
0.019841
-0.009020
-0.028194
0.111759
0.109917
-0.030379
-0.003761
-0.092158
0.085328
-0.015543
0.073666
-0.081660
0.116829
-0.058536
-0.099832
0.019969
-0.114402
-0.102311
-0.076734
0.021722
0.024680
-0.102575
-0.021902
-0.010984
0.108429
0.011693
0.097320
-0.064166
0.043258
0.020613
0.093964
0.084714
0.100420
0.021492
-0.013681
-0.064508
0.016939
0.053327
-0.068379
-0.096253
-0.035124
0.039285
0.101408
-0.090006
0.103792
0.060702
-0.056792
-0.050789
-0.036410
0.046270
0.099694
-0.108781
-0.030716
0.054381
0.096995
-0.070252
0.082538
0.115977
0.087475
0.016302
0.110280
0.004606
-0.103759
0.070681
0.038377
-0.102991
-0.044413
-0.012666
0.009335
-0.100468
0.114193
0.025578
-0.111062
0.024687
-0.066077
0.117987
0.104556
0.078295
0.111470
-0.019947
0.022938
-0.065631
0.014171
0.115433
-0.033173
-0.063310
0.030210
-0.002560
0.023432
0.015097
-0.002984
-0.001343
0.064482
-0.014605
0.032921
0.080166
-0.107539
0.096595
-0.019405
0.026783
0.083389
0.073099
0.016063
-0.036634
-0.015579
-0.018424
-0.013994
-0.103706
-0.062939
-0.116398
0.093178
0.050814
-0.072916
0.021083
-0.018081
0.027577
-0.002980
0.003246
-0.104412
-0.090910
-0.034987
-0.026264
0.050029
-0.009065
-0.098638
-0.057224
0.059354
-0.072496
0.040870
0.031324
0.065330
-0.048436
0.077514
-0.024419
-0.068758
-0.009538
0.007995
-0.042939
0.034353
0.013431
-0.041231
-0.044714
0.032569
-0.090943
-0.072641
0.017601
0.104492
0.027530
0.033930
-0.116116
0.034140
0.044580
0.103154
0.084331
-0.055409
0.007800
0.020400
0.112547
0.090148
0.012726
-0.062097
0.031119
-0.116111
-0.019254
-0.033776
0.011771
-0.062530
0.097144
0.049913
-0.115364
0.038461
-0.014616
-0.049439
-0.062377
0.024470
0.065183
0.081848
0.115455
-0.083227
0.070949
-0.105894
-0.056949
0.105776
0.046212
-0.054529
-0.057055
-0.048350
-0.036003
-0.090872
0.056544
-0.090197
-0.075401
-0.109292
0.070782
-0.111383
0.031892
-0.069239
0.116388
-0.061674
0.056638
-0.035944
-0.040603
-0.069612
0.079234
-0.116364
-0.083439
-0.116728
-0.101033
0.113761
-0.033621
-0.055480
-0.087555
0.047456
0.038918
0.049854
-0.006055
0.060309
-0.046041
0.001846
-0.012644
0.038350
0.042497
-0.055284
0.105098
-0.109572
0.000323
0.113740
0.004973
0.042305
-0.092104
0.099007
0.027321
-0.004150
0.097704
0.077504
0.093016
0.018420
0.097106
-0.094686
-0.079786
-0.091623
0.083661
-0.099776
-0.020587
0.100406
0.114660
0.071875
-0.062029
0.026887
-0.023919
-0.049089
0.030898
-0.070235
-0.097399
-0.038206
-0.111040
0.019081
-0.097707
0.016056
0.086581
-0.037464
0.016817
0.105181
-0.094020
-0.057063
0.076263
-0.061402
-0.059414
0.060526
-0.038474
-0.054172
0.008355
-0.048965
0.099328
-0.107448
-0.078773
0.051015
0.070124
0.056193
0.009496
0.006381
0.025388
-0.006127
0.030252
-0.049980
0.021306
0.107997
-0.055205
0.015424
0.106125
0.021285
0.084711
-0.059979
0.096676
-0.029475
-0.108854
-0.017923
-0.103680
0.105066
-0.026898
-0.069412
-0.008829
-0.073544
0.007887
-0.107940
0.040468
0.021616
-0.064124
0.026351
-0.046317
0.116351
0.063957
-0.013104
-0.063445
0.046856
0.040280
0.010540
-0.115588
-0.063804
0.082304
0.028286
-0.102273
0.047248
0.031613
-0.052315
-0.080361
-0.098917
-0.043328
-0.087816
-0.098499
0.096169
-0.019062
0.112337
0.106922
0.045236
0.082748
-0.054787
-0.071660
0.109641
0.079753
-0.102218
-0.052466
-0.022630
0.040732
-0.001745
-0.027894
0.112494
-0.098850
-0.000177
0.054593
0.077543
0.027596
0.030768
0.059850
0.017472
0.036490
-0.029882
-0.087334
0.064816
0.020584
0.031417
0.109212
0.113244
-0.018058
0.094865
-0.076490
-0.049466
-0.025958
-0.103291
0.114812
-0.045051
0.018253
-0.049435
-0.089693
-0.094218
-0.055320
0.103111
0.018513
-0.019591
-0.098195
0.085357
0.009642
0.094809
0.076795
-0.028970
0.035633
-0.098358
0.098374
-0.102316
0.090495
0.047987
0.073870
-0.096073
0.009664
0.048219
-0.117024
0.035605
0.012981
0.053957
-0.032951
-0.079647
0.112278
0.009314
-0.071806
0.097498
-0.077851
0.012209
-0.050327
0.100942
0.097223
0.009827
-0.032027
0.046896
0.046516
0.021003
-0.086991
0.083323
-0.034519
-0.117728
0.041866
0.002750
0.059731
-0.089060
-0.084400
0.040339
-0.044862
-0.060926
-0.099694
0.085718
0.039066
0.024752
-0.023006
-0.097150
-0.026472
-0.052488
0.045692
-0.051506
-0.003789
-0.051201
0.100308
0.010448
0.036366
0.019095
0.037676
-0.030540
-0.060667
-0.013120
-0.072457
-0.116013
0.044946
0.114077
0.117954
0.050792
0.061288
0.025225
0.020159
-0.094509
-0.043526
-0.081345
-0.032335
0.087878
0.097274
0.035539
-0.007595
-0.002908
-0.059750
-0.029648
0.077777
0.113110
0.071862
0.110881
0.032307
-0.047322
-0.001531
0.013764
-0.109387
-0.115364
0.049740
0.012410
0.074197
-0.038093
0.059193
0.040510
-0.058662
0.107633
-0.051550
-0.032133
0.013656
-0.114171
0.035931
-0.009029
0.090815
-0.103511
0.013690
-0.082636
0.021120
-0.014001
0.036437
0.090122
0.004593
-0.045999
-0.112261
-0.090053
-0.092212
0.096060
0.117336
0.073834
-0.020021
-0.103401
0.040839
0.059474
0.114046
-0.117734
-0.079509
-0.106878
-0.110447
-0.021400
0.100391
-0.044666
0.070141
0.093807
-0.091903
0.040852
0.021178
0.046478
-0.081102
-0.030180
-0.020431
0.080658
-0.051889
0.082080
-0.007859
-0.010507
0.114520
0.052794
-0.079086
0.092139
0.019755
0.114690
0.021426
-0.007629
0.018521
-0.001209
-0.043764
0.099486
-0.058919
0.088953
-0.067572
-0.070137
0.046085
-0.058307
0.031744
0.071433
-0.019143
0.007612
-0.107750
-0.017151
0.105823
0.006543
0.058744
0.098751
0.062396
0.003325
0.001075
0.065852
-0.088744
0.045894
-0.019567
0.019820
-0.001045
0.061561
-0.065322
-0.036503
-0.099073
-0.019415
-0.070271
-0.095504
0.001440
0.065056
-0.000329
0.030920
0.026503
-0.031772
0.048437
-0.017569
0.108100
0.107430
-0.085571
-0.116345
-0.115839
-0.083469
-0.105022
-0.046170
-0.093871
-0.027667
-0.013056
-0.098348
0.008857
0.018690
0.016222
0.100319
-0.066456
0.006070
0.041901
-0.089474
-0.085380
0.075955
-0.077115
-0.081667
-0.026980
-0.074586
0.004239
0.076891
0.022048
-0.017873
-0.073134
-0.073052
0.046916
0.049845
-0.004748
-0.108849
0.097001
-0.117337
0.112041
0.045307
0.085948
0.106691
-0.052583
0.046489
-0.029628
-0.089295
0.104944
0.066695
-0.108748
0.033745
0.059624
-0.057786
0.044129
-0.025188
0.099205
0.047832
-0.050795
0.013118
0.112843
-0.106259
0.028524
-0.103283
0.086868
0.096624
0.056212
0.097958
0.060318
-0.084330
0.105163
-0.046615
0.081170
0.100724
-0.068187
0.058354
-0.087511
0.061381
-0.031860
0.110557
-0.099819
-0.057311
-0.022181
0.105519
-0.012661
0.112780
-0.116006
-0.079313
0.080797
-0.098876
0.073818
-0.112329
-0.047339
0.018966
0.015401
-0.014940
0.031152
-0.100700
-0.038143
0.022949
0.089537
0.039548
0.116975
0.098108
-0.066196
-0.008539
0.102892
-0.039585
0.018625
0.094830
0.103419
-0.050098
0.113245
-0.027904
0.009172
0.051240
0.006229
0.020165
-0.013645
0.106797
0.008259
0.114973
-0.075509
0.034121
-0.050017
0.047210
-0.116625
-0.043033
0.010511
-0.075754
-0.003920
-0.035898
0.029734
0.017778
0.000868
-0.104460
-0.098233
-0.006779
0.087550
-0.084464
0.005825
0.029533
-0.025920
-0.021052
0.037604
-0.109214
-0.044614
-0.097459
0.032735
0.083667
-0.025936
0.016977
-0.054147
-0.036790
0.019763
0.104519
-0.096339
0.032936
-0.052541
-0.067665
-0.103776
-0.043424
-0.014675
0.106555
-0.030320
0.063487
0.017053
-0.030178
-0.028838
0.005007
0.049062
-0.096705
-0.081551
0.026422
0.084545
-0.060689
0.007175
-0.108218
-0.115859
0.079235
0.035244
0.068011
-0.044670
-0.023351
-0.033312
-0.071966
0.011323
0.052946
0.054164
-0.066403
-0.044458
-0.051274
0.072272
0.096685
-0.036575
-0.009724
0.027350
-0.108626
0.034302
-0.061887
0.068961
-0.017256
-0.063854
0.049794
0.030596
-0.102829
0.050687
-0.049786
0.071436
-0.071334
-0.046793
-0.053595
0.033163
-0.003820
0.115697
-0.074344
0.049848
-0.066371
0.031625
0.113089
0.100477
-0.004060
0.105744
0.005934
-0.032436
-0.011364
-0.060988
0.066932
-0.009202
-0.052029
-0.047787
0.103642
-0.065304
0.070556
0.086605
-0.055375
-0.105738
0.007355
0.096741
-0.004133
-0.063291
-0.116640
0.000539
-0.028446
-0.018707
0.101673
-0.046076
0.039140
-0.095568
0.041232
0.053267
-0.104054
0.110247
0.024147
-0.105727
0.064393
0.004934
-0.040201
-0.093404
-0.057040
-0.003495
-0.019410
0.023904
0.043328
-0.017395
0.038723
-0.027378
0.058132
-0.018735
0.020215
-0.081632
-0.020186
-0.005605
0.002428
0.033463
0.080030
-0.098619
-0.017897
0.085988
0.062598
-0.053897
-0.113659
-0.110827
-0.061416
-0.063587
-0.108601
-0.115749
-0.043199
-0.003151
-0.027050
0.066110
-0.074942
-0.084428
-0.045670
0.081143
-0.111665
-0.096557
-0.009424
-0.037589
0.053742
0.113846
-0.105232
-0.102340
0.027198
-0.114133
-0.065810
0.026003
-0.033776
0.089262
-0.093985
-0.118782
-0.025122
0.102450
-0.069742
0.009980
0.084922
0.031525
-0.103378
-0.021931
0.030566
-0.112184
-0.114644
-0.112712
0.009178
-0.111241
-0.052860
0.113106
-0.039394
-0.057257
-0.007647
-0.073277
-0.063177
0.050565
-0.010266
0.012325
0.107517
0.037279
-0.076611
0.059558
-0.023626
-0.082251
0.057670
-0.013447
0.100762
0.042168
0.076998
-0.014587
0.006591
0.077212
0.013417
-0.034814
0.117375
-0.060268
-0.013482
-0.061105
0.102307
-0.114644
0.014739
-0.094906
-0.051470
0.072716
0.050855
-0.055015
0.112763
0.098040
-0.091566
-0.002467
0.111687
-0.071765
0.110279
0.099894
0.036067
-0.083406
-0.104267
0.024853
-0.081903
0.018705
0.090732
-0.065472
-0.030941
0.067049
0.111838
0.050271
-0.101965
0.036784
-0.095699
0.098301
0.099100
0.002971
-0.109588
0.066168
0.038039
0.033463
-0.054298
0.013827
-0.033683
-0.026176
-0.047794
0.114329
0.075685
0.102307
0.023116
0.083213
0.100366
-0.044819
0.035847
-0.042334
0.059474
0.095340
0.060379
-0.078636
0.014402
0.077744
0.043409
0.009832
0.020199
0.084537
0.002534
0.051112
0.073434
0.046433
-0.010413
0.006352
0.097525
-0.015053
0.100379
-0.016835
0.016164
0.086464
-0.039810
-0.118442
0.029447
-0.070140
0.022444
-0.118068
-0.042172
0.076388
-0.013172
0.030376
0.011473
-0.079095
0.015739
0.090199
-0.069910
-0.071296
-0.099902
0.055517
-0.013608
0.063925
-0.109211
-0.103102
0.006181
0.031992
-0.115351
0.099620
-0.053505
-0.014048
0.006276
0.074711
0.014253
-0.073853
0.081001
-0.031911
-0.043731
-0.088029
0.055664
-0.005225
-0.076598
-0.097662
-0.013322
-0.030615
-0.043590
-0.101835
0.008892
-0.040987
0.026836
0.105504
0.042274
0.065160
-0.007821
-0.072580
-0.033229
-0.005405
-0.106727
0.092178
0.034175
-0.017624
-0.083579
0.008518
0.076385
-0.072317
-0.104488
0.016296
0.010855
0.113574
0.078787
0.106862
-0.083324
-0.083266
0.020382
0.078220
0.101785
-0.111226
-0.052662
-0.025110
0.000306
0.117313
0.040820
0.051913
-0.044998
-0.056354
0.055171
-0.114221
-0.097289
0.092057
-0.056659
0.071136
-0.026681
0.040487
-0.107300
-0.096366
-0.069257
-0.081857
-0.060957
-0.101488
-0.017386
0.011580
-0.110875
0.006332
0.101621
0.042272
0.091538
-0.020549
-0.074191
0.113519
-0.076476
-0.099663
-0.108386
-0.001241
-0.097411
0.069702
-0.056796
-0.090692
-0.038286
-0.037517
0.071076
0.084214
0.005149
-0.036153
-0.110860
-0.100095
-0.078861
0.076125
0.073184
0.090819
0.017209
0.023611
-0.084979
-0.081268
-0.051042
-0.107343
-0.016610
0.009998
0.087407
0.030787
0.077554
0.081294
0.033918
0.068558
-0.107395
-0.028492
-0.045696
0.010906
-0.030830
0.103961
-0.101552
-0.082472
0.021327
0.079471
0.103813
-0.084169
-0.079529
0.023451
-0.050984
0.053897
0.049550
-0.089127
0.077469
-0.114339
0.089040
0.037535
0.050925
0.054495
0.010695
-0.076910
0.056798
0.012991
-0.116766
0.099199
0.005569
0.029707
-0.111331
-0.018879
-0.061003
0.029758
0.091223
-0.112227
-0.063275
0.051715
0.083585
0.084069
-0.098667
-0.037559
0.012289
0.115060
0.004703
0.096116
0.022973
0.109962
-0.097708
0.055972
0.051474
0.098576
0.019578
-0.006802
0.029570
0.072124
0.033832
-0.099013
-0.015842
-0.001966
0.041897
0.013257
-0.007365
-0.021232
-0.108990
0.009374
0.052544
0.107580
0.033783
-0.083670
-0.114081
0.004598
-0.111003
0.109694
-0.104062
0.043177
0.095205
0.102628
-0.030438
0.052084
-0.029741
-0.044830
-0.021251
0.026277
-0.063847
-0.078626
0.077060
-0.113258
0.065991
0.002054
-0.021275
0.110179
-0.008116
0.010698
-0.019237
0.029576
-0.022044
0.040270
0.082885
0.013560
-0.044603
0.005441
0.092893
0.078585
0.015296
-0.070382
-0.033549
0.036095
-0.052071
0.098416
0.042939
0.091627
0.058476
-0.036208
-0.084422
-0.114617
-0.044316
-0.042951
-0.070296
0.069779
0.034277
0.061700
0.018117
-0.020849
0.060364
0.091109
-0.048372
0.065535
0.022456
0.052425
-0.046121
-0.072485
0.097027
0.055904
0.026592
0.008520
0.012718
-0.066619
0.031107
-0.036488
-0.074343
-0.118702
0.097912
-0.002882
0.099306
-0.103432
-0.010975
0.103954
-0.049315
0.009641
-0.101382
-0.039301
-0.117566
0.071833
-0.089128
0.064892
0.093857
0.086019
-0.037985
0.007794
0.116367
-0.012185
-0.011199
0.093598
0.021356
-0.031038
-0.066353
0.070995
-0.089145
0.083956
-0.085084
0.041466
-0.024152
-0.053228
0.020800
-0.114987
0.096935
-0.056338
0.103431
-0.092974
0.063054
-0.080806
-0.005139
-0.000845
0.101131
-0.037493
0.013880
0.004036
-0.077004
0.019529
-0.026632
-0.113099
0.021210
-0.060822
0.098040
0.104389
-0.000260
0.087972
-0.100735
0.060473
0.052911
-0.003398
0.067853
-0.101281
-0.092508
-0.005509
0.085422
-0.055263
-0.094261
0.049972
-0.067844
-0.088757
-0.036620
0.000464
-0.059478
0.058794
-0.010084
-0.104491
0.103086
-0.070657
0.073547
0.117237
-0.073033
0.052000
0.042724
-0.065143
-0.091215
-0.051932
-0.067881
-0.031541
0.022298
0.068526
0.038820
0.029724
-0.075662
-0.092782
0.065897
-0.073503
0.071832
0.089738
0.092555
0.009762
0.042069
-0.023987
-0.074362
0.105284
0.024022
-0.032391
-0.105318
-0.065771
0.115183
0.062365
-0.021679
-0.086606
0.090046
0.031725
0.023056
0.118943
0.047024
-0.017624
0.109519
0.017185
0.032945
-0.091764
0.079263
0.016048
-0.093885
0.046252
0.104249
-0.086927
-0.056007
0.042978
-0.111315
0.010911
-0.027932
0.009332
-0.017086
0.077441
0.082645
0.008820
-0.053934
0.044383
-0.061803
-0.113987
-0.089589
-0.056017
-0.072433
0.110992
-0.021842
-0.079415
-0.116354
0.007966
-0.073934
-0.113626
-0.116385
-0.087492
0.026484
0.112158
-0.072573
0.058794
0.102693
0.017869
-0.084021
0.072329
-0.042070
-0.065010
-0.055852
-0.041331
-0.103953
0.041288
-0.040798
0.015414
0.059692
-0.009782
0.109988
-0.076223
-0.062279
0.012476
0.107159
0.064741
0.010892
0.057627
-0.000242
0.049501
-0.060768
-0.019351
0.021009
0.003796
-0.107356
0.089856
-0.055908
0.047331
0.046450
0.057894
0.063911
0.089859
0.114444
-0.059302
0.001586
0.034619
0.106329
0.079672
-0.036270
-0.100350
0.093253
0.019905
0.026208
-0.009668
-0.057363
-0.038767
-0.065949
0.009613
-0.015416
-0.064731
-0.085113
0.007290
0.034670
0.026527
-0.056465
-0.036615
-0.076275
0.046172
0.049247
-0.064580
0.102692
-0.028816
0.039071
-0.115597
0.072976
0.031075
0.040731
-0.097966
0.053132
-0.046793
-0.023991
-0.056563
-0.083655
-0.077953
0.053160
-0.108202
0.053346
0.088253
-0.006074
0.105539
-0.087235
0.079156
0.029887
0.108349
0.016421
-0.081316
0.004460
0.057325
0.113423
0.038721
-0.000670
