0.044825
-0.061718
-0.116151
0.024421
-0.085506
-0.021537
-0.115314
0.103396
0.038760
-0.027508
-0.007898
-0.106460
-0.013439
0.070691
0.100325
-0.010406
-0.083408
0.077964
-0.074123
-0.082389
0.008577
-0.002462
0.007062
0.081330
0.081306
-0.006227
0.004336
-0.077425
-0.079610
-0.111738
0.072996
-0.117139
0.034033
-0.112425
-0.066111
0.095488
0.023504
0.012298
0.004745
-0.021227
-0.036873
0.073459
0.001702
0.008967
-0.095889
-0.108093
0.053722
-0.025358
-0.074540
0.072971
-0.078872
-0.097515
0.005427
-0.007990
-0.017947
-0.092827
-0.070801
0.077602
0.048626
-0.012337
-0.088868
0.038476
-0.114521
-0.068250
0.018208
-0.086658
-0.112409
0.068985
-0.020774
0.085442
-0.007137
0.090054
-0.060807
0.105409
0.109221
-0.110877
0.011239
-0.111468
0.054023
0.053166
-0.039999
-0.053296
0.031127
-0.040660
0.089728
-0.040191
-0.107577
0.008659
-0.047089
0.087864
0.007498
-0.008236
-0.112040
-0.109688
-0.042079
-0.084289
0.025102
-0.031568
0.071976
-0.091837
0.027949
0.068450
-0.080167
-0.020864
-0.006232
0.042627
-0.077108
-0.028575
-0.051194
-0.036267
-0.071729
0.004706
-0.077706
-0.076048
0.011771
0.029388
0.074869
-0.117417
-0.054841
0.078979
-0.094087
-0.045824
0.100538
-0.050228
0.045767
0.108468
-0.081711
-0.060643
0.058693
-0.013289
-0.092436
-0.065617
-0.028231
-0.002304
0.031452
-0.037585
0.069108
0.022057
0.067161
0.113515
0.076684
-0.063520
-0.046878
-0.103515
0.080270
-0.036136
-0.108298
0.032660
-0.021567
0.035951
0.108565
-0.043539
-0.091384
0.035876
0.050950
0.004825
-0.047023
0.001948
0.040877
0.006751
-0.094506
-0.032652
-0.033777
0.102906
-0.001606
-0.045530
-0.015313
0.099869
-0.089859
0.007141
0.075246
-0.021170
-0.110119
-0.036727
-0.056729
-0.050475
0.042289
-0.082238
-0.004940
0.038188
0.111022
-0.002032
-0.019071
0.006011
0.099379
0.026886
-0.018421
0.026710
0.017454
-0.014737
-0.040899
-0.018164
0.052596
0.084728
0.039875
-0.097029
0.052074
0.087896
-0.075308
0.027692
-0.032885
0.106010
0.008406
-0.050544
-0.089586
-0.030969
0.037488
0.026242
-0.061473
0.090668
-0.079122
-0.000106
-0.017858
-0.072478
0.054957
-0.025890
-0.016260
0.028517
-0.032775
-0.042776
-0.050288
-0.116198
0.112088
-0.084071
0.092037
0.006105
0.078853
0.024093
-0.055623
-0.049869
0.060484
-0.089435
-0.116456
0.036668
0.020383
0.102711
-0.032389
-0.061956
0.018221
-0.034814
-0.078904
0.028900
0.001327
0.033202
0.102136
0.056410
0.048660
0.025981
0.044821
0.086858
0.022305
-0.030317
-0.032968
-0.038898
0.100649
0.109247
-0.068057
-0.012225
0.067828
0.023146
0.067170
-0.018852
0.029287
0.039187
0.080253
-0.052293
-0.061500
-0.106309
-0.027383
-0.052227
-0.091711
0.045448
-0.095865
0.001303
-0.116605
0.004788
-0.028095
0.090251
-0.086007
0.001527
-0.009629
0.059060
-0.077069
-0.004998
-0.001864
-0.076649
-0.072280
-0.113768
-0.094512
-0.082524
-0.001312
-0.097654
-0.070548
-0.106796
-0.080787
-0.081278
0.085138
0.040141
0.030852
-0.043203
0.100077
0.001423
-0.096801
-0.050960
-0.007325
0.035040
0.032855
-0.102274
-0.082473
-0.003827
-0.034492
0.097250
0.045473
0.062000
0.008385
0.007766
-0.090311
-0.054328
0.087799
-0.104695
0.077850
0.094917
-0.011484
0.099684
0.115518
0.076051
-0.060648
-0.041272
-0.023343
0.108745
0.077918
0.102284
-0.002101
0.032334
0.105331
-0.050332
-0.117826
-0.006062
0.005884
0.055637
0.009070
-0.110594
-0.092532
0.110678
-0.023493
-0.050919
0.080676
-0.019004
-0.030598
-0.020500
0.094930
-0.019090
-0.075131
-0.064193
-0.113376
-0.116948
-0.102807
-0.027118
-0.105246
0.055398
-0.006272
0.098277
-0.029844
-0.061418
0.073453
-0.046556
0.024990
0.075652
0.026771
-0.039970
-0.045761
-0.100913
0.000466
0.053554
-0.017193
-0.085233
-0.000645
0.005659
-0.103798
0.111077
0.000491
-0.102358
-0.025029
-0.115974
0.077384
-0.085680
0.010011
0.065670
0.050336
-0.021634
-0.016323
0.054639
-0.029988
0.024735
-0.037131
0.015644
0.062484
-0.056061
-0.033150
0.047921
-0.056449
0.052446
0.090037
-0.117601
0.009557
0.095003
-0.087885
-0.042949
0.094037
0.046125
-0.009661
-0.099206
-0.028674
-0.051490
-0.059316
0.069608
0.011668
0.088273
0.058103
-0.053602
-0.052616
0.097313
0.030374
-0.095038
-0.081525
-0.017034
-0.109313
0.115191
0.027283
-0.038576
-0.005613
-0.032780
0.028574
0.000169
0.110120
0.023719
-0.051709
-0.047860
-0.022672
-0.094607
-0.080979
0.032343
-0.088976
0.022110
0.099320
-0.011011
-0.080095
0.008979
0.050822
0.038922
0.001895
-0.026596
0.050858
-0.083563
0.091545
-0.114413
-0.036719
-0.059210
0.096076
-0.116714
0.046789
0.067998
0.060530
0.034424
-0.090774
-0.105124
0.098523
-0.000506
-0.046555
0.031598
0.006502
0.079861
-0.051923
0.062226
-0.072163
-0.057410
0.030216
-0.081755
-0.029533
0.031339
0.112499
-0.072619
-0.067041
0.112109
-0.111086
0.030514
0.012441
0.063921
0.078292
0.096104
0.049161
-0.025082
0.084820
0.026326
-0.026205
-0.106034
-0.116504
-0.108590
-0.029324
-0.064614
-0.061369
0.088640
0.011220
0.108914
0.046829
-0.082724
0.046847
-0.103324
0.076088
-0.063613
0.020898
0.094277
-0.008659
0.007505
0.010224
0.019779
0.066138
0.051897
0.023559
0.055949
0.102081
0.017166
0.091566
-0.009440
0.038036
-0.079910
0.025693
0.085259
0.101647
-0.051367
0.070807
0.001938
-0.041127
0.083182
-0.007630
0.075526
0.091420
-0.074660
-0.011595
0.112985
0.009648
-0.079296
-0.007588
0.102105
0.089762
-0.046753
-0.097577
-0.039328
-0.078603
-0.001352
0.046831
-0.047928
0.007324
-0.101488
0.087098
-0.104807
0.010045
-0.086369
-0.101987
0.112149
-0.000953
0.002465
-0.031943
-0.117255
0.027385
-0.077683
0.072047
-0.037982
0.009898
-0.093304
0.040689
0.021694
0.051019
-0.094560
0.054152
0.015261
0.064027
0.029425
0.066399
-0.061654
0.003142
-0.059581
0.003310
-0.081291
0.113616
-0.104152
-0.072876
0.053186
0.060334
-0.084754
0.056459
-0.101122
-0.108788
-0.062535
-0.107535
0.046849
0.033982
-0.070696
-0.075828
0.088935
-0.020224
-0.102493
0.028816
0.059581
0.000581
0.017555
-0.012513
0.064132
0.110179
-0.037910
-0.099157
0.080248
-0.108932
-0.070737
-0.111278
-0.095051
0.028002
0.001446
-0.111836
0.055567
0.014138
-0.064506
-0.025424
0.112512
0.106692
-0.095120
-0.062358
-0.091554
-0.062325
-0.002914
0.026845
-0.072516
0.012472
-0.064361
0.026519
-0.044732
-0.106636
0.109010
-0.003140
0.102101
0.024895
-0.038930
0.067880
-0.023888
-0.014579
0.045852
-0.062639
0.092730
0.049114
-0.109990
0.111596
0.111967
0.077239
0.027036
0.024472
0.009872
-0.116004
-0.068647
0.033808
0.000756
0.081620
-0.057763
0.098071
-0.096972
0.001223
0.097397
-0.079798
-0.068746
-0.073132
0.097484
-0.029046
-0.048937
-0.014623
-0.008753
-0.091176
-0.065213
0.027360
-0.078923
0.042756
-0.082558
0.000493
-0.099839
0.062967
0.111972
0.016402
-0.036579
0.062000
-0.048906
-0.045480
0.035078
0.087531
0.030937
-0.089363
0.073421
-0.054232
-0.064363
0.081908
-0.113662
-0.043999
0.029538
0.071504
0.051685
0.008099
0.041774
0.107650
0.106511
-0.053737
-0.102972
-0.042250
-0.089254
0.029175
-0.113128
-0.027457
-0.091012
0.118106
-0.008005
0.027549
-0.115983
-0.081025
-0.081707
-0.090846
0.037761
-0.058624
-0.043031
0.011864
0.058113
-0.056064
0.067338
0.084633
-0.040730
0.015984
-0.030072
0.096918
0.017751
0.028109
0.000079
0.040144
-0.103959
0.056711
0.065168
-0.068781
0.004401
0.117029
0.081828
0.040871
-0.034757
-0.054561
-0.026390
-0.068477
0.097275
-0.104288
0.093322
-0.040969
-0.041482
-0.109976
0.110876
-0.112213
0.054157
-0.006767
0.058661
0.109069
0.034423
0.092603
-0.101790
-0.024321
-0.108948
0.039430
-0.005140
-0.078667
-0.118111
0.023194
0.103139
0.053967
0.048026
0.029752
-0.006344
-0.115715
0.022460
0.096973
0.013885
0.052077
-0.083033
-0.066842
0.022638
-0.044829
0.066820
0.010268
-0.114924
-0.045118
0.113515
0.111364
-0.037682
-0.117217
0.098273
0.049019
-0.116322
-0.030695
0.116832
-0.076959
-0.068560
0.026824
0.100656
-0.105681
-0.025228
0.068810
-0.075681
-0.110300
0.105007
0.088012
-0.029970
0.036102
-0.008679
0.062321
0.004544
0.058066
-0.077621
-0.041876
-0.059604
0.046676
0.103945
0.036740
-0.043153
0.040536
-0.029831
0.015104
0.017442
-0.076819
0.081218
-0.042686
-0.059644
-0.032225
0.055277
-0.001221
-0.100514
0.009476
0.068921
0.006999
-0.050166
-0.030449
0.052959
0.112353
0.073542
0.101495
0.072036
0.041763
0.110169
-0.041756
0.024593
-0.055863
-0.073394
0.080532
-0.044895
0.070386
0.110637
0.108273
-0.057862
-0.014646
0.098579
0.053889
0.025366
0.115454
0.032630
-0.028675
-0.106329
0.064635
0.075492
-0.105478
0.023276
-0.101585
-0.030271
-0.004696
-0.011094
0.047879
-0.066607
-0.095138
-0.027671
0.071481
0.096379
-0.005433
-0.107960
-0.025469
0.047257
-0.105960
-0.055971
0.116787
0.107785
0.019812
0.036566
0.087560
0.074050
-0.045589
0.008312
-0.054582
-0.075976
0.010188
-0.069288
0.006101
0.000382
-0.104193
-0.028296
0.075302
-0.113183
-0.040703
0.080993
0.063963
0.099141
-0.017064
0.065756
-0.054040
-0.059634
-0.063943
0.030033
0.070268
0.072397
0.023834
-0.107966
-0.072984
-0.113721
-0.009163
0.080332
0.097138
0.113243
-0.056131
-0.109754
0.068812
-0.004741
0.014449
0.046540
0.045829
-0.087586
0.065575
0.052697
0.047712
-0.097314
0.085191
-0.056839
-0.117133
0.104547
0.056815
-0.098209
-0.003817
0.054045
0.042045
-0.017117
-0.036869
0.046634
0.066247
0.091714
-0.011939
-0.072742
0.062169
-0.056361
0.085928
0.061029
-0.115919
0.000888
-0.094644
-0.095175
0.113504
0.086708
-0.087931
0.111913
-0.068438
0.116781
-0.097586
0.030485
0.116537
-0.114727
0.064142
0.000006
-0.048655
0.007901
-0.058790
0.029419
0.108085
-0.080919
0.110452
-0.101688
-0.085340
0.110985
0.022938
-0.068695
-0.033449
-0.000672
0.038109
0.056171
-0.034385
0.091625
-0.083106
-0.028093
0.006335
-0.074801
0.035342
-0.110758
0.095443
0.104305
-0.010181
0.060419
0.005882
0.004965
0.061571
0.061483
0.041565
-0.118034
0.015110
0.041098
0.105127
0.070667
-0.044653
0.002763
0.022690
-0.064899
-0.059889
0.054676
-0.114347
-0.082614
0.018247
-0.032292
-0.045738
0.023305
0.022660
0.088099
0.113516
-0.050446
-0.028351
0.011208
-0.026261
-0.091676
-0.117842
0.024615
0.107900
0.046041
-0.078101
0.027222
0.105860
-0.084310
-0.107299
-0.110663
0.033821
-0.008208
0.113110
0.098629
0.081388
0.044126
0.034171
-0.102070
-0.070095
-0.075968
-0.104158
0.093324
-0.081604
0.027615
-0.098789
-0.102831
-0.028754
0.031523
-0.043564
0.087622
0.084015
0.052995
-0.027331
0.023210
0.046473
-0.066723
0.056965
0.059286
-0.029760
0.060106
-0.116166
-0.059179
0.117562
0.110585
0.103943
-0.018865
0.028001
0.040680
-0.046316
-0.002486
0.002837
-0.093714
-0.048691
0.114170
0.091899
-0.055196
0.084455
0.079349
-0.110589
0.088238
-0.007057
-0.063258
0.068083
0.064423
-0.064438
-0.043407
-0.089382
-0.117712
-0.037040
0.109716
0.114321
0.024724
-0.077528
0.081144
0.032308
-0.069778
-0.085036
-0.040138
-0.042148
0.113160
0.066260
0.049346
0.057753
0.024900
-0.010693
0.023789
0.097106
0.008209
-0.020000
0.083292
0.051496
0.023917
0.009082
0.090282
-0.004007
-0.034421
0.079149
0.078066
0.045758
0.079874
-0.116879
-0.112833
0.058180
0.006156
-0.019985
-0.117937
-0.050941
-0.016723
-0.093056
0.055349
-0.039904
-0.015213
0.005908
0.020822
-0.020970
0.079650
-0.028838
-0.112095
-0.093103
0.081351
-0.094577
0.086264
-0.096056
-0.050348
-0.009474
-0.033135
0.016524
0.017534
-0.061365
-0.031891
-0.063137
0.034450
-0.106087
0.013246
0.039187
0.054712
-0.067225
0.013567
0.100349
-0.002681
-0.037259
-0.043584
-0.060100
-0.116961
0.027381
-0.028078
-0.067581
0.084990
0.013292
-0.048978
0.028446
-0.025538
0.044539
-0.032684
-0.034186
0.064548
0.112441
0.024213
-0.012802
-0.073725
0.048336
-0.105734
0.091427
0.047030
0.110909
-0.059733
-0.031784
0.107880
0.085974
-0.081166
0.033626
-0.073673
0.115119
0.066827
0.103752
-0.039201
0.065288
-0.106376
0.007078
0.023708
-0.054617
0.056129
0.116020
0.019527
0.064198
-0.039187
-0.028233
0.030701
0.070250
0.107894
0.006015
0.068762
-0.053646
-0.105651
-0.062669
0.007897
-0.015590
-0.091919
0.075117
0.030019
0.109102
-0.091731
0.072191
0.065403
-0.013381
-0.017549
0.003664
-0.105649
-0.071862
-0.102577
0.075043
-0.091882
0.092980
0.104581
0.053495
0.075413
0.060840
0.050915
-0.012203
-0.104318
0.025713
0.001072
0.093510
-0.025898
0.062262
0.111641
0.049424
0.032879
0.100753
0.103733
-0.096901
0.062208
0.084375
-0.052680
-0.066388
-0.061309
0.018506
0.009700
-0.099366
-0.092099
-0.010022
0.030945
0.092838
0.101653
0.068005
-0.043055
-0.099447
0.058756
-0.008805
-0.041285
-0.100390
-0.068721
0.040479
-0.064139
-0.072546
-0.005923
0.082944
-0.011817
0.064563
-0.050238
0.001584
0.056649
0.038444
0.043978
-0.087453
0.072498
-0.018945
-0.061246
0.004996
0.087080
-0.016566
-0.016095
-0.045793
0.072326
0.002488
-0.075509
0.000664
0.030411
-0.065404
0.030930
0.091396
-0.092078
0.067220
-0.062602
-0.085110
0.054207
-0.036139
0.097540
0.032759
-0.062827
-0.004529
-0.017542
0.072012
-0.101822
0.015883
0.039189
-0.047808
-0.089046
-0.041968
0.001607
0.033840
0.081002
0.095237
0.055675
-0.050939
0.053180
0.015248
-0.093642
-0.088220
-0.026460
0.022861
0.052715
-0.059259
0.061885
0.100544
-0.094309
0.095149
-0.005678
-0.084384
-0.099741
-0.106676
-0.007652
-0.013777
-0.012162
0.030766
-0.034755
-0.048651
0.046404
0.051388
-0.040042
0.110609
0.038543
-0.113875
-0.024092
-0.096412
0.019198
0.075535
-0.093441
-0.044498
0.063630
-0.092591
-0.106182
0.108932
-0.041263
-0.056671
0.062099
0.046455
-0.067695
-0.026270
-0.069145
-0.025746
0.108061
0.030549
-0.019650
-0.029652
0.116585
-0.036984
0.048859
0.076499
-0.068155
-0.029744
-0.026936
0.105130
-0.064388
-0.115500
0.114944
0.031812
0.041927
-0.080671
-0.081777
-0.005766
-0.048289
0.095699
-0.036660
0.012952
0.090985
0.059420
0.099888
0.004801
0.059949
-0.072429
0.019200
0.066806
0.032919
-0.108425
-0.098944
0.066978
0.024952
0.100274
-0.083322
0.023190
0.063060
-0.070963
-0.038506
-0.045139
-0.090140
0.071906
-0.032003
-0.112372
-0.063392
0.109964
-0.083482
0.084490
-0.117649
-0.018788
0.004112
-0.043732
0.106995
-0.094586
0.090773
0.053239
-0.043856
0.008119
0.041135
-0.029958
0.029118
-0.087654
-0.096834
-0.101627
0.083280
-0.085217
0.026925
-0.085458
-0.005954
0.069594
0.073461
0.052847
-0.111643
-0.030163
0.046271
0.033601
0.038845
-0.108129
0.083829
0.012141
0.106962
-0.015066
0.092443
-0.074858
-0.075431
0.111302
0.070475
0.075868
-0.030703
-0.081613
0.028767
0.101933
0.086769
0.101872
-0.107645
0.027006
0.109993
0.017406
0.100018
0.040078
-0.042163
-0.075100
-0.110926
0.046339
-0.049719
-0.037550
0.096243
-0.098861
0.028087
-0.117810
-0.007380
-0.064507
0.006092
-0.008203
0.043889
0.105267
0.078264
0.031180
-0.106269
-0.036389
0.110331
0.012469
-0.073211
-0.022707
0.009486
-0.041540
-0.035659
-0.074099
-0.044344
0.080005
0.026683
0.024561
0.000814
-0.073045
0.079796
-0.075457
-0.016510
0.099483
0.047832
0.058476
-0.091412
0.041639
-0.027535
-0.105650
0.117593
0.002560
-0.039922
-0.056850
-0.093234
-0.004390
0.065430
0.043524
-0.101337
0.104464
0.056225
-0.078964
0.076922
-0.010530
0.005942
0.105310
-0.021301
-0.041592
-0.037072
0.020857
-0.063676
-0.018216
-0.001970
0.107669
0.107054
-0.086488
0.053436
0.011502
-0.087754
-0.027868
0.029453
-0.050357
-0.113981
-0.077989
-0.111834
0.110889
0.085523
0.001601
0.011539
0.060581
-0.023766
-0.039157
-0.051385
0.062184
-0.006198
-0.065941
0.043674
0.016192
-0.053022
-0.019177
0.111251
0.077045
-0.038842
0.105898
-0.026367
0.047367
0.054910
0.074006
0.092616
-0.065846
0.097310
0.060345
0.021158
0.004898
0.079703
0.024639
-0.052692
0.110804
-0.112452
-0.091139
0.103436
0.060984
0.068245
0.053921
-0.023753
-0.109632
-0.016437
-0.093773
-0.023436
-0.041714
-0.040927
0.049230
0.088244
0.098830
0.055373
-0.095547
-0.083887
0.043456
0.109313
-0.034131
0.092669
-0.083073
0.082862
-0.090558
0.030681
-0.104530
0.043366
-0.047931
-0.081187
0.107280
-0.066040
-0.067848
-0.096051
0.092210
-0.062189
-0.060138
0.072830
0.092481
-0.093434
0.050992
0.049451
-0.088954
-0.065935
0.042175
-0.016861
-0.098219
-0.025568
0.001505
0.095552
-0.038990
-0.083011
0.037978
0.057404
-0.086021
-0.070028
0.067017
-0.050569
-0.026866
0.026823
-0.090547
0.046112
0.058413
0.078604
-0.104717
0.091248
-0.114571
0.041718
-0.094525
-0.082778
0.096992
0.049200
-0.013019
-0.015927
0.101114
-0.000767
-0.115115
0.083392
-0.117856
-0.050510
0.112269
-0.024459
-0.052913
0.069072
0.067178
0.087222
0.107478
-0.039271
-0.071093
-0.105555
0.105370
0.027988
-0.067799
-0.004945
-0.038555
-0.041859
0.064999
-0.096756
0.076089
-0.107663
0.108199
0.101339
0.116272
0.009226
-0.019541
-0.103681
0.071987
0.058619
-0.092303
0.108247
0.040863
0.012332
0.099211
0.058370
-0.095760
-0.025516
-0.059167
0.032620
0.115396
0.025858
0.027597
-0.039417
0.068094
0.018932
0.047414
-0.101833
0.069537
-0.092506
0.074822
0.054036
0.010205
0.091631
-0.070783
0.094979
0.039288
-0.090303
-0.033980
-0.047885
0.069834
0.052135
-0.017021
0.109265
-0.072112
0.060568
-0.103073
0.080325
-0.094470
-0.000710
0.028919
-0.076956
0.061905
-0.030652
-0.110856
-0.059324
0.087623
0.112947
-0.111605
0.050527
0.001542
-0.116480
-0.111079
-0.088972
0.069472
0.076580
-0.106899
0.027357
-0.113453
-0.069933
0.012644
-0.040749
0.080567
0.096623
-0.072724
-0.105764
0.029945
-0.012714
0.033967
0.070505
0.022145
-0.091210
-0.016405
0.080526
0.019804
0.087438
0.038580
-0.028140
-0.049923
0.080577
-0.002487
-0.114296
0.078462
0.069862
-0.069369
0.062716
0.111727
-0.083085
-0.017950
0.002808
-0.102108
-0.081280
-0.088832
-0.041841
0.117353
0.043376
-0.041496
-0.097115
-0.049397
-0.027486
-0.033030
0.097722
-0.073717
0.015876
-0.092110
-0.077839
0.075650
-0.061051
0.025121
0.085718
-0.025636
-0.100831
-0.117052
0.070629
-0.094731
0.045236
0.004911
-0.015435
-0.100639
-0.019965
0.047767
-0.109027
-0.019195
-0.000932
0.036539
0.060909
-0.026340
0.016204
0.033021
-0.044115
0.024752
-0.014587
-0.109187
0.068894
0.029772
0.034062
-0.009652
-0.014142
-0.046647
0.061782
0.115811
-0.083962
0.070933
-0.068800
0.012677
0.089022
-0.107533
0.006392
-0.097916
-0.088674
-0.063959
0.117639
-0.020478
-0.074517
0.050717
0.053990
0.016716
-0.039497
-0.057282
0.045090
-0.016251
0.034521
0.051019
-0.008724
-0.095450
0.074457
-0.054557
-0.020030
0.000218
0.046724
0.081502
-0.109504
0.094621
0.077830
0.022213
-0.089622
0.040048
-0.008767
0.115671
0.010683
-0.062278
0.023383
0.026639
0.042214
0.028932
-0.076846
0.102931
0.080885
0.067869
-0.096039
-0.063260
0.104945
-0.030575
0.064776
0.084873
0.080904
0.033855
-0.024024
0.063788
0.044447
0.092413
-0.092362
-0.036864
-0.023293
0.048274
-0.101110
0.041782
0.092206
0.032490
0.085565
0.027530
-0.011946
0.049297
-0.037345
0.042421
0.104777
0.093489
0.033969
0.094813
0.037193
0.014201
0.105718
-0.014357
-0.079415
-0.050286
0.045628
0.037202
-0.018980
0.063128
0.056543
0.058778
-0.074848
0.052593
-0.055508
0.039966
-0.068688
-0.071300
-0.089923
-0.037408
0.110228
0.097484
0.084706
0.053899
0.038873
-0.086386
-0.011676
-0.106989
-0.031221
-0.018783
0.070049
0.080532
0.037019
0.104836
-0.046007
0.110302
-0.102063
0.061723
0.060980
0.100260
0.085097
0.050806
-0.096125
0.035125
0.112540
0.063337
-0.046073
0.058360
0.064713
-0.091675
0.069891
-0.043818
0.043690
0.100817
0.113350
-0.007043
-0.020122
-0.086791
0.112223
0.017012
-0.040893
-0.113092
0.114688
0.011017
0.112692
-0.092412
0.116371
0.112483
-0.001368
0.098468
0.004460
-0.101424
-0.025596
0.031636
-0.058789
0.048147
0.006479
0.062038
0.063493
-0.072514
-0.047173
0.086400
0.034396
0.073872
-0.078135
0.045318
-0.096178
-0.054116
-0.002241
-0.092384
0.101129
0.048959
-0.107115
-0.012132
-0.010405
-0.098912
0.023579
-0.062144
-0.001701
-0.006065
-0.070081
0.054542
0.034219
-0.064033
0.009141
-0.069799
0.032312
-0.086228
-0.083553
-0.050985
0.080992
0.013639
-0.116141
0.079359
-0.070077
-0.006614
0.023475
0.105281
0.101112
0.008690
-0.003582
0.053034
0.079820
0.090007
-0.075445
-0.013547
0.097029
0.001743
-0.057844
-0.048299
0.063571
0.012089
-0.040873
0.065410
-0.097114
-0.042105
-0.027139
0.043898
-0.109467
-0.044726
0.100249
-0.043199
0.030357
-0.032778
-0.115196
0.089761
0.049878
0.106798
-0.024509
0.026132
0.005736
0.082596
0.112123
0.087039
-0.049935
-0.059420
-0.072926
-0.104563
0.014934
-0.097047
0.028215
-0.117635
0.053075
0.100690
-0.012364
0.065771
-0.107304
-0.052271
-0.113425
-0.078820
0.103801
-0.095176
0.060552
-0.018592
0.114197
-0.098891
0.058667
-0.080694
0.051689
0.102946
0.007589
-0.062459
-0.105742
0.114998
-0.051674
0.039239
-0.030890
-0.094766
-0.116455
-0.025430
-0.032341
0.112199
0.000346
-0.024714
0.117452
0.100663
0.087673
-0.084605
0.022438
-0.008868
-0.053832
0.021237
-0.007393
-0.025808
-0.068677
0.025547
0.092035
0.033942
0.065749
0.024382
0.088116
0.099805
0.074959
-0.064397
0.072810
-0.081932
0.099639
0.018687
-0.091998
0.022603
0.069288
0.062469
-0.010242
0.086263
0.101964
0.089109
0.026106
-0.068730
0.106640
-0.005123
-0.117940
0.066304
0.112127
-0.000611
-0.047367
-0.106384
-0.057909
0.017671
0.059752
0.046059
0.071387
0.034671
0.096680
-0.030262
-0.056942
0.047967
0.095616
0.047717
0.058676
0.117519
-0.079381
0.004831
0.065611
-0.078730
0.075878
0.064582
0.086322
-0.002912
0.010937
-0.048648
0.017422
0.046175
0.074185
-0.047029
0.117714
0.063348
-0.064233
0.062843
-0.062904
0.001966
-0.008088
0.015432
0.089894
0.044895
-0.024596
-0.070980
0.002362
-0.054347
0.117403
0.091556
-0.033946
0.092468
-0.040155
-0.057998
0.082419
-0.072784
-0.013213
0.019686
0.089844
-0.033401
-0.022405
0.103757
0.076697
0.063413
-0.004907
0.066093
0.090819
0.087082
-0.096669
0.040298
0.039320
-0.098806
-0.024688
-0.108340
-0.019871
-0.050711
0.082888
-0.117013
-0.033857
0.051971
0.005222
0.093734
-0.023377
0.115429
0.022995
0.052748
0.054759
0.022933
-0.080374
0.035775
-0.081092
-0.064610
0.105362
-0.036624
0.064486
-0.072516
-0.110307
-0.064348
-0.047962
0.097982
-0.019997
-0.005988
-0.066455
-0.104231
-0.042156
0.000118
-0.022214
0.075667
0.025664
-0.106284
0.058509
0.018626
-0.045014
0.024824
0.040676
0.070167
0.012504
0.117241
-0.059874
-0.096252
0.115628
-0.113828
0.022066
-0.079565
0.066076
-0.016611
0.037555
-0.095662
0.047300
-0.032865
-0.006190
-0.058979
0.106903
0.025943
0.081259
0.109169
0.043086
0.114868
-0.081100
0.038408
0.071801
0.096572
-0.075026
0.064150
0.080650
0.000122
0.048121
0.070324
0.044372
-0.035113
-0.023415
-0.052602
-0.047521
0.047854
-0.107951
-0.075416
0.049039
-0.083888
-0.029180
0.072892
-0.023813
-0.097884
-0.065239
-0.066037
0.097523
0.068382
0.020431
-0.114378
0.013975
0.086540
-0.029631
-0.031393
-0.007219
-0.036975
0.001625
-0.037402
-0.015070
-0.096711
-0.117422
-0.077542
0.093644
0.040850
0.068253
-0.041308
0.048710
-0.113427
-0.061589
-0.101759
0.027791
0.015456
-0.107322
0.004225
-0.072486
-0.091465
0.062495
-0.079303
-0.096063
-0.110226
-0.071858
-0.109550
0.046860
0.037380
-0.110582
0.061018
-0.083890
0.062756
0.105469
-0.031903
-0.097854
0.114715
-0.025935
-0.062746
-0.001496
0.061835
0.047790
0.029974
0.044417
0.091808
0.041807
0.049628
-0.091588
-0.026608
0.003526
-0.063162
-0.045565
-0.057072
-0.012517
0.062298
0.001101
-0.075060
0.080872
-0.104843
0.061861
0.098222
0.019251
0.096738
-0.005552
0.070871
-0.069977
-0.045792
0.082315
-0.086308
0.089591
0.036516
0.011583
-0.047200
-0.117327
0.049210
-0.033595
-0.070328
0.065736
-0.100530
0.044581
-0.023694
0.100812
-0.070855
-0.069813
-0.070929
0.115695
0.116811
-0.006690
-0.111243
0.014418
-0.041567
-0.050573
-0.042176
-0.020150
-0.023522
-0.107868
0.006871
-0.000362
0.088521
0.051263
0.079462
0.040776
0.081956
-0.057760
0.037258
0.052667
0.033020
-0.026134
-0.049602
-0.099679
-0.044212
0.025036
0.020513
-0.116399
0.075280
-0.079114
-0.010062
-0.092305
0.075209
-0.078483
0.074714
0.009926
0.062893
-0.106666
-0.030345
-0.046603
-0.041433
0.093917
-0.098476
0.044138
0.094592
0.062568
-0.036568
-0.103376
-0.056472
-0.025256
-0.045522
0.084274
-0.036304
0.055655
-0.074496
0.087189
0.050222
0.065737
0.005018
0.057060
0.061076
0.106537
-0.033464
0.068811
-0.080017
0.045733
-0.017976
-0.034517
0.078625
0.058188
-0.037712
-0.083023
-0.066885
0.006527
0.071079
0.116104
-0.113518
-0.046207
-0.020819
-0.004229
0.035292
0.103259
-0.077972
0.052868
0.037244
0.115129
-0.077989
-0.000115
-0.060828
0.060212
0.056052
-0.108708
0.108916
0.066238
0.073068
-0.103562
-0.056400
0.099564
-0.094936
-0.104896
0.012942
0.117332
0.104527
-0.027266
-0.069427
-0.004853
0.106941
0.021348
0.003460
-0.003464
0.017223
-0.100205
-0.036575
0.043165
0.002777
0.077881
-0.040636
0.059418
0.118096
0.034042
0.070019
-0.023071
-0.064315
0.074282
-0.107908
0.084356
-0.102657
0.105412
0.080537
-0.007791
-0.048415
0.089875
-0.104913
0.116209
-0.010200
-0.031716
0.000228
0.111098
0.024251
-0.012088
0.114811
-0.095343
0.026757
0.031871
-0.073005
-0.077330
-0.048067
0.089115
0.078453
0.013610
-0.018273
-0.035895
0.053919
0.104457
0.031471
-0.071449
-0.102918
0.116625
0.091843
0.060797
0.003377
0.048781
-0.049438
-0.080828
-0.112610
-0.056549
0.077962
-0.112881
-0.070169
0.009749
-0.079353
0.090340
0.102121
-0.091566
0.012716
0.100341
0.018990
-0.047615
0.001983
-0.091016
-0.042187
0.053750
-0.002724
0.003219
-0.036384
0.073125
0.038025
0.061657
-0.002825
-0.054044
-0.033327
-0.040096
0.117172
0.007713
-0.077110
0.084191
-0.106376
0.020267
0.087962
-0.004127
0.040229
-0.022558
-0.082865
-0.014925
0.108751
0.044746
-0.080344
-0.097697
-0.110516
-0.015455
-0.117450
0.072448
-0.100655
-0.060714
-0.044322
-0.074594
-0.055330
0.041343
-0.045831
-0.100800
-0.002038
0.103763
-0.065881
-0.067126
-0.012499
0.071788
-0.109474
-0.067250
0.038527
0.097798
-0.061197
0.105358
-0.078802
-0.045201
-0.016280
0.035538
0.041722
-0.082459
0.029435
0.043281
0.007248
0.045200
0.044180
-0.012763
-0.011242
-0.010079
0.048230
-0.000329
-0.072676
-0.020951
0.096825
-0.054994
0.107738
0.104363
0.033008
0.027036
0.090025
-0.115821
-0.071541
0.005990
-0.001437
-0.043745
-0.057040
0.077120
-0.086747
-0.112670
-0.063562
-0.096244
-0.090624
-0.068483
0.007071
-0.005533
0.091411
0.029879
0.025132
-0.090575
0.044035
0.097059
0.016696
0.116262
0.048933
-0.000726
0.031489
0.112110
-0.103940
0.001493
-0.019085
0.058957
0.019546
-0.002386
0.016664
-0.079400
0.045790
-0.100446
-0.084242
-0.102830
-0.026014
-0.095328
-0.003424
-0.111154
0.042554
-0.003615
-0.112241
-0.025698
0.018947
-0.059296
0.016419
-0.032157
0.067161
-0.093506
-0.047848
0.095652
-0.114140
-0.015541
-0.014316
-0.045356
0.049376
-0.049225
-0.050152
-0.048790
0.046664
-0.111728
0.065494
-0.089625
0.004131
-0.109300
0.080048
0.105396
-0.118050
0.080968
0.084355
-0.010049
0.044077
0.084137
-0.088457
-0.020468
0.071963
0.006435
-0.025638
0.054402
0.037136
-0.114122
0.008792
0.075409
-0.005744
0.099829
-0.090807
-0.074675
0.076529
-0.098946
-0.013095
0.060485
0.059196
-0.113761
-0.111907
-0.037987
0.103995
-0.014639
0.072282
-0.073640
-0.096043
0.039137
0.018393
-0.091244
-0.098298
-0.097979
0.065167
0.075853
0.024962
0.097056
-0.035141
0.075672
-0.003920
-0.100036
0.111192
0.060082
0.113542
-0.042994
-0.075504
-0.060843
0.073496
-0.029753
-0.079853
-0.065198
0.013963
-0.005570
-0.079915
0.106556
0.104093
0.030319
-0.041997
-0.001004
-0.080361
0.023072
0.043658
0.026165
0.038090
-0.050365
-0.061653
0.038477
-0.096084
0.101305
-0.094140
-0.108685
-0.094260
0.028542
-0.097320
-0.058258
0.077363
-0.006289
0.078536
-0.082963
-0.113586
-0.039363
0.006602
-0.056887
-0.002893
-0.011888
-0.085901
-0.101992
0.047160
-0.090437
0.009079
-0.089507
-0.114258
0.063938
0.032457
-0.067481
-0.048332
0.114392
0.041258
0.029900
0.113144
-0.026772
0.079707
0.092468
0.105692
-0.058328
-0.099295
-0.014617
-0.104708
-0.115986
0.100180
0.011919
0.117761
-0.087845
-0.075333
0.047888
0.101615
-0.067967
0.052270
0.049580
0.010227
-0.094627
-0.015628
-0.005770
-0.103256
0.081568
0.066120
-0.004424
-0.011756
-0.058537
0.068451
-0.001099
-0.107680
-0.034276
0.033555
0.109275
-0.003655
0.090592
0.036771
-0.062241
-0.033289
0.045433
-0.104922
0.104581
0.003578
-0.092762
-0.065943
0.071866
0.017825
0.014018
0.115992
-0.083860
0.098206
0.072810
-0.074844
-0.042180
-0.037892
-0.073981
-0.046171
0.030973
0.053127
-0.007549
0.037575
-0.027057
0.056361
-0.000569
-0.054205
0.063478
0.002030
0.042969
-0.036312
-0.021035
0.106903
0.000397
-0.028190
-0.104471
-0.035875
-0.100487
0.006074
-0.106509
0.057949
-0.057240
-0.117702
-0.113181
0.105478
0.109999
0.087090
0.094483
0.031265
0.073661
0.070873
0.084579
0.011993
-0.012346
0.095782
-0.060530
-0.096611
0.055358
0.057596
0.114289
0.021177
-0.071705
0.011923
-0.096414
0.055604
0.025219
-0.072317
0.059021
0.079013
-0.092665
-0.071352
-0.074380
0.075676
0.018712
0.091145
0.013340
-0.040852
0.110186
0.003846
0.098529
-0.065463
-0.086766
0.009404
0.001705
-0.089666
-0.060217
0.090768
0.108008
-0.107461
-0.102272
-0.042644
0.049212
-0.096085
-0.046059
0.060156
-0.025641
-0.070175
-0.110791
-0.012759
-0.047186
0.033014
-0.000551
-0.013539
-0.106185
-0.072424
0.105822
-0.106770
0.087323
-0.067929
0.020554
-0.053292
0.109395
0.005737
-0.048662
0.040400
-0.101133
0.083375
0.072679
0.016070
0.030428
-0.064041
-0.016773
-0.005379
-0.000892
-0.105557
-0.007732
0.101857
-0.106860
0.027340
0.085657
0.041048
0.006577
0.011048
0.115053
0.063510
0.053218
-0.083127
-0.019993
-0.044302
0.078310
0.011113
-0.023156
-0.024499
-0.036139
-0.076224
0.007115
0.043415
-0.026053
-0.104650
-0.091688
-0.098784
-0.078539
0.082557
-0.049343
-0.055175
-0.088144
-0.006313
-0.078277
0.040650
-0.014463
0.036860
-0.073010
-0.065114
0.070935
0.107864
-0.089883
0.078209
0.056660
0.044307
0.008763
0.003542
-0.047621
-0.099948
0.038796
-0.098980
0.046712
0.099529
0.005532
-0.025452
-0.007796
-0.001161
-0.078329
0.016346
0.072085
0.098854
0.095673
0.009985
-0.000951
-0.107425
-0.060775
0.024263
0.058521
0.066917
0.102016
-0.047342
-0.013899
0.077898
0.002062
0.003949
-0.024134
-0.040577
0.080768
-0.023625
0.033720
-0.042670
-0.011859
-0.114604
0.021947
0.087865
0.078824
-0.029923
-0.049366
0.108169
-0.036155
-0.064846
0.079815
-0.082302
0.039815
-0.018530
-0.027998
-0.116540
0.022009
0.007001
-0.087496
-0.033338
0.073713
-0.063879
-0.050397
0.008613
0.029466
0.017103
-0.068711
0.045019
0.113773
0.035152
0.072653
-0.001991
-0.115413
-0.115764
0.014297
0.097048
0.057199
-0.108219
-0.029936
-0.083858
-0.013906
0.025833
0.017492
0.038083
0.013494
0.002714
0.108412
0.059734
-0.071326
0.037404
0.088536
0.022291
0.010009
-0.112359
-0.068528
-0.044334
-0.044081
0.037915
0.020499
0.052833
-0.002047
0.073575
0.041035
0.114187
-0.062711
0.088945
-0.067665
-0.027177
0.098689
0.093589
0.023385
-0.085716
0.111608
-0.079900
-0.001824
-0.110627
-0.112627
-0.090594
-0.082856
-0.015121
-0.093770
-0.077428
0.029716
0.048829
0.051817
0.068135
0.040604
-0.046477
-0.040706
-0.064771
0.062641
-0.030392
0.076502
-0.042000
-0.039163
0.004827
-0.009270
-0.113614
-0.115419
0.062936
-0.104808
0.045206
-0.112483
0.102349
-0.013182
-0.074713
-0.021085
0.048879
0.003491
-0.023114
0.031065
0.097854
0.001473
-0.023159
-0.082460
0.054111
-0.065001
0.036039
-0.099661
0.030689
0.105248
0.033739
0.021788
0.005771
0.105850
0.051528
0.034033
-0.053910
-0.008841
0.097703
-0.113202
0.101311
0.000234
0.043399
0.089691
0.115963
0.017447
-0.056064
0.020390
0.023777
0.023386
0.094182
0.043274
0.041478
0.009753
0.053612
0.034297
0.112138
0.114315
0.027995
0.076487
-0.093208
0.105811
0.063079
0.025221
0.097752
-0.036394
-0.110636
-0.094582
0.076836
0.102153
0.013370
-0.106402
0.057079
-0.006940
0.047308
0.112749
-0.015824
-0.029559
0.097727
0.045564
0.076393
-0.079191
-0.076387
0.028916
0.036288
0.071925
0.107993
-0.024433
-0.047944
0.007984
0.091958
0.021081
-0.103780
0.065458
0.069374
-0.055271
-0.092545
-0.081921
0.083776
-0.070039
-0.082851
0.047667
-0.000973
0.051315
0.078541
0.096741
0.092488
0.014619
0.000800
-0.031654
0.110560
0.062070
0.106812
0.038916
0.034722
-0.038974
0.012618
-0.055739
0.065142
-0.047064
0.108510
0.018563
0.025730
-0.004018
-0.047758
0.108927
-0.019611
-0.111694
-0.116253
-0.005439
-0.026900
-0.074501
-0.004512
-0.099540
0.014886
0.111016
-0.072811
0.024999
0.041433
-0.106981
-0.027359
0.000017
-0.067146
-0.004774
-0.001091
-0.110577
0.038596
0.069936
-0.000625
0.076570
-0.060535
-0.016827
0.111369
0.056129
-0.070770
0.115135
-0.052224
-0.021713
0.031516
-0.091644
-0.088290
0.116275
0.090398
-0.113936
0.036818
0.009673
-0.079134
0.062518
-0.020100
-0.043277
-0.056171
-0.076901
0.080420
-0.060442
0.042037
0.027145
0.001502
-0.060276
0.029966
-0.061624
0.036227
0.076931
0.110676
-0.076852
-0.117803
0.064899
-0.087947
-0.024174
0.078785
0.056887
-0.086226
0.063645
-0.115801
0.112353
0.114896
0.080412
0.057879
-0.090211
0.052611
-0.009949
0.008478
-0.087261
0.037155
0.012671
0.008792
-0.000405
0.030935
-0.109747
-0.013527
0.038399
-0.009066
0.058316
0.000177
-0.004936
0.044561
0.092782
0.082711
-0.008640
-0.012880
-0.000319
0.103309
0.000562
-0.067935
-0.079612
0.013214
0.116867
0.020959
0.112651
0.064457
-0.069235
-0.021783
-0.080930
0.102554
-0.018074
-0.097874
0.093148
0.078273
0.059904
-0.073749
-0.050819
-0.070281
-0.053534
0.006614
0.027439
-0.023538
0.031192
-0.105178
-0.054742
-0.093046
0.040543
0.060154
-0.068210
0.062604
-0.097280
0.017347
-0.041154
0.095873
0.034653
0.004740
0.084972
-0.012686
-0.053933
0.059981
0.036419
-0.026723
0.084215
0.007274
-0.102411
-0.114316
-0.065440
0.101943
-0.038820
0.040426
0.115975
-0.089467
-0.055255
0.083132
-0.108355
-0.019728
0.111803
-0.075426
-0.081068
0.004141
-0.060853
-0.069459
0.053396
0.090502
0.000242
-0.072911
0.103246
-0.043185
-0.093877
0.006380
0.057819
-0.030659
0.032961
-0.016287
-0.085423
-0.081070
-0.017238
0.027602
-0.081407
0.049937
-0.096388
0.073756
-0.002547
0.086132
0.073107
-0.056799
-0.083034
-0.060978
-0.085690
0.030729
-0.081407
-0.019396
-0.041476
-0.076823
-0.089113
-0.055513
0.095212
0.060258
0.116737
-0.091493
-0.003378
-0.047434
-0.024352
0.041439
-0.053062
-0.043378
-0.035495
-0.004199
-0.058386
-0.016555
-0.070612
0.058898
0.007039
-0.041948
0.008562
-0.017475
-0.070410
0.069582
-0.101554
0.109692
-0.108528
-0.035022
0.010924
-0.036402
-0.054559
0.009360
-0.020004
-0.095400
-0.062709
0.007391
-0.007909
-0.058856
0.046930
0.079117
0.040040
0.085356
0.022268
-0.016399
-0.106008
-0.043239
-0.087734
-0.015920
-0.007910
0.075655
-0.061012
0.108052
-0.034241
-0.020605
-0.108801
0.016620
0.036602
-0.024412
-0.036498
-0.105586
-0.067005
0.030536
0.017667
-0.057275
0.051960
0.006514
0.094412
-0.067556
-0.032268
-0.115846
-0.026959
-0.087615
0.001916
0.015612
0.046092
0.057770
-0.112474
-0.115949
-0.083312
0.088614
0.054167
0.006509
-0.107458
0.063830
-0.010098
-0.043720
0.083300
0.055456
0.072121
-0.074744
-0.009498
0.010920
0.028818
0.044605
0.030166
-0.083006
-0.055886
-0.039231
-0.082789
0.000234
0.027724
-0.097584
0.029280
-0.097661
0.034040
0.107944
0.098625
-0.097873
-0.030824
0.075882
0.035337
-0.020339
0.115410
-0.048826
-0.012393
0.030195
-0.110224
0.098972
0.094225
0.053096
-0.008500
0.100123
0.000334
0.090590
0.098714
-0.047379
0.061775
-0.077190
0.073085
0.019001
0.081746
0.117681
-0.023445
0.007928
0.055242
0.014434
-0.032956
-0.049791
0.085785
0.078042
0.096510
-0.117069
0.098270
-0.038145
-0.068299
0.109388
-0.053432
0.009564
0.081780
-0.085942
0.019321
-0.035835
-0.072972
0.035121
-0.013299
0.013056
0.095299
0.117184
-0.111311
0.040245
-0.078660
0.012151
-0.000965
0.075583
0.097294
-0.109653
-0.023393
-0.027364
0.002128
-0.053756
-0.057268
-0.026045
0.084584
0.058417
-0.106258
0.013670
0.082047
-0.084119
-0.035190
-0.015640
-0.068841
-0.056489
-0.092596
0.070443
0.024663
-0.117036
-0.019796
-0.054407
-0.116699
0.006010
0.058454
-0.038515
0.111983
0.011470
-0.011679
-0.107395
0.025820
-0.113814
0.006968
0.043303
-0.037719
-0.098488
-0.095534
-0.067470
0.081150
0.021094
0.096508
0.092473
-0.024751
-0.053791
-0.069218
0.008733
-0.024505
0.025569
0.111401
-0.012656
-0.025488
-0.019387
0.000046
0.058861
0.051819
0.045357
-0.073422
-0.033601
0.055002
-0.072299
-0.036854
0.041533
-0.079471
-0.022371
0.071971
0.049331
-0.116998
0.114003
0.068184
0.065796
-0.015510
-0.035437
0.036466
-0.085444
-0.076139
-0.094288
-0.109645
-0.108454
0.007651
0.000823
0.093245
-0.084327
0.022696
0.100286
-0.110134
-0.103202
-0.019756
0.104428
0.037816
0.024998
0.036657
-0.089587
0.023743
0.114378
-0.078161
-0.117912
-0.012361
0.001568
-0.030720
-0.114136
0.000994
-0.032982
-0.047910
-0.116798
-0.088821
0.000139
0.107121
0.046985
0.019587
0.050678
0.013266
-0.112008
-0.005863
0.036816
-0.019081
0.027056
-0.077956
-0.005046
0.039796
-0.013266
-0.022089
0.062722
0.053596
0.051714
-0.075897
0.021997
0.068766
-0.092650
0.105668
0.015150
-0.089490
0.094518
-0.073442
-0.043658
-0.058975
0.008532
-0.017113
-0.059984
0.001525
-0.051041
-0.074267
-0.042952
0.021988
0.057163
0.117202
-0.025059
-0.001131
-0.052602
0.046442
0.018411
0.117653
0.014375
-0.075538
-0.056343
0.055203
-0.027668
0.002296
0.070934
-0.000287
0.074347
0.008059
0.088568
0.092649
-0.015548
0.031904
-0.076481
-0.005158
-0.056454
0.007144
0.093235
-0.095645
0.003055
-0.099368
0.038201
0.057271
-0.007579
-0.085339
0.116186
-0.011929
0.092018
0.087611
-0.099094
0.054530
0.067114
0.017877
0.065519
-0.036022
0.116074
-0.055385
-0.085581
0.066999
0.007307
-0.008227
0.034971
-0.066762
0.107735
0.044044
-0.113409
0.014842
0.041888
0.103340
-0.030654
0.080133
-0.015304
0.021191
-0.080646
-0.100015
-0.093325
-0.079320
-0.102568
0.062986
-0.059824
-0.052111
0.106762
0.099246
0.108334
-0.112247
-0.052784
0.086760
0.107832
0.106457
0.064483
0.110105
0.096428
-0.017450
0.094693
0.073383
-0.002084
-0.037472
0.092006
-0.098397
-0.085023
0.116299
-0.063616
0.042452
0.065924
0.027222
-0.098949
-0.016389
-0.085979
-0.068460
0.083065
-0.035912
0.001074
0.116689
0.007641
0.052343
0.025955
-0.063311
0.057628
0.115759
-0.028698
-0.011614
0.088009
0.029232
-0.006497
-0.088446
0.086089
0.016254
-0.054637
-0.087704
-0.072386
0.003492
-0.094168
-0.110222
0.081393
0.078376
0.113821
0.028786
-0.061760
0.026502
-0.035090
0.099469
0.088820
0.039385
0.096525
-0.069322
-0.016150
0.050428
-0.076909
-0.091700
0.093888
0.115466
0.037468
0.051349
0.063201
0.105959
-0.044770
-0.053582
0.068172
-0.007854
0.075683
-0.034167
0.089934
-0.051065
-0.062065
0.061520
-0.006676
-0.000555
-0.074477
-0.080453
0.090446
-0.099798
-0.028662
0.019219
0.073446
0.023187
-0.015262
0.077294
-0.070492
0.098862
-0.115908
0.094272
0.073896
0.029752
-0.096969
0.113626
0.061211
0.095639
0.036890
-0.052246
0.085236
0.044265
0.012482
-0.075503
0.009338
-0.068908
0.110981
0.013292
-0.062868
-0.003129
-0.082437
-0.030284
0.095610
-0.027557
-0.031780
-0.040228
-0.057995
-0.001267
-0.017375
-0.087289
-0.002425
-0.055459
0.114056
0.047769
0.071318
0.018584
-0.036390
0.074638
0.073236
-0.081734
-0.111117
0.012434
-0.103392
0.107171
0.104274
-0.008678
-0.013301
-0.003578
0.069867
-0.064055
0.102619
-0.067196
0.083540
-0.053138
-0.117233
-0.052176
0.012195
0.009802
-0.065742
-0.097809
-0.098785
0.083252
-0.073443
0.050817
-0.082066
-0.000819
-0.020250
0.071423
0.087158
0.106391
-0.023809
0.038275
0.018476
0.051498
0.032212
-0.106191
-0.117535
-0.018459
0.033746
0.111173
0.025634
-0.031390
0.062872
0.076996
-0.105267
-0.090065
0.069256
-0.113853
-0.086622
0.055930
-0.047006
-0.029593
-0.010890
-0.033915
0.042354
0.094026
0.084673
-0.054666
0.098401
-0.069780
-0.013593
0.043755
-0.074384
0.030227
-0.029946
-0.025528
-0.094522
0.024491
-0.031774
0.033074
-0.014602
0.031831
0.006884
0.007861
-0.052342
0.056154
0.033784
0.107611
-0.094283
-0.039327
0.025199
-0.046771
-0.098440
0.100750
-0.074380
0.047923
0.006799
0.115666
-0.072199
0.084484
-0.004621
0.095695
0.046871
0.003641
0.097017
0.075069
-0.117157
0.012664
-0.031626
0.085752
-0.036939
0.050839
-0.057721
-0.033637
0.076458
0.060647
0.114484
0.105535
-0.062078
-0.019444
0.006386
-0.066992
0.002779
-0.078766
0.049327
0.100204
-0.088822
0.113981
-0.000145
0.092263
0.104408
-0.019366
-0.112389
-0.025016
0.101882
0.071904
-0.045932
0.074203
-0.063878
-0.115569
0.064414
0.065190
-0.092081
0.030809
0.064685
0.001100
0.016186
-0.077959
0.070808
-0.062264
-0.063192
0.092628
-0.003381
0.105245
-0.006195
-0.033740
0.114023
0.030716
-0.074486
0.105428
-0.117562
-0.094313
0.111934
-0.066376
-0.090148
0.027514
0.008833
-0.086907
0.082714
-0.088055
-0.094923
0.044142
-0.075409
0.023030
-0.015143
-0.077812
0.089237
0.084304
-0.108149
0.048192
0.065558
0.097556
-0.062020
0.089122
-0.095885
-0.038152
-0.072782
0.027230
0.107734
0.033699
0.100416
-0.001872
-0.114671
0.028828
0.023484
-0.078672
0.105349
0.010143
0.045996
0.007600
-0.083748
0.087933
0.090137
0.032544
-0.054180
-0.093240
0.035604
-0.054250
0.097530
0.000284
0.060062
0.056550
0.008543
0.054324
0.012854
-0.059658
-0.027243
-0.096437
-0.025902
0.049164
-0.086089
-0.013464
0.024301
0.087492
-0.017148
0.066493
0.074726
0.046502
-0.099656
0.114840
-0.027686
0.038892
0.070955
-0.013445
0.099313
0.080319
0.017956
0.027697
0.056991
0.016116
0.054990
-0.042684
-0.079083
0.092321
0.010943
0.068613
0.007398
0.102299
0.032930
-0.079154
0.055620
0.056687
0.024427
0.001905
-0.015308
-0.038110
0.034107
0.029611
-0.040213
0.039161
-0.088992
0.046131
0.097733
0.040256
0.106101
0.044907
-0.058037
0.026960
0.109424
0.058161
-0.100704
-0.001823
-0.004558
0.106973
0.111925
0.046237
0.098034
0.106436
-0.014129
-0.058033
0.093941
0.090161
-0.001465
-0.017424
0.077397
0.045715
-0.062866
-0.044628
0.038801
0.079698
0.040581
-0.049240
0.039532
0.051553
-0.002329
-0.060139
-0.062642
-0.058401
-0.077394
0.027854
0.058805
-0.110394
-0.057524
0.060971
-0.042660
-0.031627
-0.086417
0.112297
0.011118
-0.038028
-0.048753
0.090958
0.028298
0.103809
0.029347
0.012761
0.098612
-0.104491
-0.072448
-0.050369
0.082467
-0.036200
-0.030655
0.067817
-0.025419
-0.052959
0.014796
0.109229
0.039197
-0.108814
-0.095516
-0.066576
-0.032133
0.108141
0.003232
-0.028970
0.002721
0.113745
0.009722
-0.051056
0.067311
0.006252
0.110813
0.108700
0.027123
-0.115294
0.033739
0.087344
-0.001421
0.073633
-0.020090
-0.030971
0.100314
0.093486
0.059586
0.033726
0.056014
0.029632
0.115749
0.024611
-0.066281
-0.082020
0.082578
-0.057838
-0.045122
0.015936
0.113517
0.080302
-0.114269
0.041446
-0.017360
-0.003016
-0.082799
0.017991
-0.035293
-0.063408
-0.105557
0.022014
0.065631
-0.080406
-0.011437
-0.031053
-0.076852
0.095231
0.111050
0.094649
-0.023521
-0.026738
0.087505
0.117695
0.064617
0.088831
0.071363
0.075269
0.068640
-0.116565
0.069750
-0.017215
-0.059340
-0.084851
-0.048304
-0.040168
0.079913
0.063171
-0.021166
-0.035205
-0.071487
-0.106772
-0.112469
0.116696
0.023097
-0.010977
0.116053
0.059103
0.024801
-0.008583
-0.033249
-0.073521
0.006830
0.035727
-0.096992
0.013382
0.034997
-0.063345
-0.049798
0.090245
0.047854
-0.082018
0.014060
0.063821
0.115667
0.090980
-0.089947
0.088941
0.077830
0.068242
0.101482
-0.038277
-0.098053
0.052895
0.101996
0.064179
-0.025399
-0.014232
-0.044577
-0.025047
0.005458
0.115251
0.012510
-0.040940
-0.040931
0.004226
-0.016075
-0.093747
0.046811
-0.067523
-0.091784
0.084463
0.025772
-0.088249
-0.027252
-0.109785
0.048173
-0.072153
0.112123
-0.097458
-0.063653
-0.073964
-0.023903
0.040106
0.068671
-0.020511
0.108768
-0.071640
0.022051
-0.070367
-0.032617
0.043418
0.015788
-0.053175
0.031749
-0.076638
0.072956
0.110697
-0.018230
0.102746
0.018622
0.040864
-0.043708
0.011825
-0.071359
0.111228
-0.076760
0.095698
-0.016544
0.091945
0.104562
-0.040083
0.032987
-0.113844
0.023693
-0.021108
0.087654
0.109880
0.115902
-0.089901
0.016651
-0.059194
0.060021
0.011068
-0.075663
0.022334
-0.037307
-0.114884
-0.112311
0.063815
-0.007104
0.095224
-0.081896
-0.009830
0.073744
-0.028073
-0.085060
0.047098
-0.104243
-0.067621
-0.105116
0.074290
0.056237
0.035341
-0.072168
0.024971
-0.037878
0.002015
-0.114188
0.057990
-0.104906
-0.091659
0.067768
0.064403
-0.008162
0.093154
-0.016626
-0.067196
-0.028263
0.080972
-0.016966
-0.056402
-0.058162
0.038423
-0.065221
-0.036580
0.028902
0.026207
0.012556
0.003276
0.117731
-0.072471
-0.093964
-0.008869
0.094624
0.022434
-0.040246
0.080941
0.044937
0.044818
0.113050
0.117527
0.038786
-0.084457
-0.041076
0.005987
-0.036311
-0.005900
0.075288
-0.005402
-0.009610
-0.057424
0.028219
-0.067314
0.106537
-0.051527
0.112883
-0.035976
0.031536
0.116091
-0.055381
-0.095526
0.070680
-0.003494
0.060688
0.075170
0.035719
-0.077554
0.024214
0.067925
-0.105794
0.115142
-0.064939
-0.099779
0.032860
-0.078673
0.108825
-0.110947
-0.013438
0.090216
0.100825
-0.099435
-0.057617
0.082635
-0.032771
-0.114368
0.079187
0.089152
-0.079843
0.083008
-0.094993
0.044799
-0.093940
0.104251
0.086376
0.029393
0.064764
0.038890
0.023454
0.020269
0.050541
0.038403
0.049415
-0.061546
-0.091498
-0.057917
0.009145
0.049873
0.049141
-0.017044
-0.014071
-0.089107
0.062538
-0.109802
0.102910
0.005429
0.054971
0.046201
-0.053885
-0.015144
-0.050377
0.080931
0.039218
-0.087118
0.068669
0.094053
-0.092321
0.037857
0.027793
0.085885
-0.097073
-0.105889
0.099425
0.116378
0.047679
0.027818
-0.014362
-0.009625
-0.036493
0.015132
-0.061824
-0.072905
-0.098412
-0.048082
0.039217
-0.070329
0.020769
-0.107293
-0.076427
-0.096592
0.079589
-0.093600
-0.116273
0.032562
-0.045884
-0.014786
-0.115054
-0.102740
0.048252
0.094032
-0.074209
0.026046
-0.067061
-0.090861
-0.092464
-0.077578
0.106490
0.004163
0.115750
0.109060
0.016108
0.097763
0.008809
-0.110214
0.018135
-0.013200
-0.001560
0.038316
-0.053405
0.115928
0.091383
-0.027064
-0.001292
0.046434
0.088008
0.071591
0.082327
0.065675
-0.109564
0.001133
-0.111749
0.024707
0.005230
-0.081028
0.101716
-0.068684
-0.082713
-0.042373
0.090433
0.110591
-0.049935
-0.006417
0.098135
0.042583
0.018535
0.011153
0.020177
-0.000968
0.011984
-0.002594
-0.002488
-0.014663
-0.018731
-0.057687
0.053406
0.020808
0.076695
0.013604
-0.007770
0.045587
-0.027041
0.056033
0.023251
0.056608
0.083103
0.059285
-0.105943
0.101049
0.062300
-0.106134
-0.008920
0.092273
-0.057859
0.088385
-0.094947
0.027500
-0.096679
0.044654
0.030551
-0.071828
0.085331
0.092849
0.064222
0.022101
-0.073240
-0.030313
-0.105009
-0.051228
-0.045465
-0.047685
-0.021823
0.041477
0.053952
-0.061704
-0.069965
-0.089744
0.074100
-0.062175
0.032015
0.016776
-0.010399
0.088179
-0.048081
-0.063629
-0.083216
0.005331
0.083831
0.084615
0.118106
-0.033252
0.116001
0.044572
-0.097098
0.086730
-0.103813
-0.114373
0.099116
-0.101177
0.035229
-0.102891
0.082331
0.049937
-0.106837
-0.033893
-0.054387
-0.020123
-0.111240
-0.042417
0.032970
-0.043154
-0.010861
-0.060808
-0.112494
-0.109558
-0.099140
-0.067134
-0.007800
0.035634
-0.050363
0.034218
0.038951
-0.091314
0.082653
-0.078078
-0.038095
0.016506
0.028943
0.104851
-0.086854
0.002417
-0.064019
-0.013813
-0.061579
0.008943
-0.115664
-0.027648
0.049867
-0.079861
-0.083550
-0.000318
-0.068925
0.040622
-0.111646
-0.022725
0.075573
0.021147
-0.071301
-0.070245
-0.076128
-0.105259
-0.099324
0.084414
-0.025450
-0.075394
-0.002177
0.014677
0.057451
0.068314
-0.009132
-0.056367
-0.114727
-0.018789
-0.081566
-0.010492
0.035240
-0.020055
-0.024525
-0.076568
0.016323
-0.039461
-0.007842
0.026157
-0.057117
-0.023145
-0.087199
0.005257
-0.047555
0.073665
-0.030804
0.024984
0.075888
0.033346
0.040768
0.055949
-0.098391
-0.116577
0.076595
0.116127
-0.087891
-0.033791
-0.059234
-0.055499
-0.048302
0.089305
-0.112361
-0.037356
-0.006073
-0.029756
-0.046851
-0.077542
-0.056605
0.107168
-0.086078
0.057350
0.035494
0.040467
-0.011841
-0.092191
-0.031565
-0.002474
0.053140
-0.057300
-0.027901
-0.073910
-0.087330
0.006034
-0.098329
-0.048213
0.079853
-0.074576
-0.083813
0.016497
-0.015529
0.023411
-0.113920
-0.056494
0.050253
-0.063966
0.044527
0.080763
0.084162
0.067472
-0.012285
-0.007115
0.102402
-0.105104
0.114961
0.042654
-0.035593
-0.057728
-0.103804
-0.087688
-0.104010
0.063921
-0.080388
-0.014525
0.027585
0.065508
0.006379
-0.052866
0.052667
-0.021278
-0.104589
-0.069378
0.073884
-0.113979
-0.079078
-0.041657
0.012949
0.092797
-0.065366
0.108462
0.113119
0.105380
-0.013430
0.056218
-0.046605
0.019352
-0.052184
-0.027992
0.042909
-0.083328
-0.049755
0.058988
0.021228
-0.007441
0.039154
-0.102534
-0.006865
0.065200
0.074508
-0.106484
-0.053503
-0.108046
-0.001990
0.064797
0.031373
-0.051359
0.082238
0.025292
0.002057
0.022729
-0.036455
-0.113086
0.024317
-0.081132
0.010525
0.049551
-0.010507
0.058617
-0.063161
0.101385
0.042814
-0.111364
0.000209
0.053590
-0.063455
-0.100372
0.007555
0.047216
0.095723
-0.057481
0.009644
-0.041262
0.023044
0.012064
-0.095214
-0.082970
-0.078317
-0.076031
0.041338
0.083534
0.070990
0.064604
0.028009
-0.031115
-0.093794
-0.114257
-0.042536
0.077694
-0.116783
-0.038409
-0.081841
0.001475
-0.060495
0.090368
0.014092
0.052151
0.058965
0.037507
-0.038913
-0.074162
-0.036252
-0.045106
0.092111
0.006230
-0.072240
-0.105439
0.004423
-0.051538
0.092424
0.086121
0.033022
0.117073
-0.019914
0.057398
-0.086298
0.052555
-0.040014
-0.088774
0.071920
-0.025109
0.056143
-0.083572
-0.112111
0.039478
-0.028509
-0.032592
-0.110569
-0.004149
0.047005
-0.052358
0.044232
0.105785
0.016769
-0.038582
-0.061364
0.034226
0.064087
-0.007355
0.010309
-0.048081
-0.104502
-0.037536
-0.097875
0.001973
0.076030
-0.018030
-0.087850
0.069069
0.094027
0.057427
-0.065531
-0.025839
0.059698
0.047815
0.110694
-0.111644
0.010553
-0.105749
-0.106623
-0.101743
0.013184
-0.116976
-0.099537
-0.059525
-0.082926
-0.050508
0.099397
-0.083810
-0.109419
-0.023755
0.094314
-0.012943
0.015035
0.034023
-0.046872
-0.087125
0.114239
0.092688
-0.112691
-0.087778
0.086132
-0.057449
0.076354
-0.038382
0.030324
-0.068099
0.052048
0.004252
-0.015963
-0.052062
-0.115873
-0.094843
0.039760
0.066611
0.059182
0.013611
-0.068206
0.012484
0.039731
-0.024423
-0.040333
0.069178
0.015879
0.073689
0.007517
-0.077575
-0.008735
-0.054072
-0.037260
-0.090611
0.034442
0.110361
-0.045907
-0.110509
0.006558
-0.039931
0.024857
0.018121
0.075309
-0.097276
-0.043910
0.097739
0.099731
0.050409
-0.110110
0.100646
-0.017178
0.003884
-0.050756
-0.004036
0.030783
0.077948
0.098759
0.112160
0.086907
-0.066019
0.064465
0.008796
0.041466
0.083462
0.107536
-0.011157
-0.110395
-0.057036
0.017148
0.099719
0.082751
0.085913
0.025394
-0.086208
0.086091
0.089846
0.108025
-0.071686
0.112808
-0.037139
0.059068
0.005440
-0.024820
0.095196
0.045368
-0.022335
-0.116301
-0.044877
-0.035240
-0.094700
0.050657
0.005311
0.005525
0.061312
0.050713
-0.017026
-0.032714
-0.095105
-0.101548
-0.012302
0.089845
-0.043270
-0.035658
0.086540
0.076434
-0.037024
-0.091846
-0.058819
0.042899
-0.106666
0.077819
0.061945
-0.057812
0.086944
-0.008173
-0.116361
0.066022
0.067149
-0.062132
-0.062477
0.109621
-0.002357
0.105530
-0.107562
-0.118121
-0.094024
0.028881
-0.018428
0.006800
-0.100585
0.116480
0.032491
-0.076578
-0.023028
0.028730
0.106365
-0.049316
-0.012712
0.029448
-0.054679
0.031966
-0.111231
0.006339
-0.073340
0.068716
0.011520
-0.102531
-0.018383
-0.108440
0.050617
0.083213
0.003578
-0.060856
-0.007936
0.018748
0.040507
0.118029
0.024680
0.068534
0.052347
0.090749
-0.112675
-0.103272
-0.052902
0.035935
-0.018458
-0.098884
0.028658
0.077209
-0.012202
0.022723
-0.089945
-0.043180
-0.075815
-0.017059
0.057529
-0.056520
0.114810
-0.061314
0.089264
-0.038095
-0.091090
0.092632
0.055602
0.086488
-0.009826
-0.090555
0.047722
0.035192
-0.007708
-0.026362
0.087878
0.010752
0.039003
-0.016771
0.015538
-0.067265
0.052571
-0.034038
-0.007037
-0.114370
0.010169
-0.077125
0.042709
-0.046612
-0.025471
0.111940
-0.006527
-0.046663
-0.009731
0.083116
-0.031189
-0.032349
-0.044762
0.117691
-0.076689
0.064151
0.107250
-0.088394
0.044127
-0.106609
0.080651
0.035816
0.075899
-0.021411
0.115402
-0.023362
0.013575
-0.100192
-0.110160
-0.114180
-0.115429
0.061712
0.071457
0.114539
-0.007506
0.055124
-0.095766
0.022339
0.073001
-0.087828
-0.114510
-0.043587
0.014819
0.041071
0.111414
-0.067724
0.035915
-0.102241
-0.017484
-0.033121
0.017977
0.110692
-0.010961
-0.086907
-0.095259
-0.117199
0.032348
-0.053005
0.102717
-0.091107
0.094190
0.077534
0.074631
0.072764
-0.114575
-0.105242
0.059272
-0.045374
-0.006152
0.007164
0.027949
0.042246
-0.064929
-0.058257
-0.074926
0.115928
-0.003665
-0.040076
-0.087020
-0.094125
-0.029779
0.102885
0.087165
0.020088
-0.068564
0.114560
0.031354
-0.081215
0.056348
0.098135
0.032147
-0.003038
0.068292
-0.112770
-0.056314
-0.015085
-0.083286
-0.056659
0.037031
0.008980
0.077672
0.054652
-0.095246
0.034547
0.097318
-0.096580
-0.033044
0.087966
0.090038
-0.082011
0.085155
0.046904
-0.118076
-0.103130
0.074665
-0.006189
0.098692
0.003617
-0.031472
-0.033105
-0.001874
-0.110622
-0.106166
0.005289
0.020654
0.090694
-0.044005
0.006924
-0.093522
-0.044142
-0.078181
0.006027
-0.008919
0.013059
-0.081580
0.030895
0.043128
-0.072340
0.001654
-0.035864
0.038950
-0.093540
-0.016022
-0.038612
-0.001893
0.066943
-0.107877
-0.051945
-0.041894
0.012600
-0.060165
0.060326
0.078604
0.046900
0.031509
0.088794
-0.062780
-0.069339
0.081831
0.029614
0.075607
0.022976
-0.090899
-0.050876
-0.059194
0.089795
-0.094241
-0.051587
-0.071086
0.010029
-0.106449
-0.036238
-0.068009
-0.040831
0.037538
-0.096772
-0.044360
0.090869
-0.023375
0.062560
-0.011573
-0.078273
0.113181
0.112357
-0.107387
0.088387
0.097571
0.099123
-0.102260
0.080741
0.077746
-0.075952
-0.070891
0.029664
0.057606
0.103311
0.109676
-0.019022
0.028001
0.048337
0.057306
-0.070370
0.005522
0.033474
0.087720
-0.014197
0.038356
-0.113073
-0.035237
0.038729
-0.043990
0.085209
0.066491
-0.030807
0.053783
0.096123
-0.019116
-0.082239
0.093200
-0.022547
0.017404
0.030828
-0.036488
0.047682
-0.035951
0.007914
-0.007675
0.037932
-0.017470
0.053044
-0.036694
0.109484
0.058304
0.115437
-0.069264
0.004253
-0.088688
0.077935
-0.085109
-0.104923
-0.037838
0.002944
0.027546
-0.003510
-0.030742
-0.070059
-0.099268
-0.050134
0.025581
-0.105291
-0.005919
-0.073974
-0.010102
0.002257
0.031745
-0.098773
-0.042605
-0.039627
0.117361
-0.061521
-0.022312
0.008000
-0.015341
-0.030435
0.055207
0.091982
-0.038930
0.048987
0.026648
0.069077
-0.078113
-0.085885
0.030033
0.057319
0.106298
0.061289
-0.073601
-0.078063
-0.035076
0.095569
0.001401
-0.081149
0.009261
-0.053763
-0.066601
0.098105
-0.039894
-0.028835
0.099983
0.023832
0.084343
-0.098028
-0.079766
-0.011832
-0.099854
0.001711
-0.115763
0.002887
0.100247
-0.106230
0.012037
-0.072836
0.052339
-0.064211
-0.022995
0.064170
-0.092388
-0.056631
-0.098363
-0.014233
-0.066113
-0.043824
0.079240
-0.050438
0.096171
-0.068276
-0.061721
0.016569
-0.040454
0.075639
0.002345
0.041736
-0.092535
0.064194
0.062681
-0.072931
0.061784
-0.114861
-0.057009
0.035991
0.008653
0.108896
-0.023604
-0.058924
0.107687
0.000112
-0.020906
-0.078319
-0.106850
0.042434
-0.006012
-0.060164
-0.070395
0.111589
-0.032487
-0.115773
-0.071027
-0.082445
0.010999
-0.026988
-0.012045
-0.116832
-0.063288
-0.059506
-0.091401
0.022197
0.017622
0.018700
-0.015752
-0.017379
-0.095976
-0.050049
0.018274
-0.101544
0.117242
-0.078982
0.049442
0.092100
-0.106265
0.034439
0.021347
0.106850
0.037684
-0.085676
-0.107238
-0.095493
-0.078903
-0.107035
0.026806
0.096360
0.054290
0.065369
-0.045112
0.080059
0.007737
0.093149
-0.085091
0.059947
-0.080075
-0.103607
0.089311
-0.105555
0.086898
-0.044276
0.090055
0.062677
-0.039172
-0.109003
-0.021652
0.082011
-0.037902
0.098267
0.049073
0.051775
-0.109767
0.090962
-0.034829
-0.016801
0.037905
0.010337
0.020056
-0.031345
0.079860
0.067631
-0.086671
-0.086361
-0.003753
-0.004974
-0.114937
0.045463
0.068052
0.053167
-0.027231
0.085032
0.076408
0.113325
0.089029
0.030976
-0.101172
0.105019
0.093913
-0.080507
-0.096351
0.017414
-0.117168
0.064269
0.065008
0.001234
-0.057525
0.099597
0.055822
0.034375
-0.061217
0.044302
0.081766
0.013135
-0.069033
0.015444
-0.090391
-0.066671
-0.083238
-0.097178
0.029023
0.005625
-0.101591
-0.038847
0.061015
0.108655
0.029473
-0.107686
0.055848
-0.047322
-0.049713
-0.004953
0.008453
0.060087
-0.114613
0.001141
-0.093198
0.018313
0.067940
0.077934
0.078274
0.071005
-0.101598
0.021687
-0.026893
0.042899
0.039891
-0.058685
0.024924
-0.058881
0.091381
0.017959
0.103471
0.006642
-0.042425
0.083262
-0.028536
-0.073938
-0.048450
0.054478
0.046070
0.091926
-0.009345
-0.021429
-0.021901
0.086525
-0.056085
-0.029155
-0.064637
-0.004095
-0.105300
0.042224
0.103830
0.029975
-0.056824
-0.067130
0.054406
-0.072336
0.062571
0.049284
0.022539
0.083457
0.083162
-0.040658
-0.053961
0.013347
-0.079612
0.053457
-0.011746
0.003474
-0.071698
-0.110793
0.115974
-0.051950
0.117081
0.071541
0.105921
0.056192
-0.026672
-0.022939
0.006086
-0.034537
0.013912
0.062452
-0.029565
-0.106506
0.110115
-0.084223
0.032272
-0.111273
-0.084695
-0.103871
-0.080759
-0.093023
-0.105880
0.070089
-0.014798
0.092059
-0.090960
-0.048715
-0.093448
0.090785
0.043443
0.116126
-0.099066
-0.027685
0.084929
0.065265
-0.094631
0.032458
0.017917
-0.035476
0.034323
0.001287
0.055966
0.061459
0.057343
0.020664
0.059311
0.041629
0.013739
0.103262
-0.115932
0.101609
0.093755
0.110799
-0.072444
0.089452
-0.112196
-0.007391
-0.096323
0.021061
0.008312
-0.097299
0.045806
-0.047984
-0.019758
0.092495
0.067810
0.115886
-0.085614
-0.078825
-0.082921
-0.051972
-0.010446
0.087085
-0.114220
-0.101986
0.060750
0.102241
0.103803
0.094060
0.019612
-0.101121
-0.026463
-0.018899
0.059454
-0.054041
0.024891
-0.081340
-0.049248
-0.054663
0.087860
-0.023360
0.068995
-0.071092
0.106952
-0.019601
0.095284
0.076249
-0.025127
0.010684
0.070088
-0.010819
0.049677
-0.060280
0.067509
0.039327
-0.032477
-0.038881
-0.064326
-0.063276
0.029771
0.001453
0.054207
-0.087418
0.094449
-0.047284
-0.075245
0.061929
-0.061167
-0.058298
-0.116436
-0.085780
-0.112712
0.030274
-0.034204
0.111585
0.005117
0.033704
0.073922
-0.054330
-0.084775
-0.081390
0.026610
-0.064025
-0.104501
0.005648
0.087016
-0.093854
-0.005952
-0.008265
-0.108899
-0.097414
-0.107998
0.073277
0.066820
-0.103150
-0.062010
0.041779
-0.059843
-0.077373
0.067729
0.047962
0.065827
-0.016716
0.028202
-0.035665
-0.020238
-0.107979
-0.003490
0.078046
0.050382
-0.067346
-0.024150
0.066021
0.115442
-0.066693
0.000399
0.024981
0.054594
0.032309
-0.023483
-0.053450
-0.014160
0.087168
-0.111710
0.117663
-0.035854
0.077064
0.006560
-0.088410
0.005900
-0.098208
-0.070477
0.110304
0.083016
-0.090010
-0.028553
0.112492
-0.023817
-0.108121
-0.002482
0.043528
0.051100
0.000878
-0.067296
-0.103392
-0.098794
-0.090628
0.019017
0.065752
-0.082466
-0.002845
-0.102367
0.015915
0.011183
0.024461
-0.087119
0.040902
0.066375
0.054638
-0.045201
0.048646
-0.076683
0.101363
0.064474
-0.089721
-0.095067
-0.105650
0.024734
0.008266
-0.070510
0.012317
-0.027957
-0.103813
0.102852
0.049137
-0.037705
0.113314
0.116313
-0.087020
-0.088111
-0.036652
-0.093296
0.099399
-0.000393
-0.042981
-0.025963
-0.088007
-0.018468
0.002427
-0.036374
0.073851
0.098628
-0.008167
-0.050890
0.009865
-0.110401
-0.090827
-0.033381
0.005860
0.063023
-0.015174
-0.068231
-0.049273
-0.009056
0.046100
-0.080151
0.107754
-0.092810
0.057622
-0.090300
0.025971
-0.026686
-0.056116
-0.094814
0.100017
0.112854
0.001757
-0.007593
-0.006076
0.081177
0.005938
0.114535
0.096657
-0.115006
0.077297
-0.036270
0.042244
0.005807
-0.014371
0.021896
0.116213
0.110028
-0.036570
0.037730
0.030960
-0.073053
0.066063
0.105035
-0.010818
-0.098583
0.113641
-0.100442
-0.068709
0.117047
0.082392
-0.040553
0.113657
0.063690
0.011188
0.033529
0.007137
0.102128
0.056609
-0.033798
-0.077433
-0.109524
-0.114112
0.032266
0.063427
0.060046
-0.080152
-0.073107
-0.075963
0.117467
-0.010070
-0.082270
0.061031
-0.043560
0.062949
0.026902
0.073418
-0.106938
0.111598
0.075184
0.063889
0.086225
-0.027610
0.048333
0.050531
-0.042183
0.003440
0.042985
0.010859
0.097568
0.084657
0.049097
0.065130
0.073629
0.042741
-0.104863
0.101451
0.075793
0.072762
-0.091038
-0.095434
-0.084301
0.109453
0.032304
-0.099994
-0.086476
0.032660
0.061217
0.000647
-0.030150
-0.079189
-0.048622
-0.086521
-0.030280
-0.058137
0.089212
0.064563
-0.017623
0.002592
0.114721
0.008433
0.085285
0.048315
0.045355
0.030007
0.023166
-0.030968
-0.068412
-0.037199
-0.087865
-0.051719
0.037045
0.065568
0.000041
-0.115473
-0.051519
-0.097909
0.076762
0.029259
0.027740
0.067076
-0.056355
-0.034998
0.009335
0.003874
0.024960
0.073522
-0.104193
0.067935
-0.103115
0.079318
-0.065271
0.022156
0.021207
-0.005807
0.050481
0.019224
-0.099909
0.075680
-0.072804
-0.020251
0.071436
-0.116124
0.091016
0.099031
0.083950
-0.057791
0.005603
0.001280
-0.036444
0.083834
-0.063812
-0.060421
0.117345
-0.034249
-0.055283
-0.010378
0.067586
-0.022905
0.038461
-0.048444
-0.040167
0.044632
-0.038612
0.019150
0.111368
-0.077387
0.042294
-0.113732
-0.016069
-0.035371
-0.011180
0.115490
-0.032391
-0.062819
-0.035737
0.006167
0.002319
-0.086774
-0.100770
0.099741
0.048703
0.045203
0.070499
-0.027164
0.018453
0.072731
0.013783
0.095275
0.050629
0.103401
0.106735
-0.090075
-0.099320
-0.092233
-0.084842
-0.072874
0.074306
-0.078918
-0.102069
0.018500
0.087890
0.079900
0.021643
0.021151
0.019157
0.005299
-0.039636
0.038202
0.117559
-0.118116
-0.112789
0.034463
0.005815
-0.107404
0.077742
-0.091202
0.040179
0.042964
-0.048597
-0.021797
-0.108763
0.062577
-0.076262
0.070081
0.078937
0.048940
0.088713
-0.082274
0.023048
0.062840
0.038041
0.030679
-0.083525
0.025626
-0.048142
-0.004530
-0.100040
-0.069311
-0.025537
-0.028363
-0.095084
-0.040247
0.055000
0.028923
0.051147
-0.004792
-0.027868
0.080799
0.058864
-0.085289
0.092692
-0.086664
-0.072301
-0.082264
0.033454
-0.076055
0.080360
0.006363
0.058544
-0.024743
-0.056026
-0.063703
-0.104538
0.117067
-0.043926
-0.002794
0.023818
0.011857
0.095612
0.005881
0.039969
-0.018436
0.106261
0.027459
0.087751
-0.022369
-0.015174
-0.042136
-0.098298
0.104692
-0.090124
-0.044651
-0.067430
-0.074042
0.115517
-0.113272
0.052937
-0.019797
-0.064148
-0.021800
-0.090630
0.113456
-0.018829
-0.054802
0.101319
-0.016860
-0.087361
0.067000
-0.077896
0.026404
-0.000529
-0.000618
-0.065638
-0.062215
0.005077
0.082081
0.045346
-0.082235
0.029395
0.112718
-0.098017
-0.042872
-0.072158
0.064580
-0.101335
0.069109
-0.007157
0.085198
-0.074650
-0.078411
0.117593
-0.009503
0.057234
-0.107278
0.020408
-0.098048
0.023950
-0.025828
0.094779
0.056470
-0.059567
0.073159
-0.058399
-0.105742
0.078248
-0.053157
-0.109795
0.093162
-0.101879
0.030051
-0.115314
-0.092907
-0.098762
-0.063232
0.018682
-0.042929
0.115374
-0.007055
-0.046972
0.082379
0.087665
0.076657
-0.013825
0.089796
-0.032463
0.021909
0.117550
-0.075784
-0.050468
-0.063697
0.063194
0.057408
0.043514
-0.057404
-0.076810
0.104173
0.048174
-0.083171
0.106334
-0.003649
-0.004405
0.003333
0.061394
0.070498
-0.008152
0.077157
-0.079870
0.033578
0.112460
0.010899
0.064649
0.096637
-0.047117
0.008109
-0.115426
-0.046751
-0.069671
-0.041721
-0.029197
-0.018120
-0.111856
-0.048658
0.051026
-0.016180
-0.102296
-0.017054
-0.079709
-0.083664
0.064876
-0.033011
-0.117143
0.067616
0.090264
0.097407
-0.015213
-0.041082
-0.017273
0.049162
0.021778
-0.036843
-0.022489
-0.065083
0.004032
-0.108232
0.038688
0.054959
-0.083588
-0.068549
-0.108502
-0.071832
0.092129
-0.090492
0.111697
0.047901
-0.099175
0.071693
0.022194
-0.003565
-0.041349
-0.098972
-0.048602
0.067356
-0.065473
-0.070004
-0.050556
-0.049321
-0.030633
0.040897
0.061249
-0.057337
0.059177
-0.067809
-0.030021
0.000734
0.004825
0.066534
0.058313
-0.019988
0.041350
0.075345
-0.080926
0.064860
-0.098193
0.090343
0.054263
-0.047569
-0.025971
0.037144
0.095966
-0.073714
0.029022
0.088591
0.093533
-0.076441
-0.018982
0.079310
0.071424
-0.083367
-0.104383
0.102470
-0.082997
0.063818
0.017893
0.114000
-0.006246
0.109819
-0.013482
-0.046129
-0.079903
-0.094949
0.026816
-0.033557
0.008252
-0.033237
0.044012
0.025413
0.067452
0.003178
-0.065302
-0.066550
0.006226
0.031259
-0.078431
-0.034769
0.107087
0.031039
0.074554
-0.100017
-0.089724
0.102685
-0.016742
-0.043145
0.061928
-0.020866
0.070556
-0.066152
0.103938
-0.050643
0.057101
-0.042941
0.026538
-0.110631
0.062199
0.058482
0.060918
0.005044
0.001330
0.065804
0.022751
-0.093696
0.068234
-0.066909
0.020425
-0.079072
0.097670
0.012684
0.082241
0.116839
0.099871
-0.035912
0.058595
-0.013178
0.054981
0.089667
-0.081064
0.000836
-0.004406
0.003346
-0.110685
0.074325
-0.101571
-0.011277
0.105769
-0.095697
-0.058987
0.014923
0.045127
-0.016627
-0.031298
-0.051520
0.036298
-0.035150
0.073921
-0.018006
0.078537
-0.083616
-0.049748
-0.081940
-0.100424
-0.053582
0.012946
0.111587
0.005100
-0.038765
-0.060297
0.092602
0.104230
0.022231
-0.048604
0.115463
-0.096888
0.104385
-0.040518
-0.074066
0.069434
-0.042802
0.014524
-0.029127
-0.100279
0.064643
-0.100443
-0.005646
-0.103044
-0.081776
-0.046741
0.103461
0.039299
-0.027782
-0.072809
0.007471
0.077628
-0.052783
-0.033092
0.037578
0.009024
0.116052
0.035574
-0.068220
-0.087517
-0.049749
0.086160
0.081185
0.094996
0.053548
-0.004461
-0.109687
0.033308
0.074636
0.051666
0.010800
0.005487
-0.070994
0.055326
0.019994
-0.000035
-0.114375
-0.012346
0.102456
-0.024010
0.079260
0.057681
-0.095558
-0.061677
-0.087229
-0.050720
0.061037
-0.059236
0.054371
0.037340
-0.051558
0.058183
-0.057283
-0.027538
0.112965
-0.089572
-0.011114
0.062103
0.000675
0.074310
-0.074015
0.025596
-0.042547
0.079275
0.012499
0.058085
0.038492
-0.051946
-0.029364
-0.077482
-0.038337
0.065609
-0.106894
0.001955
0.116152
-0.058812
-0.040446
-0.092967
0.046803
0.063760
0.043999
0.057622
0.092741
-0.087848
-0.045134
-0.014291
-0.048768
-0.056343
0.027352
-0.027492
0.111354
0.057932
0.024440
0.006551
-0.024828
-0.068358
-0.050469
0.056442
-0.071133
0.077251
0.052474
0.109015
-0.064309
-0.008468
0.099726
0.070812
0.092083
0.110216
-0.035184
0.063790
-0.066603
0.086566
0.040443
-0.079974
0.066339
-0.008374
-0.038075
-0.007001
0.048553
-0.097856
-0.045049
0.040782
0.079890
0.098927
-0.032999
0.065872
0.061190
-0.014238
0.042704
0.079023
-0.083594
-0.113602
0.008952
-0.086461
-0.111452
0.080668
0.049492
0.017676
-0.075573
-0.021932
0.006806
-0.106217
0.000965
-0.094939
-0.023949
-0.024754
-0.113271
-0.043826
-0.055177
-0.052077
0.117980
0.003637
0.079405
-0.052284
0.098095
-0.081843
-0.054718
-0.112932
-0.012908
0.012574
-0.022825
0.077558
0.032621
-0.102653
-0.029978
-0.024392
0.102733
0.027473
-0.036838
-0.032715
0.012996
-0.018950
0.092689
0.048384
0.100693
0.034443
-0.011473
0.094173
0.064601
-0.045996
0.077893
0.056084
0.059919
0.015276
0.081314
0.034870
0.087899
0.087345
0.006225
-0.099215
0.004776
-0.086701
-0.053825
0.095341
0.022502
0.062503
0.060596
-0.061261
-0.038698
0.117403
-0.076590
0.069781
-0.106441
-0.078117
-0.097343
0.064902
0.068414
0.016779
0.087428
-0.056938
0.096819
-0.000966
0.003953
-0.049454
0.038002
-0.054302
-0.107661
0.038663
-0.015515
0.070308
-0.112474
0.058922
0.018615
0.033765
-0.060074
-0.059192
-0.072615
-0.038103
-0.031773
0.104977
0.027069
0.075188
0.005800
-0.031728
0.010040
-0.022849
-0.044858
-0.005987
-0.070934
-0.111360
-0.038687
-0.096682
0.104312
-0.027234
0.092630
0.083978
-0.067403
-0.089287
-0.084704
-0.036137
-0.113050
-0.094644
0.102467
0.027666
-0.055663
-0.031356
-0.007975
-0.030044
-0.079595
-0.098573
0.087350
0.077896
0.000521
0.003554
0.086622
-0.031073
0.114816
-0.071949
0.046263
0.058607
0.038077
-0.054978
0.088311
-0.003301
0.083241
0.055003
0.024516
-0.026529
0.075090
0.027394
0.077192
0.090681
-0.095253
0.104275
-0.044216
0.023429
0.044988
0.016811
-0.047980
0.046352
-0.092752
0.021037
-0.008331
0.048398
-0.112215
-0.055197
0.116361
-0.037003
0.059880
0.094743
-0.004032
-0.044585
0.078326
0.030421
-0.055054
0.018703
0.111976
-0.092779
-0.085674
0.113556
-0.069649
-0.037536
-0.030761
-0.001354
-0.027051
0.003456
-0.042438
-0.104914
0.023968
-0.112010
-0.022252
-0.101111
0.016358
0.047687
0.004158
-0.026188
0.109029
-0.100053
-0.052664
-0.114681
0.056310
0.116589
0.084659
-0.020297
-0.099811
-0.047931
0.004216
-0.024612
-0.094675
-0.053148
0.109099
0.104968
