0.027487
-0.015508
-0.064229
0.035387
-0.028242
0.014574
-0.034292
0.078314
-0.097681
-0.017066
-0.015666
0.104960
-0.089760
-0.105659
0.091139
-0.085093
0.083396
0.067887
-0.039726
0.084645
0.001665
0.113930
-0.040414
0.036274
0.084064
-0.066566
0.049722
0.096661
-0.051807
0.066961
0.055553
0.094732
-0.084108
-0.115250
0.037765
0.063349
0.098529
0.063015
-0.027630
-0.018858
0.061981
-0.075954
0.091854
-0.028411
-0.034694
-0.010274
0.049517
-0.072565
0.051536
0.070333
-0.065533
0.116133
-0.048135
-0.107568
0.114326
-0.012509
0.089507
-0.106705
-0.040072
-0.038544
0.062179
-0.104461
0.007016
-0.105369
0.032166
0.114094
-0.052618
0.066949
-0.078445
-0.042070
0.089549
-0.027462
0.012673
0.035294
-0.103132
0.095272
0.095954
-0.087568
0.031142
0.102899
0.006886
0.060330
0.040132
-0.072173
0.107770
-0.088605
-0.036213
0.034899
-0.006064
0.066725
-0.036074
0.076472
-0.111585
0.064721
0.075237
-0.007906
-0.030497
-0.085599
-0.028244
0.118942
0.047129
0.085482
-0.077509
-0.004387
-0.034199
0.015106
-0.078664
-0.042319
0.079464
0.022116
-0.115438
0.049587
-0.083141
0.082582
-0.078893
-0.012890
0.108571
0.094098
-0.063636
-0.092255
-0.067654
-0.005852
0.019141
0.019482
0.017008
0.034464
0.019844
-0.086183
0.109280
-0.033829
-0.057198
-0.105209
0.003807
0.004402
-0.001527
0.092300
0.037325
-0.066461
-0.043231
0.018452
-0.050572
-0.077050
0.051056
0.043239
-0.075540
-0.095834
0.043253
0.092189
-0.048703
0.081426
-0.031776
0.026812
0.006001
-0.036555
-0.056774
-0.091356
-0.018263
-0.046235
0.066332
-0.069691
0.040782
0.059627
0.066256
0.032882
0.088973
-0.001474
-0.087814
0.009767
-0.017327
0.039329
-0.087342
-0.095927
-0.035360
-0.046512
-0.115456
-0.011053
-0.027057
-0.018004
-0.023226
0.023350
-0.057136
0.114686
-0.036614
0.002388
-0.092314
-0.037316
0.097356
-0.076258
-0.103509
0.069257
0.042359
-0.031237
0.078080
-0.003357
0.038947
-0.047625
-0.041195
-0.094758
0.114527
0.014441
-0.009152
-0.064241
0.061275
-0.030097
0.088574
-0.063016
0.089770
0.044480
-0.010550
-0.036337
-0.082409
-0.039554
-0.102144
-0.041189
-0.037984
0.018863
-0.042817
0.008464
-0.115336
-0.020345
0.008589
0.106807
0.063775
0.059532
0.094939
0.066049
-0.090498
0.026395
-0.044178
-0.030204
0.015911
0.077734
-0.030198
0.113627
0.053101
-0.086631
-0.098378
-0.014384
0.098344
0.086156
0.000158
0.106320
0.040390
-0.065464
-0.109278
0.032886
-0.105402
-0.002692
0.082668
-0.093513
-0.056787
-0.091355
-0.000828
-0.091814
0.075440
0.032780
0.053483
0.116707
-0.042668
-0.052952
-0.076768
0.011192
-0.006743
0.024416
0.043832
0.035699
0.085471
0.097835
0.117328
-0.036756
0.008591
-0.024564
-0.077004
0.115363
-0.084863
0.052562
0.005260
-0.012142
-0.027641
-0.111502
-0.041096
0.040224
-0.056683
-0.012134
-0.060278
0.035169
0.094188
0.036862
0.014334
-0.007523
-0.052646
-0.027768
-0.003207
-0.000546
0.097472
0.080763
0.100511
-0.089839
-0.093064
-0.082520
0.012964
0.050972
-0.043517
-0.093641
0.045464
-0.078603
-0.100939
0.071688
0.076768
-0.023447
0.085080
-0.111660
-0.044010
-0.112887
0.034874
0.063111
-0.094756
-0.086291
0.050204
-0.055666
0.083986
0.104939
-0.062559
0.079280
0.027850
-0.032089
0.099715
-0.076803
0.047512
0.061621
-0.000228
-0.109971
-0.059731
0.106363
0.019928
-0.106406
-0.023232
-0.070532
-0.039629
-0.003763
0.034156
-0.090275
-0.083893
0.099929
0.012530
-0.013165
0.114712
-0.102069
-0.108484
0.078872
-0.040011
-0.001555
0.078842
-0.012654
-0.088282
0.008161
0.061061
0.004210
0.006540
-0.008752
-0.007240
0.112855
0.101736
-0.031858
0.080028
-0.087642
0.093832
-0.085971
-0.057355
-0.082502
-0.009622
0.114811
0.020179
0.081637
0.000929
0.112183
-0.079033
0.111713
-0.058934
-0.089042
-0.024079
0.117963
0.110350
0.094384
-0.103260
-0.003907
-0.066161
0.093530
-0.006911
0.075258
0.102327
0.083412
-0.053005
-0.074947
-0.006379
-0.016248
0.025584
-0.103236
-0.060185
-0.032273
0.069782
-0.078105
0.092182
0.015704
-0.089646
-0.018821
0.032089
-0.058157
-0.079890
0.066109
0.070140
-0.035384
-0.097809
-0.062690
-0.064347
0.078520
-0.070214
-0.071168
-0.075759
0.100092
-0.112267
0.095619
-0.100652
-0.025482
-0.070823
-0.077928
-0.042906
0.050683
0.048123
-0.019525
0.088611
-0.077006
0.033144
-0.041155
-0.038163
-0.003658
0.052548
-0.026621
-0.114133
-0.032076
-0.057928
0.118553
-0.010167
-0.039569
-0.002206
-0.077892
0.089681
0.111173
-0.101171
0.056356
-0.020599
0.096519
-0.017862
0.019651
0.027121
0.116386
0.081738
-0.008774
0.035213
0.039090
0.005698
-0.079057
-0.110407
0.006928
-0.082028
0.022748
-0.056885
-0.060906
-0.105845
-0.006322
-0.073360
0.064110
-0.026420
0.074063
0.025439
0.012822
-0.099985
0.064642
-0.094027
-0.088982
0.095676
-0.077059
0.048859
0.105991
-0.058545
0.052095
-0.080402
0.011493
0.087154
-0.091160
-0.001155
0.109751
0.034793
0.117617
0.106217
-0.067068
0.029426
0.078915
-0.015672
0.057321
-0.034798
-0.059163
-0.081323
0.011619
0.085707
-0.097069
0.024607
0.092061
-0.009747
-0.093456
-0.008412
0.079177
-0.011584
0.002697
-0.100190
0.000614
0.039804
0.060884
-0.013566
0.009045
-0.035712
0.056545
-0.009981
0.071027
0.114199
-0.105092
-0.003695
-0.015885
0.093807
0.018353
0.090663
0.051664
-0.030549
0.089846
0.084001
-0.103803
0.027333
0.039785
0.044650
-0.004153
0.084765
-0.075860
-0.019774
-0.070524
-0.053172
-0.045957
-0.088539
0.084861
-0.062451
-0.036948
-0.029198
0.017047
-0.013635
0.026545
-0.085835
0.061602
-0.002759
0.009356
0.096141
-0.085514
0.034842
-0.044522
0.097429
-0.108028
0.047164
-0.090372
-0.107189
-0.094638
0.058622
-0.118345
0.002742
0.112156
0.115714
0.047745
0.000443
-0.101666
-0.016463
-0.009160
0.017543
-0.103672
-0.088560
0.046413
0.063774
0.023500
-0.101857
-0.089246
-0.104178
0.019087
0.070661
-0.094892
-0.115780
-0.055249
0.012410
-0.088642
-0.104536
-0.047605
0.089297
-0.081720
0.015133
-0.060421
-0.044711
0.038244
-0.058662
0.107170
0.082095
-0.098070
-0.012918
-0.083917
0.087379
-0.099862
0.058548
0.047325
-0.074175
-0.055700
0.074336
0.035949
-0.062233
-0.047812
-0.077180
0.068750
-0.082693
-0.056463
0.052699
-0.048702
-0.015247
-0.004965
-0.100962
0.084550
-0.104900
-0.065053
0.096865
0.085045
0.071180
0.000287
0.098997
0.042828
0.116009
-0.038456
0.076675
-0.019039
-0.069759
0.077798
0.094678
0.011493
-0.030113
-0.091662
-0.083964
0.008985
-0.000034
0.109357
0.004640
-0.108927
0.060620
0.082281
0.033620
-0.111961
-0.050280
0.033345
-0.075504
0.053195
-0.080162
-0.114797
0.056058
0.070359
0.037772
-0.113922
-0.001794
0.053922
-0.057955
-0.021458
0.009058
0.111704
-0.058062
-0.027900
-0.068712
0.092604
-0.110068
0.067994
-0.023670
0.087576
-0.016229
0.033851
-0.074556
-0.100781
-0.003841
0.099194
-0.077616
-0.015985
0.062917
-0.070204
-0.044786
-0.007777
-0.015191
-0.032699
-0.085738
0.083711
0.001552
0.010554
-0.086438
0.090958
0.088503
0.103792
-0.038598
-0.006290
-0.113516
0.028423
-0.001487
0.072345
0.005494
0.104269
-0.089641
-0.085656
-0.118389
0.001637
0.084989
-0.103752
-0.113272
0.083851
0.109662
0.086881
0.116538
0.011420
-0.091111
0.103762
0.104368
-0.107867
0.105360
-0.100617
-0.116900
-0.046753
0.077686
0.004130
0.049401
0.091285
0.060977
0.110298
-0.055467
-0.059138
-0.117634
0.096856
0.041069
-0.009978
0.112280
0.098864
-0.073227
0.085565
-0.030327
-0.109004
0.114895
0.024120
0.037915
-0.040627
-0.076872
-0.114831
-0.065583
0.084461
-0.044072
0.007361
-0.041796
0.059711
0.115753
0.011492
-0.053576
0.005494
-0.025661
-0.020437
-0.079725
0.090849
0.111841
0.013478
-0.066221
-0.095294
-0.058793
0.031626
0.074991
-0.060971
0.111072
0.013938
0.075759
-0.021747
-0.015431
-0.025800
0.042102
-0.096093
-0.095727
-0.023835
-0.054662
0.095498
-0.043082
0.067581
0.105621
-0.007738
-0.051660
0.048775
-0.074349
-0.053404
-0.073538
0.093126
0.081813
-0.113283
0.048838
0.090653
0.018075
0.103506
-0.098776
0.000848
-0.059005
0.007915
0.075775
0.013961
-0.106822
-0.078504
0.115270
0.061477
0.115898
-0.074867
0.047591
0.030395
0.075410
-0.114880
0.117965
-0.106852
0.107156
0.111637
0.034969
0.062402
-0.073799
0.047637
0.018268
0.084583
0.097050
0.065663
-0.042922
0.055204
0.095096
0.084245
0.013568
-0.065987
0.092684
0.095402
-0.079361
-0.041678
0.114860
0.103675
-0.085103
0.039388
-0.016971
0.024484
0.114275
0.004378
0.010736
-0.055182
0.006658
0.078662
0.080753
0.042800
0.051789
0.018785
0.048366
-0.088339
0.101407
-0.082402
0.054728
-0.092600
-0.001909
0.064091
-0.068703
-0.095743
0.041166
-0.032497
-0.031684
0.027940
-0.109815
-0.065093
0.077338
-0.108968
0.065839
0.034609
-0.105096
0.106048
-0.040521
0.001454
-0.078458
0.074041
0.026313
-0.033684
0.000327
-0.062265
0.026205
-0.057163
0.115706
0.028345
-0.054634
0.090852
-0.016526
-0.025001
-0.082459
-0.107983
-0.047066
0.001188
0.060748
-0.092128
-0.082328
0.010882
-0.110154
-0.054477
-0.036260
0.089287
0.072848
0.032619
0.043663
0.049518
0.052884
-0.090441
0.077194
-0.059699
-0.069066
0.039965
0.069299
0.021064
-0.100562
-0.037454
-0.007062
0.078240
-0.103119
0.004603
0.081390
0.039785
0.043422
-0.067981
0.000474
-0.075340
0.084403
-0.013501
-0.110528
-0.042092
0.027135
0.066387
-0.109299
-0.056733
0.019600
0.057858
-0.108051
-0.051588
-0.005279
0.062606
0.062795
0.101111
-0.060185
0.091218
0.108418
0.108180
-0.072607
0.042361
0.046643
-0.024332
-0.029287
0.098864
0.046898
-0.079816
0.051605
-0.047483
0.013371
0.114523
-0.114612
0.079629
0.024944
-0.015928
-0.016340
-0.010568
-0.056298
-0.021692
0.107170
0.023318
0.102129
0.101186
0.099807
-0.095585
0.054662
0.084869
-0.066568
-0.006386
0.102652
-0.013305
0.004018
0.048711
0.055690
-0.026366
0.028347
0.096673
0.094892
0.054843
0.000067
-0.008765
0.021139
-0.080710
0.060958
-0.088138
-0.062887
0.046876
-0.088850
0.104733
-0.046513
0.094539
0.105904
0.014949
0.030067
-0.074948
0.093358
-0.042230
0.087497
0.013111
-0.024911
0.072165
-0.061216
0.039519
-0.068780
-0.106671
-0.040169
-0.019348
-0.016227
-0.117681
0.115357
0.086320
0.060950
-0.012802
0.109018
0.048799
-0.040284
-0.000415
-0.040080
-0.013012
-0.096126
-0.091541
-0.026352
0.095616
-0.065611
-0.109948
0.096758
-0.042594
0.065071
0.081387
0.064216
-0.093020
-0.110535
0.044343
0.108104
0.116380
-0.082839
0.018004
-0.057416
0.035712
-0.010636
0.059416
-0.099724
-0.073764
0.074998
0.104294
0.035078
0.097256
-0.056284
-0.080530
-0.015138
-0.093857
0.028843
0.022630
0.105660
0.112816
-0.106267
0.059846
0.105361
-0.040458
-0.078359
-0.036732
-0.035632
-0.103148
-0.039363
0.001631
0.013115
-0.003453
-0.087499
-0.103774
-0.049138
-0.023955
-0.066200
-0.027724
-0.009272
-0.069684
0.097832
-0.018717
-0.049783
0.063455
-0.002879
0.028577
-0.039809
0.083296
0.026580
0.024919
-0.014718
-0.048856
-0.060475
-0.043178
-0.100337
0.074321
0.053127
0.109322
-0.114553
0.113558
0.034834
-0.073638
-0.053877
-0.053347
-0.038669
0.057768
0.108605
0.060076
0.048765
0.010440
0.079845
0.041964
0.040591
-0.039049
-0.071337
0.069928
0.046491
-0.102931
0.037656
-0.061869
-0.115409
-0.021661
0.109591
-0.116111
0.009645
0.082350
0.000998
0.080164
-0.040897
0.044704
-0.015022
0.076106
0.113362
-0.046037
0.034328
0.117629
-0.045338
-0.051603
0.000432
-0.069704
0.068868
0.041879
0.107945
0.068530
0.066032
-0.001054
-0.086007
-0.082531
0.051848
0.017125
-0.061963
-0.082910
0.080618
-0.035320
-0.006882
-0.068405
-0.055710
0.104803
-0.068046
-0.108328
-0.041226
-0.070867
0.028961
-0.097913
0.075878
0.020435
-0.045091
0.069990
-0.041088
0.016600
0.097170
-0.016680
0.006233
-0.077473
-0.101157
0.090183
0.066550
0.008529
-0.031205
-0.105478
0.093935
-0.110991
0.027706
-0.089450
-0.015729
0.083630
-0.036850
0.038337
0.101615
0.041277
0.057871
-0.029647
0.072332
-0.081007
-0.013747
-0.105377
0.107963
0.036078
0.117139
-0.049380
-0.111912
-0.113646
0.062720
0.015081
0.024884
0.007877
0.114997
0.007337
0.040386
-0.038829
-0.079862
0.077023
-0.036755
0.104964
0.001897
0.056992
0.110211
0.109335
0.021673
0.028054
0.058705
0.032645
0.112347
-0.057088
0.114535
0.030412
-0.045767
0.026055
0.104561
0.092834
0.078440
0.093730
0.036372
-0.020353
0.009280
0.082828
-0.000693
-0.002728
0.111007
-0.075957
0.044449
0.064193
-0.080370
0.076643
0.065394
0.100938
-0.043151
0.106208
0.077241
0.092167
0.023655
-0.096026
0.103685
-0.040354
-0.016520
0.072964
-0.087570
-0.107354
0.033581
0.043967
0.027760
0.040277
0.050798
-0.114691
0.113397
0.043069
0.115390
-0.011482
0.041242
-0.072506
0.005215
0.021404
0.085916
0.001953
0.091343
-0.047085
0.110384
-0.078202
-0.042794
-0.100524
-0.105808
0.086973
-0.059135
0.063022
0.100728
-0.119113
0.043294
0.015486
0.070871
-0.052867
-0.033624
-0.062654
0.004600
-0.109079
-0.073117
-0.079500
0.036400
-0.092648
0.107503
0.046653
-0.064798
-0.017984
-0.026853
0.019309
0.037506
0.073869
0.051615
0.060702
0.073018
-0.043065
-0.037060
-0.101159
0.024958
0.012815
0.067682
0.047886
-0.092287
0.020549
0.072606
-0.095487
-0.025652
-0.101280
-0.010092
-0.055453
0.023535
-0.001434
-0.055864
0.001912
-0.011934
0.073343
0.109178
-0.001164
-0.020330
-0.066548
0.063746
0.011678
0.074087
-0.046693
0.041458
-0.079943
-0.078735
-0.101599
0.017102
0.095270
0.071637
0.009800
0.043246
-0.034191
0.017733
-0.100393
-0.014646
0.058771
-0.058400
0.066375
0.009024
0.082520
0.028289
0.071830
0.051084
-0.089275
-0.047356
-0.114677
-0.099166
0.093031
0.111190
0.008410
-0.044398
-0.084854
-0.035878
0.091576
0.044220
-0.058009
-0.078885
-0.033897
-0.071813
0.026494
-0.003235
-0.008500
-0.020101
0.107522
-0.085662
0.058908
0.058168
-0.086821
0.021671
0.010900
-0.018822
0.103947
-0.067470
-0.114969
-0.025540
0.108992
-0.082982
0.098169
-0.001179
-0.014292
0.091050
0.089419
0.000263
0.069714
0.056451
-0.071284
0.058223
0.103882
-0.085807
-0.044219
-0.066023
0.118359
0.020917
0.049022
0.030691
-0.005013
0.032167
0.020579
-0.007292
0.043778
-0.068770
0.096843
0.078213
0.041261
0.077967
-0.081582
-0.038684
0.014237
-0.028001
0.081410
-0.046607
0.071138
-0.011734
-0.059166
-0.049384
0.012235
-0.044955
-0.026101
-0.041437
-0.006908
-0.038686
0.116175
0.090327
0.094649
-0.114133
0.005871
0.083441
0.111861
0.073501
0.033954
0.113371
0.018532
0.033822
-0.094457
0.066906
0.090645
-0.031798
-0.012731
-0.015813
0.101841
-0.053805
-0.048181
0.077562
0.027321
0.088284
0.002202
0.011532
-0.078552
-0.040884
0.060688
-0.002657
-0.109056
-0.014958
0.116140
-0.092666
0.059563
0.078004
0.014512
-0.005487
0.000677
0.057081
-0.092133
0.055427
-0.083726
0.011085
-0.048786
-0.040160
0.115347
0.013095
0.037892
0.087722
0.033213
0.075570
-0.014868
-0.055445
0.071675
-0.047502
-0.048239
0.072419
0.111749
-0.109362
-0.080474
0.085736
0.004359
0.105470
-0.107958
-0.035382
0.076246
-0.106861
0.044765
0.117630
-0.035863
-0.084471
-0.075854
-0.020386
-0.101768
0.012937
0.049990
0.053681
-0.016325
-0.007026
-0.030350
-0.067958
-0.076451
-0.079599
0.058234
-0.031900
0.020221
-0.077866
0.020491
0.002337
0.086803
-0.037488
0.003390
-0.004080
0.002212
0.107808
0.097496
0.075643
-0.038301
0.024655
-0.030157
-0.082750
0.030335
-0.048679
-0.109045
-0.025420
-0.058153
-0.050539
0.111734
0.105141
-0.112498
0.013231
-0.091044
-0.030765
0.064160
0.063235
-0.018628
-0.009323
0.054621
0.012063
-0.050034
-0.076664
0.058120
-0.088521
-0.091274
0.091571
-0.094761
-0.118635
-0.028895
0.017328
-0.112747
0.019679
0.019288
0.047881
0.065044
-0.040695
0.087283
0.022702
0.070547
-0.020914
0.047285
-0.017129
-0.065207
-0.071629
0.056213
0.102755
0.086860
0.038128
0.005857
-0.018499
0.061113
-0.022328
-0.102486
-0.033863
0.053549
-0.093934
-0.013615
0.102586
-0.118632
-0.008161
0.077372
0.060883
-0.047264
0.104900
-0.116469
0.077534
0.078915
-0.112237
-0.022869
-0.079965
0.030403
-0.113401
0.001897
-0.062693
0.094571
0.067666
-0.065439
0.057772
0.027855
0.070669
0.094485
-0.083784
-0.105546
0.018899
-0.004635
-0.022929
0.032689
0.045110
0.040539
-0.031238
-0.025773
0.046401
-0.090927
-0.014251
0.103389
0.076160
-0.050573
0.108006
-0.037730
-0.020512
0.106183
0.053483
0.035711
0.059639
-0.010780
-0.002020
-0.028175
0.077150
-0.032691
0.083097
-0.118503
0.091856
-0.072549
0.073960
0.093598
-0.004282
-0.037549
-0.114614
-0.046172
-0.070604
0.027867
-0.082324
0.061158
0.077557
-0.018112
-0.097896
0.035813
0.067292
0.052535
0.032942
-0.068292
0.111225
-0.117382
-0.007082
0.096952
0.026107
-0.015576
-0.001114
0.063115
0.056650
0.079165
0.094557
0.019793
-0.085040
0.042515
-0.062588
-0.089417
0.025980
-0.054652
0.036140
0.057760
-0.100311
0.104929
-0.023019
0.002999
0.114126
0.038574
0.015267
-0.033487
-0.036426
-0.085389
-0.000592
-0.088400
0.018276
-0.008449
-0.106503
-0.073180
0.110822
0.105840
-0.035971
-0.078102
0.076074
-0.047322
0.095959
0.016405
0.006301
-0.002951
-0.105363
-0.085177
-0.036439
0.087407
0.100056
0.027979
0.001942
-0.028554
0.071875
-0.045989
-0.113206
-0.079857
-0.007961
0.097699
0.063097
0.114439
-0.056116
0.031809
0.094070
-0.094551
-0.014387
-0.099946
-0.096866
-0.079136
-0.077351
0.015793
-0.076826
-0.002503
0.035678
-0.026346
-0.026187
-0.080974
0.045084
-0.029024
-0.057880
0.006901
-0.049645
-0.016072
0.093831
-0.101463
-0.044353
-0.011998
-0.097936
-0.034415
0.015032
0.074754
-0.097308
0.104380
0.004057
-0.068703
-0.022164
-0.118369
-0.028376
-0.033986
0.060319
-0.082605
0.085266
0.095004
-0.058269
-0.111323
0.093510
-0.104092
-0.017205
-0.114334
0.027440
0.085038
-0.030013
-0.038405
0.097305
-0.023009
-0.086837
-0.109922
0.085109
-0.006225
-0.109452
0.016638
-0.019058
0.036500
0.105148
0.093329
0.040183
-0.014299
-0.017166
0.082762
0.050622
0.067651
-0.077905
0.013550
-0.078012
0.018743
0.082395
-0.076130
0.104084
-0.005013
-0.056988
0.026878
0.041657
0.064919
-0.079608
0.023479
-0.103265
-0.103993
-0.103562
-0.084022
0.085447
-0.059711
0.047331
-0.100617
0.021690
-0.051812
-0.055572
0.041690
0.037907
0.040299
0.109927
-0.010303
0.000860
0.077164
-0.085249
-0.079095
0.109767
-0.112873
0.105933
-0.024709
-0.063934
-0.048020
0.061151
-0.016066
0.059394
0.073539
0.076156
-0.048772
0.050335
-0.010472
0.032392
0.038012
0.078292
0.040038
-0.041894
-0.083279
-0.114722
0.065965
0.037901
0.031226
0.029069
0.049920
0.005587
-0.001082
0.046871
-0.070249
-0.033523
0.099506
0.072655
-0.040723
0.075800
0.023452
0.111999
-0.019446
0.104345
-0.080062
0.026699
-0.003766
0.051571
0.009632
0.016297
-0.013385
0.056413
0.024614
0.060476
-0.033810
-0.034756
-0.067505
-0.119019
0.001869
-0.099159
-0.110203
0.036016
0.048240
0.061722
0.110101
0.013963
-0.006002
0.103493
0.053666
-0.049084
0.099938
0.078704
0.038907
0.084297
0.078891
-0.078416
-0.047665
-0.093496
0.007195
-0.026501
-0.093412
-0.067357
0.016634
-0.031364
0.059084
0.096850
-0.037515
-0.066402
0.069888
-0.037108
0.112945
-0.041714
-0.116758
0.050476
0.087228
-0.054544
0.024494
-0.113659
-0.080431
0.037369
-0.006998
0.024112
-0.033223
0.088216
0.031071
0.066536
0.054796
-0.020153
-0.066581
-0.054054
0.109775
-0.017101
-0.024077
0.026194
0.015174
-0.026035
0.089546
-0.009768
0.011775
-0.035777
-0.021481
0.100206
0.024343
0.081295
0.100703
-0.071242
-0.024524
0.083831
-0.016367
-0.095307
0.058464
-0.032910
-0.060278
0.012454
-0.109326
-0.015041
-0.059850
0.031584
-0.046225
-0.105574
0.051198
-0.087364
0.066473
-0.095143
0.094394
0.091958
-0.118911
0.108568
-0.081130
0.080188
-0.023115
-0.063240
0.096125
-0.072261
-0.100880
0.031903
0.073959
-0.075825
0.009216
-0.038736
-0.025960
-0.095776
-0.114984
0.078912
-0.012468
0.109669
0.038633
-0.083779
0.084934
-0.094239
0.114330
0.067128
0.081255
-0.104420
0.058386
0.081466
-0.036510
-0.092588
-0.095701
-0.052270
-0.063000
-0.004920
-0.100394
-0.103221
0.028620
-0.013870
0.103618
0.015326
0.025679
-0.118243
0.054937
-0.043912
0.054528
-0.115247
0.105194
0.039275
0.053390
-0.101595
0.073997
-0.015456
0.097695
-0.104128
0.025179
-0.076833
-0.067347
-0.012171
-0.012622
-0.105445
-0.106755
0.053946
-0.118470
-0.114791
0.036637
-0.059337
-0.077977
-0.084552
0.027511
-0.099815
-0.048862
-0.019542
0.027117
-0.031431
0.024779
-0.098268
-0.095805
-0.088817
0.063602
-0.008668
0.044175
0.034481
-0.004478
0.087379
0.074994
-0.076750
0.096494
0.064342
-0.094237
0.024419
-0.090623
-0.107375
-0.107556
0.072169
0.100686
-0.106729
-0.038906
-0.115753
0.047547
-0.096242
0.022535
0.012533
0.066018
0.003137
-0.034274
-0.110554
-0.018586
-0.010401
0.025254
-0.115421
-0.085529
-0.051410
0.117622
0.094680
-0.116040
0.025171
-0.085673
0.016228
0.013943
0.104774
0.060555
-0.006037
0.024393
0.074876
-0.099138
-0.053667
-0.075516
-0.010445
-0.062787
-0.082808
-0.037145
0.020268
-0.061057
0.029951
-0.001688
-0.070448
0.087674
-0.061937
-0.031209
-0.070722
0.110069
0.081633
-0.084035
-0.049620
-0.061592
0.102645
-0.021559
-0.013395
0.036827
0.025774
0.084015
0.094856
-0.059373
-0.102236
0.082377
0.043638
-0.015472
0.049895
-0.040967
0.078111
0.060820
0.013421
0.103415
0.031868
0.012357
0.100801
-0.074430
-0.006154
0.113923
-0.019244
0.110825
-0.067831
-0.079303
0.100013
0.065784
-0.086265
0.008150
0.034600
-0.084992
0.006882
0.101221
-0.024573
0.027033
-0.058876
-0.024126
-0.046632
-0.090029
0.045257
-0.071162
-0.016921
0.089225
-0.066080
-0.064652
0.071592
0.084997
0.072351
0.021311
0.081643
-0.020854
-0.062825
0.108864
0.070265
0.015428
0.100428
-0.005724
0.047284
-0.030888
0.099578
0.106407
-0.041028
-0.025414
0.077187
-0.005892
0.094816
0.056659
-0.091433
-0.051702
0.006186
0.039453
-0.107879
0.002438
-0.106074
-0.018023
0.021404
-0.078317
-0.078328
0.028250
-0.044137
-0.101281
0.017473
0.099583
-0.087269
-0.005495
0.066989
-0.038460
-0.105587
0.106193
-0.018585
0.052845
-0.010689
0.112111
-0.076139
0.060910
-0.042094
-0.103654
0.105394
0.011996
0.032025
0.092375
0.028868
0.020080
0.074030
0.056256
-0.056983
0.087195
0.085827
0.062125
-0.009517
0.013758
-0.013348
0.009946
-0.113744
-0.051363
-0.066319
0.110195
0.074911
-0.076044
-0.097566
-0.047519
0.023044
-0.048468
0.057583
-0.114401
-0.010162
-0.014161
-0.079209
-0.002815
0.106498
0.008836
-0.064708
-0.111917
0.017369
0.044814
0.000132
0.014121
0.079529
-0.089565
-0.054530
-0.098012
0.065230
0.057004
0.079846
0.067076
-0.103234
-0.103416
0.039484
-0.007247
-0.093437
0.085089
-0.043885
-0.069469
-0.094413
-0.052214
-0.073675
0.110886
0.092691
-0.046721
-0.056327
-0.028593
-0.115590
0.113564
0.001179
-0.025938
-0.111043
-0.037143
0.116974
-0.112708
-0.114517
-0.085236
0.055575
-0.083000
0.033414
0.111063
0.089367
-0.109093
0.057887
0.085370
-0.109835
0.021276
0.059174
-0.065532
-0.076520
-0.080687
-0.051709
0.035625
-0.054287
-0.052427
0.005328
-0.029827
-0.048214
0.029321
0.006355
-0.072021
-0.002537
-0.033509
0.110578
0.083877
-0.029563
-0.091614
-0.109351
0.014492
-0.072607
0.060728
0.043797
0.001042
0.090120
-0.005933
-0.080406
-0.105168
-0.056912
-0.098790
0.090550
-0.084718
0.071491
-0.041250
0.094877
0.029040
0.010118
0.097340
-0.025727
-0.022124
-0.064429
-0.021659
0.066208
-0.090329
0.104874
-0.060009
-0.025113
0.039211
0.007427
-0.084188
0.081974
0.043026
-0.101337
-0.004695
0.116958
-0.025646
-0.030710
-0.074620
-0.028102
0.114895
0.019694
0.118890
0.006605
-0.092537
0.116494
-0.003524
-0.116542
0.045592
-0.074158
-0.038448
-0.044919
-0.106483
-0.077170
0.038063
-0.011094
0.000122
0.098019
0.071311
-0.054870
-0.094470
0.043112
-0.100486
0.037511
-0.095188
0.083695
0.047212
0.094781
-0.058670
-0.010318
-0.008208
-0.048442
0.048994
-0.105040
-0.094432
-0.027578
-0.115413
-0.056991
0.050504
0.056676
0.030998
-0.087036
0.019743
-0.052524
0.001022
0.020240
0.071293
-0.110494
-0.033537
0.107046
-0.086819
-0.061109
-0.099040
-0.045651
-0.053519
0.110580
-0.012997
0.074770
0.005436
0.046602
0.010711
0.097869
0.090488
0.016051
-0.051410
0.027599
-0.026601
-0.102473
0.019070
0.044636
-0.111458
-0.113643
-0.104730
-0.074043
0.094344
-0.011517
0.113419
0.012873
-0.034971
0.020515
-0.003215
-0.016139
0.008044
-0.077505
0.069808
0.047122
0.047562
0.013232
0.048678
-0.049364
0.077906
-0.089177
0.074463
-0.042359
0.023798
-0.084195
0.095189
-0.115506
-0.055563
0.106021
0.004163
-0.084126
0.007691
0.081953
0.083410
-0.033891
0.102025
0.083456
0.090186
-0.033731
-0.075348
0.030699
-0.059711
0.058059
-0.054340
0.024108
0.014658
-0.010290
0.075964
-0.107340
-0.114106
0.006049
0.074642
0.054189
0.093864
0.109387
0.096650
0.109841
0.067315
0.108654
0.013405
-0.022636
-0.108880
0.039169
-0.081679
-0.011066
0.019415
0.003389
-0.051094
0.021623
0.064722
0.015531
0.001816
-0.033379
-0.043251
0.048748
0.042074
-0.058294
-0.013002
-0.060596
0.066007
-0.114741
-0.025565
0.060416
-0.010128
-0.055775
-0.111938
-0.038317
0.059003
-0.063639
-0.042021
0.105782
-0.061340
-0.047966
0.061955
0.112172
0.096627
0.091272
-0.059588
0.084070
0.043459
0.076959
0.091033
-0.115385
0.088010
0.016828
-0.037803
-0.037869
-0.098143
0.063249
0.020228
0.079770
0.092958
0.110468
-0.022198
-0.100672
-0.028396
-0.023066
0.000327
-0.099960
0.106478
0.088524
-0.048260
0.080653
0.021038
-0.014516
-0.015437
-0.093392
0.046214
-0.022591
-0.112113
0.050203
-0.049521
0.067906
-0.098258
-0.097060
0.000696
0.101298
-0.061450
0.105547
0.072705
-0.096392
0.083448
-0.017314
0.038071
0.070053
-0.005501
0.014735
-0.039618
0.062363
-0.037413
0.031271
0.059868
0.011889
-0.023705
-0.089505
-0.113292
0.047459
-0.059738
-0.038619
0.037134
-0.014348
-0.082765
0.107635
0.117009
-0.075744
0.109882
0.064640
-0.036913
0.099600
-0.035575
-0.113225
0.063470
0.108318
-0.050890
0.033438
-0.047217
0.031956
0.065349
0.095120
-0.058954
0.016884
-0.034790
-0.097166
-0.074157
-0.060094
-0.034563
-0.026360
0.099954
0.041655
0.115900
-0.026809
0.022552
0.102479
-0.116942
-0.084469
0.044842
-0.110362
-0.052935
-0.006434
-0.078766
0.088502
-0.008656
-0.069340
-0.111260
-0.047354
0.047656
-0.044443
-0.091336
0.005363
-0.088123
0.035533
0.065511
-0.011995
-0.109237
0.097535
0.066728
0.006784
-0.072084
-0.047863
0.026739
-0.029443
0.002262
-0.063127
0.078456
-0.074071
0.082474
-0.026875
0.092436
-0.012548
-0.054927
0.111494
-0.031431
0.004510
0.044665
-0.114405
0.116017
0.013908
-0.080706
-0.070614
0.071638
0.085010
-0.104295
0.046557
-0.086402
-0.009176
-0.078585
-0.110795
-0.058850
-0.048314
-0.004388
-0.040711
-0.108091
-0.109067
-0.035152
0.053394
-0.073089
-0.080052
0.070381
0.029353
0.051391
-0.055757
0.030245
-0.110475
-0.113143
0.085099
0.073105
-0.100967
-0.117479
0.038700
0.101979
0.059583
0.025909
-0.013717
-0.118112
-0.021890
0.100552
0.094629
0.064996
-0.052734
0.110045
0.079154
-0.114243
-0.082147
0.115225
-0.012034
0.107230
-0.100974
0.109255
0.063076
0.109122
0.075583
0.012156
0.051388
0.112754
0.046260
-0.025236
0.117126
-0.085081
-0.066971
0.020583
-0.054407
-0.019589
-0.019746
-0.050256
-0.061710
0.089473
0.112674
-0.078232
-0.001678
0.088104
-0.055852
-0.024592
0.078741
-0.017542
-0.087258
0.003027
0.102135
0.031964
0.000708
0.042463
-0.003204
-0.088813
-0.112782
-0.104339
-0.066114
-0.055515
0.001922
-0.060029
-0.028054
0.084970
-0.036930
-0.031919
0.040961
-0.016784
0.111181
0.086718
0.070769
0.066504
-0.111268
0.089370
-0.076301
-0.034230
-0.012595
-0.086195
-0.076776
0.036334
0.111112
-0.064802
0.051943
-0.092071
-0.052084
-0.073799
-0.093455
-0.042892
-0.066611
0.032103
-0.099753
-0.080256
0.115395
-0.085376
-0.038676
0.079869
-0.102804
0.049080
0.036183
0.103058
-0.019379
0.028825
0.040942
-0.005327
0.070923
-0.022697
0.107089
0.056779
-0.017969
-0.001547
0.063473
0.032232
0.063761
-0.033485
-0.045318
-0.035261
-0.078710
-0.052307
-0.015426
0.056758
-0.022075
-0.110530
0.109228
-0.041138
0.053012
0.023625
-0.036719
0.038647
-0.009950
0.009002
-0.032402
-0.018729
-0.095663
0.022659
0.112445
0.033752
0.062820
-0.061158
0.019395
0.056009
0.006761
-0.064982
-0.041253
0.066752
-0.043596
0.105063
-0.014413
0.001641
-0.079657
0.014305
-0.073313
0.036286
-0.091117
-0.118502
0.106435
0.062159
-0.044694
0.043930
-0.018284
0.108654
0.059989
0.010077
-0.003983
0.036067
0.064135
-0.057790
0.110551
0.063088
-0.060898
-0.035955
-0.097034
-0.032558
-0.114589
-0.022023
0.001171
-0.039026
0.084664
-0.002298
-0.104131
0.106703
-0.023367
0.038699
-0.085176
0.046802
0.073693
-0.032174
0.103045
-0.104199
-0.059468
0.065532
0.071054
-0.101769
0.011341
-0.050621
0.001496
0.077254
-0.020722
-0.086874
0.041064
0.010817
-0.037677
0.061371
-0.001793
-0.071151
0.103383
0.093435
-0.057566
0.108121
0.077798
0.017385
-0.082798
0.115952
0.054985
0.098687
0.000220
0.054508
-0.048136
0.083520
0.095368
-0.019488
-0.003369
-0.098372
-0.089974
0.021060
0.081132
-0.014565
0.042293
-0.108225
-0.065279
-0.108066
-0.026665
-0.112287
0.041111
-0.109767
-0.059771
0.099659
-0.018170
-0.037967
-0.072488
-0.107711
-0.032643
-0.004498
-0.117841
0.092953
0.068484
0.079928
0.036427
-0.038067
-0.051831
-0.109118
0.116355
0.047329
-0.011569
0.097339
0.052574
-0.117932
-0.073862
-0.085989
0.006105
0.084884
0.090634
0.037306
-0.043202
0.092992
0.103534
0.003290
0.085366
0.020822
-0.038367
-0.026962
0.093615
0.013928
-0.048209
-0.090480
-0.014592
-0.119027
0.021359
-0.021837
0.114567
-0.040205
0.091042
-0.001088
0.022584
-0.075037
-0.051683
0.075524
0.025705
-0.007354
-0.034827
0.081802
-0.086905
-0.072838
0.098345
-0.046764
-0.031412
0.031795
0.094769
0.005585
-0.118228
0.013599
-0.104883
-0.032362
0.010194
0.090985
-0.063061
-0.041357
0.060887
-0.077829
0.068194
-0.027562
-0.034498
0.023678
-0.093059
-0.109411
0.094417
0.082759
0.045361
-0.063360
0.033850
-0.014472
0.065260
-0.061780
-0.076402
0.033434
-0.052499
0.051850
-0.119043
0.113121
-0.094747
-0.057446
-0.032999
-0.045376
-0.078181
-0.116082
-0.025348
-0.004592
0.100719
-0.110718
-0.112034
0.046112
-0.052909
0.082080
0.112474
-0.046754
-0.108292
-0.103868
-0.037845
0.091015
-0.016402
0.001965
-0.055131
-0.037524
-0.051745
0.087022
-0.071945
-0.016022
-0.024237
-0.076799
-0.011103
-0.033018
-0.017193
0.021455
0.037817
-0.021943
0.012744
-0.109417
0.095659
0.065651
0.099018
-0.035153
0.004385
-0.094882
0.056726
-0.026245
-0.089831
-0.027584
0.084765
-0.047980
-0.113608
-0.046132
0.103340
-0.043964
0.029439
0.097427
0.000795
-0.084503
0.009902
0.045565
0.078678
0.028255
0.089514
0.091143
0.006581
-0.024999
0.096892
0.066863
-0.106407
-0.011177
-0.033821
0.085654
0.054003
-0.107287
-0.111200
-0.092370
-0.085004
0.104162
-0.035514
0.019825
-0.115808
-0.046983
0.047107
0.066493
-0.089211
0.087416
0.044767
0.100258
-0.014519
0.063641
0.074369
-0.082871
-0.066088
-0.036997
0.049728
-0.081507
0.076922
-0.107643
0.083571
0.077937
0.076086
0.084591
-0.078561
0.000289
0.092308
0.002797
0.018573
0.045684
0.030466
-0.089075
0.104002
-0.058941
0.064749
0.068054
-0.029778
-0.110430
0.089284
0.046055
-0.038025
-0.042623
-0.067583
-0.030355
0.095436
-0.042176
-0.029710
0.070385
0.105575
-0.059984
0.028551
-0.055253
0.066626
0.088594
-0.079959
-0.011045
0.066945
-0.034759
-0.031947
-0.007564
0.004842
-0.035842
-0.061251
-0.012524
-0.020731
-0.019183
-0.045023
-0.079865
0.022542
0.030674
-0.047541
-0.037105
-0.022117
0.064353
0.043750
-0.082344
0.027592
-0.075322
0.045518
-0.060099
0.109872
0.020041
-0.055279
-0.038786
0.084465
0.054310
-0.044835
-0.074528
0.102052
0.020459
-0.016214
0.089485
-0.004660
0.019697
0.047907
0.089975
0.018429
0.040604
-0.075595
0.011431
0.007017
-0.077520
-0.041739
-0.060479
-0.109164
0.020382
-0.106378
-0.060563
-0.088818
-0.074860
0.110718
0.042228
0.100769
0.088669
-0.006376
0.049983
0.089023
0.001990
-0.031917
-0.023220
0.089863
0.088886
0.018974
0.106465
0.087378
-0.081372
-0.113405
0.070028
-0.002722
0.031817
-0.078782
0.083003
0.086523
-0.000752
-0.027295
-0.009557
0.062374
-0.076524
-0.098947
0.060645
-0.086418
-0.018435
0.072737
-0.045822
-0.067372
0.039865
-0.005089
-0.110631
-0.021751
0.037467
-0.042941
-0.022550
0.017868
0.091471
0.116454
-0.117191
0.017380
-0.081227
-0.001889
0.070510
-0.108028
-0.021522
-0.065748
0.102025
0.083451
-0.013744
0.014156
0.083599
0.022162
0.052704
-0.005591
-0.021273
-0.082948
0.049946
0.061097
-0.060829
0.065793
-0.014853
-0.035144
-0.022687
0.002124
-0.070396
-0.029301
-0.001880
-0.026029
-0.009611
0.006989
-0.088151
0.030434
-0.032342
0.057410
-0.045502
0.009963
0.082435
0.042496
0.054362
-0.049385
0.104574
-0.010246
-0.100352
-0.062692
0.067625
0.067654
0.017624
-0.055405
0.112215
0.088511
0.103252
-0.054372
-0.090387
-0.056144
0.011262
0.091557
0.048914
0.031689
0.109369
0.013983
0.044486
0.045902
0.115046
0.028180
0.068276
-0.111643
-0.057156
0.107086
0.048185
-0.026311
0.008213
-0.003607
0.052472
-0.009706
-0.066262
-0.006766
0.047444
-0.086534
-0.088021
0.027679
0.100319
0.098074
-0.113026
0.083481
0.111489
0.018234
-0.087748
0.007698
-0.081780
-0.104918
0.001300
0.031989
-0.001181
0.030876
0.089944
-0.052195
-0.014650
0.085396
0.030431
0.079182
-0.078161
-0.111915
0.081649
-0.022169
-0.102375
-0.115340
-0.105241
0.072093
-0.092765
0.012733
-0.016404
-0.003759
-0.102792
0.087621
-0.033341
0.073955
0.090734
-0.041294
-0.113175
0.021338
0.113266
0.008552
0.078175
0.024877
-0.079778
-0.111278
0.074097
-0.074380
-0.065265
0.094709
-0.005247
-0.059693
0.075825
0.047953
0.118580
-0.105930
-0.089984
0.061456
-0.076139
-0.031605
0.090367
-0.084415
-0.100163
-0.067970
-0.098244
0.001594
0.062319
-0.087222
0.092355
-0.027438
-0.101909
0.115538
-0.110222
0.017167
0.048167
0.050977
0.096183
-0.075611
-0.068722
-0.012670
-0.048406
-0.071974
0.041881
-0.088343
0.110463
0.079660
-0.066618
0.059074
0.093623
-0.047163
0.076485
0.034863
-0.098505
0.008117
0.017355
-0.088332
0.025985
-0.003755
-0.115598
0.054116
0.026510
0.097720
-0.103833
-0.031851
0.005567
0.043286
-0.086008
-0.106551
0.078816
0.050900
0.047100
0.083448
-0.050737
0.092307
-0.061476
-0.096212
-0.015872
0.022695
0.114219
-0.048258
0.019392
0.068728
-0.030837
0.033960
-0.105760
0.041547
0.067567
0.089145
0.096744
-0.060355
0.019234
-0.079043
-0.064552
-0.026907
0.023377
-0.029359
-0.043002
0.079614
-0.036756
0.005983
0.101896
0.048853
0.061824
-0.010086
-0.015208
-0.059618
0.104049
-0.091425
-0.075987
0.060739
-0.089369
0.082340
-0.071693
0.085016
0.029916
0.011852
-0.051381
-0.067635
-0.099358
0.096759
-0.038739
0.062127
-0.103236
0.083411
0.050103
0.020505
0.108985
-0.042473
-0.072082
-0.032557
0.066016
0.017882
-0.041865
-0.045886
0.059930
-0.085168
-0.088437
-0.111385
-0.007702
0.104193
-0.092857
0.048746
-0.114844
-0.107453
-0.105351
0.031175
0.080325
-0.083005
0.067132
-0.014543
0.083296
-0.012497
-0.012731
-0.058721
0.019123
-0.017562
0.105249
-0.023619
0.106890
0.051009
0.038011
0.072905
-0.040313
-0.088376
-0.091261
0.026419
0.042521
0.008784
0.029032
0.086173
-0.019037
0.056227
0.100325
-0.077874
-0.025630
-0.005298
0.102907
-0.044389
0.023185
0.022960
0.107528
0.007082
-0.042803
0.027294
0.111892
0.106270
-0.045769
0.008392
-0.004973
-0.015574
0.037622
-0.076683
0.027582
-0.012610
-0.015035
-0.085299
-0.091556
-0.030377
0.037136
0.038855
-0.100651
0.089271
0.033799
0.107429
0.020629
0.027459
0.062677
-0.073682
-0.089223
-0.037270
0.005515
0.080128
0.103524
0.075762
-0.067158
0.066079
-0.097389
-0.052691
0.080800
0.075545
0.056250
0.087434
0.005397
-0.118601
0.005819
-0.102813
-0.072733
0.036572
-0.013096
0.009046
0.099454
0.109684
-0.102080
-0.083099
0.078782
0.076548
-0.051905
-0.051549
0.058391
0.076227
0.061363
-0.031636
0.015424
-0.000834
0.012564
-0.049483
-0.040092
-0.107435
-0.045810
-0.100376
0.052774
0.034703
-0.033773
-0.010411
0.103395
0.039595
-0.115210
0.011004
-0.040329
-0.097297
-0.092909
0.084285
0.075314
0.092892
0.057818
0.021323
0.066759
-0.066670
-0.104853
0.088978
-0.025158
0.040913
-0.067562
0.013430
-0.020159
-0.092153
0.021849
0.000658
0.021443
-0.052177
-0.068037
-0.017701
-0.039377
-0.062637
0.055012
0.067402
0.096342
-0.051818
-0.081139
0.038344
-0.052176
0.100640
0.095512
-0.095005
0.028470
-0.081996
-0.115045
-0.018192
0.008483
-0.002322
-0.056876
0.009222
-0.088666
-0.017307
0.059996
0.116845
-0.041138
0.107552
-0.107606
-0.066330
0.049503
-0.050319
0.110760
-0.047845
0.061773
0.002230
0.061646
0.046532
-0.048953
0.072803
-0.051256
0.062504
-0.012605
-0.011855
0.057187
-0.028993
-0.082328
0.029844
-0.016529
0.034787
0.072201
-0.069718
-0.053455
0.021152
0.111986
0.023165
0.069676
-0.083987
-0.009819
-0.035984
0.115749
0.003967
0.036499
-0.095532
0.059047
0.027782
0.076410
0.022994
-0.076521
0.034310
0.064721
-0.031576
0.108712
0.025844
0.115075
-0.064525
0.074764
-0.082411
0.082545
0.060021
-0.106818
-0.061288
0.097869
-0.113506
-0.039120
0.036211
0.007404
0.053260
0.001258
0.020003
0.004891
-0.112136
0.082081
-0.067014
0.039367
0.041400
0.050676
-0.063147
-0.114633
0.027372
-0.087109
-0.030755
0.080688
-0.026500
0.073895
0.113799
-0.050275
0.065700
-0.070387
0.107293
-0.092223
-0.074814
-0.078672
-0.019420
0.002411
0.099549
-0.049022
-0.017351
0.025712
0.116725
0.079161
0.042250
0.031253
0.097774
0.082780
-0.059486
0.097173
-0.105850
0.036768
0.012447
-0.053599
-0.084308
0.111718
0.105104
-0.021616
0.113952
0.011618
-0.047020
-0.065043
-0.013754
0.027107
0.069592
0.063278
0.048280
-0.093522
-0.020920
-0.089673
0.081485
-0.021587
0.086649
0.029074
0.064226
-0.021925
0.088170
0.018048
0.021372
0.073913
-0.042083
-0.049704
0.037929
-0.116855
0.101464
-0.009693
-0.054873
0.107754
0.082341
0.093001
-0.022204
0.050333
-0.102669
-0.030105
-0.093856
0.000455
0.031384
0.050520
0.102779
-0.069621
0.105969
-0.080149
0.000019
0.069686
-0.091961
-0.038130
-0.070003
0.094723
-0.088296
0.031626
0.056083
-0.039837
-0.014118
0.035336
-0.019335
0.063288
0.024572
-0.041353
-0.096624
-0.085911
-0.116179
-0.031351
0.117246
-0.036736
0.000463
-0.012686
-0.000540
-0.000932
0.042733
-0.029187
0.029448
-0.014348
0.095419
0.117074
0.055097
0.059163
-0.068251
-0.081478
0.061998
0.060777
0.099940
-0.030384
-0.007849
-0.038450
-0.025230
0.102650
0.040319
0.019917
0.105119
-0.091598
0.087988
-0.001719
0.001398
0.047391
-0.107877
-0.043229
-0.072973
0.085936
0.063958
-0.033858
0.019999
-0.087867
0.100421
-0.114437
-0.087013
-0.082548
0.095925
-0.083648
0.032476
0.032508
0.113530
0.092117
0.068241
-0.042398
0.046272
-0.002745
-0.078329
-0.104045
0.039778
-0.112200
-0.057733
-0.107559
-0.079465
-0.046232
-0.086236
-0.113539
0.013252
-0.030029
-0.087610
0.018140
0.030386
0.088749
0.017468
-0.005643
0.006997
0.029702
0.046665
0.081718
-0.021031
0.034482
0.074506
0.005408
0.044653
0.056330
0.009493
-0.037891
-0.008968
-0.067310
0.068223
0.088086
-0.098269
-0.100569
0.095370
0.064196
-0.035365
-0.022536
-0.090584
-0.030213
-0.101850
0.080824
-0.028796
-0.099339
-0.024009
0.105744
0.040314
-0.108225
0.068321
0.034297
0.114907
-0.028385
-0.113127
-0.038420
-0.074679
-0.108888
-0.062303
0.100143
-0.019874
0.058262
-0.061761
-0.019959
0.018520
-0.004283
0.005663
0.023147
0.090102
-0.108463
-0.062028
0.075280
-0.102045
0.040072
-0.092740
0.101012
0.007128
-0.115088
0.114672
0.086195
-0.031144
-0.111562
0.100423
0.086049
0.001315
-0.097813
-0.102234
-0.112442
0.091030
0.101499
0.074052
0.093979
0.116460
0.027927
0.016537
-0.010147
0.063382
-0.103955
0.061120
-0.063433
-0.105249
-0.115553
0.064282
0.072582
-0.069309
0.114432
0.029996
0.076931
0.018104
0.110188
0.101373
-0.113829
0.115630
0.038865
0.059996
0.056976
-0.057169
0.086006
0.037325
0.015326
0.099980
0.002359
-0.044622
-0.070989
0.046152
-0.042867
0.071305
-0.049230
-0.091429
-0.077549
-0.039900
-0.082090
0.082428
0.099363
-0.009702
0.098381
0.004484
-0.027881
0.109277
0.059180
-0.115000
0.066148
-0.108180
0.065836
0.032483
0.049905
0.035835
0.092954
0.091249
0.101247
-0.058117
0.011768
-0.100825
-0.001842
-0.055133
0.068203
0.003208
0.003333
-0.077498
-0.057547
-0.036967
0.048339
-0.062403
-0.101226
0.019551
0.031920
-0.040831
-0.067385
0.110459
-0.038802
-0.062267
-0.063754
0.077055
-0.058958
0.096521
-0.014956
0.073856
-0.055128
-0.076920
0.000001
-0.045584
0.017558
-0.015402
0.104223
0.095095
-0.024895
0.092901
0.076311
-0.105805
-0.021818
-0.013407
-0.082585
0.100909
0.040885
0.050972
-0.006778
-0.062285
-0.013994
-0.003879
0.113227
0.037461
0.005417
0.093662
0.043818
-0.019624
0.009982
0.108150
-0.011214
-0.043454
0.010310
-0.022727
0.068443
0.045768
0.057868
0.031188
0.080153
0.027128
-0.050684
-0.017537
-0.068221
0.018717
-0.058920
0.028537
0.016417
0.118406
-0.067846
0.107238
-0.034106
0.076263
-0.047217
0.074893
0.109704
-0.050159
-0.061085
0.040561
0.086128
0.067544
-0.017663
-0.081139
-0.001703
0.089919
-0.072112
-0.044220
0.103643
0.033727
0.038383
-0.105171
-0.114090
0.024308
-0.004214
-0.010259
-0.099044
-0.111289
0.094297
-0.006117
-0.037957
-0.031002
0.095748
0.067154
0.017919
0.117026
-0.097635
0.005511
0.015752
0.107716
-0.091221
0.050951
-0.019722
0.096154
0.081490
-0.054270
-0.110879
0.012398
0.042479
0.039161
0.087598
0.050635
-0.027002
-0.048026
-0.082745
-0.115778
0.072048
0.049882
0.025729
0.074523
0.049303
0.056096
0.014032
-0.043221
0.041381
0.040503
-0.070635
0.081285
0.026672
0.082103
-0.059704
0.084521
-0.087280
-0.071760
-0.034168
0.017805
0.041087
-0.067243
-0.025223
0.065791
0.091099
0.042457
0.093270
-0.112993
-0.025300
-0.053426
0.092310
0.054995
0.040809
0.103089
-0.073564
0.096653
0.044380
-0.061516
0.051344
-0.080306
0.105594
0.085778
-0.099245
-0.033178
-0.062653
0.042098
-0.021273
-0.079555
0.006605
-0.100553
-0.069271
0.096346
-0.000312
-0.093370
0.113885
0.056315
0.093320
-0.080989
0.032683
-0.031230
0.112403
-0.011206
-0.090226
-0.019893
-0.029904
0.025452
0.019646
0.036390
-0.076957
-0.065721
-0.004410
-0.000699
0.027917
-0.001987
-0.105570
-0.101773
-0.094381
-0.030942
-0.118659
0.018870
-0.057874
0.020428
-0.107167
0.010466
-0.000981
0.082670
0.108070
0.000613
0.048347
-0.003334
0.089133
0.090706
0.049427
-0.019780
-0.101164
0.021793
0.002399
0.069156
0.057430
0.032057
0.087694
0.090843
-0.046132
-0.022803
0.049069
-0.074159
0.103417
-0.024878
-0.083370
0.112677
-0.092317
-0.044241
-0.017230
-0.111009
0.102228
-0.029285
0.103706
-0.086682
-0.022162
-0.080697
-0.029076
-0.075080
-0.053800
0.020984
0.068698
-0.021816
-0.059375
0.021629
0.104143
-0.107225
-0.011663
0.005257
0.001940
-0.082464
-0.028944
-0.073661
-0.076607
-0.001352
0.093981
0.093461
0.080390
0.077629
-0.042242
0.098687
0.017912
0.067725
0.038490
0.093834
-0.005766
-0.107709
0.109394
0.081289
0.043089
-0.033327
-0.110532
0.059421
-0.010019
-0.107218
0.073576
0.042894
-0.067477
-0.097835
-0.049538
0.044382
0.000785
0.050980
0.034880
0.112076
-0.046865
-0.034587
0.076614
-0.054496
0.027736
-0.118362
-0.002774
-0.056604
-0.030230
0.068582
0.016298
-0.039808
-0.072440
0.083207
0.049559
-0.111261
0.097783
-0.027269
0.025614
0.108919
0.065885
0.024774
-0.001799
0.051204
0.095163
-0.038500
-0.069362
0.087096
0.113676
0.046204
0.004984
-0.009872
0.082191
0.019993
-0.114485
-0.057778
0.070515
-0.028029
-0.026639
-0.075348
0.051495
-0.025179
-0.063098
-0.075597
-0.020942
-0.072077
-0.058992
0.111443
-0.018113
-0.065487
0.074828
-0.058325
-0.027375
-0.066379
0.115006
-0.053533
0.014893
-0.100315
-0.081217
0.056668
-0.079590
-0.020083
0.010329
-0.015879
0.061293
-0.026345
-0.075703
-0.016184
-0.021019
0.084124
-0.070468
0.047282
-0.018904
0.091767
-0.004929
-0.112904
-0.028707
0.030369
-0.007765
0.025392
-0.072634
0.013355
-0.004298
-0.089453
-0.040576
-0.012342
0.018988
-0.039688
0.082488
0.026424
0.105405
-0.114747
0.022049
0.097634
-0.118037
-0.078242
-0.114616
0.100177
-0.081912
-0.065438
0.101293
-0.087969
0.031025
-0.087352
-0.057240
0.009973
0.060145
-0.078519
-0.055959
0.066352
0.033603
0.024024
-0.110938
-0.023023
0.073683
-0.018733
-0.085639
-0.106204
-0.009451
-0.074624
0.021501
-0.015798
0.093690
-0.049857
-0.065993
0.026769
-0.091594
-0.083262
0.014290
-0.104144
0.059299
0.050390
-0.079201
-0.063391
0.015618
-0.109935
0.109529
-0.062487
-0.061840
-0.002022
0.076966
-0.088447
0.035092
-0.017502
0.025240
0.050123
-0.090850
0.010704
0.018747
-0.050258
-0.060120
0.082520
-0.050019
-0.107598
-0.072402
-0.037624
-0.004973
-0.043335
-0.019686
-0.091447
0.111254
-0.076659
-0.114080
-0.021571
-0.093002
-0.106754
-0.074120
0.037012
-0.064367
-0.111896
0.017462
-0.110656
0.075067
0.096443
-0.038048
-0.010594
0.019636
-0.005612
-0.096529
-0.051492
0.103351
-0.046955
0.082054
-0.013146
-0.056951
-0.033883
0.090916
-0.049412
-0.066555
0.091988
0.080587
0.112095
-0.005107
0.115120
-0.089624
-0.073475
0.035922
-0.050578
0.006668
-0.099415
-0.074370
0.035026
-0.073430
0.000264
-0.036807
0.021631
0.043056
0.092014
-0.102960
-0.096656
0.049804
0.054336
-0.046643
0.058333
0.031912
-0.063925
-0.048617
-0.073947
0.002808
-0.039605
0.057163
0.058677
-0.015895
0.097893
0.002421
-0.074223
-0.027143
0.097810
-0.085702
0.040222
0.031017
0.111141
0.034619
-0.057310
0.015558
0.035344
0.056983
0.116852
-0.025636
-0.059702
-0.042141
-0.113263
-0.024911
0.098676
0.046322
-0.003972
-0.084185
0.073718
-0.097942
-0.049407
-0.010009
0.052358
-0.108014
-0.079841
0.083956
0.088480
-0.013559
-0.045916
0.018177
0.115622
0.056136
-0.040833
0.024236
-0.047742
0.057615
0.092369
-0.069860
0.005055
0.115901
0.011948
-0.072379
0.050385
-0.117735
-0.031297
0.074942
0.088054
0.073981
-0.049478
0.041072
0.080986
0.018601
-0.085889
-0.101102
-0.090698
-0.060883
0.032985
0.107028
0.049789
-0.080764
-0.075651
0.060536
-0.007070
-0.053564
-0.089208
-0.017546
-0.089175
0.093219
-0.096057
-0.112993
-0.072153
0.040152
0.015291
-0.090287
-0.082649
-0.048058
-0.106907
0.025563
-0.039126
0.008713
-0.010080
-0.042894
-0.035811
-0.062201
0.039879
0.040866
-0.002741
-0.071099
0.051903
0.098832
-0.073034
-0.037895
-0.013064
0.050127
0.042783
-0.013454
-0.013919
-0.070725
0.060280
0.032019
0.075098
-0.065360
0.007406
-0.083156
0.064779
-0.022582
0.039046
-0.040133
-0.031654
0.090617
-0.096844
0.026260
0.018290
0.009556
0.081023
0.053431
-0.014347
0.048084
0.093427
-0.025116
-0.013954
-0.045065
-0.108336
0.037903
0.073949
-0.010932
0.080137
0.058171
0.051900
0.001934
0.015087
-0.004756
0.067476
-0.111283
-0.062482
-0.100841
-0.097466
-0.090905
-0.061392
-0.097483
-0.075507
-0.066594
0.054111
-0.018443
-0.018134
-0.098836
0.101671
0.018781
0.057105
-0.079261
-0.019153
0.090846
0.007286
-0.066396
0.035473
-0.093953
0.073719
0.091870
-0.040164
0.036088
-0.073293
0.091901
-0.033921
0.051906
-0.066620
-0.112957
0.067781
0.114942
0.022325
0.049014
-0.033049
-0.045615
0.038020
-0.040232
0.068617
0.059842
-0.114662
0.072386
-0.072163
0.057209
0.029487
-0.038320
-0.059505
-0.012003
-0.003292
-0.012956
0.088396
0.086107
-0.085365
-0.011497
0.063166
0.116583
-0.092101
0.076146
0.058919
-0.113300
-0.072811
0.085310
0.110018
0.058250
-0.061162
-0.062307
-0.116182
0.079156
0.026539
0.016299
0.048398
-0.006464
-0.088156
-0.082718
-0.027619
-0.094314
-0.000474
-0.069605
-0.071733
0.032132
0.060495
0.041476
0.038575
-0.025835
0.087275
-0.030388
0.064948
-0.057614
0.022174
-0.097289
-0.106180
-0.114189
0.008084
0.077881
0.077859
-0.042670
-0.004205
-0.074533
-0.019381
-0.005030
-0.056864
0.076813
0.023764
-0.021285
0.110139
0.045106
-0.040728
0.093275
-0.058690
0.089919
-0.103216
-0.045844
-0.082155
-0.092006
0.018644
-0.104075
-0.008876
0.078908
-0.086500
-0.008305
0.009938
0.052612
-0.091452
0.025859
0.039420
0.019398
-0.073535
0.022767
0.108856
-0.037784
0.030713
-0.060648
-0.004548
-0.059509
0.022662
-0.109745
-0.108563
-0.032542
-0.089625
0.101458
0.066288
-0.054634
-0.096199
-0.008871
0.079412
0.066810
0.113416
0.112723
-0.063540
0.004509
0.116714
0.079674
-0.005065
-0.090233
-0.061256
0.022128
0.063629
-0.117045
0.003814
0.062606
-0.063902
0.075649
-0.091343
0.101913
-0.077104
0.045150
0.093630
0.076217
0.032713
0.038755
0.091208
0.115470
-0.083319
-0.024566
0.109828
0.095651
-0.037960
0.057701
-0.080469
0.048999
-0.042320
0.041273
-0.055953
-0.114506
0.037359
0.041361
-0.061876
0.061948
-0.047667
0.003607
-0.077678
-0.003796
0.065266
0.011398
0.030740
-0.044100
-0.040305
0.075867
0.096965
0.066913
-0.070168
-0.101255
-0.067384
-0.014298
0.057698
-0.088529
0.114820
0.116236
-0.014157
-0.112406
-0.014116
0.026388
-0.096773
-0.050398
0.049442
0.058882
0.027613
0.043665
0.114238
0.115176
-0.115063
-0.052360
-0.044814
-0.013600
-0.063676
-0.092548
-0.100989
-0.007430
-0.062520
0.011748
-0.093834
0.071961
-0.012305
0.105115
0.045148
0.056848
0.114206
0.073367
0.032966
-0.115744
-0.054135
0.001024
-0.083134
-0.112185
0.014125
0.000222
-0.063520
-0.086912
0.063084
-0.037187
-0.007386
-0.107802
0.069760
-0.109527
0.009415
0.048850
0.040906
-0.058841
0.088294
0.081369
-0.039126
-0.068630
-0.022661
-0.050940
0.092245
0.031911
-0.080590
0.063263
0.101499
0.022200
-0.051318
-0.116351
0.016139
-0.041015
-0.117024
-0.104280
0.094952
0.109439
-0.108648
0.079406
-0.042197
-0.043427
0.002877
-0.081590
0.006022
-0.068347
0.009902
0.095985
0.020731
0.106516
0.036417
-0.059829
-0.102679
0.098896
0.114000
0.070696
-0.049568
0.005166
0.009992
-0.087189
-0.067108
0.010333
-0.072016
0.063802
0.051988
0.062970
0.053146
-0.043048
-0.033925
0.106933
-0.061086
0.093086
0.071672
0.098725
0.082787
0.096683
-0.110311
-0.043861
0.068311
-0.033509
0.089130
0.021616
-0.068966
0.009959
-0.004625
0.097958
-0.061966
-0.082614
-0.072657
0.086204
0.074796
0.071652
0.027644
-0.084373
0.081603
-0.003405
0.087955
-0.094792
-0.037348
0.052901
0.004134
0.072167
-0.094482
0.035258
0.076096
-0.033571
0.026385
-0.102560
-0.085458
-0.082680
0.051042
-0.081206
-0.071234
-0.066190
0.002859
0.039337
0.069610
-0.098707
0.060639
-0.099012
-0.062113
-0.001522
0.061847
-0.068358
0.088721
-0.062429
0.109670
-0.000963
0.092023
0.076491
-0.102372
0.110321
-0.091441
0.079564
0.055646
0.056520
0.052284
0.044546
-0.039974
0.054302
0.032396
0.046520
-0.044575
-0.033611
0.080065
-0.008574
-0.002918
0.051551
0.051188
-0.055530
-0.112087
0.080308
-0.029063
0.011318
0.024264
0.004413
0.086925
0.090442
0.107981
-0.070732
0.046826
0.013321
0.016856
0.089099
-0.038537
0.116042
-0.025891
0.045905
0.089795
-0.047613
0.035198
0.005554
0.041526
0.051360
0.037987
-0.103117
-0.060153
-0.019013
-0.017853
0.088175
0.078449
0.011050
-0.070914
0.003500
-0.000224
-0.010029
-0.107608
0.019755
-0.034178
-0.099215
0.036269
-0.018675
0.095672
0.062012
0.031195
-0.003274
0.028896
0.073256
-0.063030
-0.046586
0.113556
-0.105700
-0.062181
-0.062068
-0.067135
0.020702
0.052690
0.028679
0.107659
0.076337
0.108840
-0.034978
-0.069939
-0.014005
-0.087025
-0.041367
-0.054594
0.095481
0.005611
-0.021573
-0.018694
-0.019310
0.075661
-0.084767
0.086084
-0.018327
0.097413
-0.114488
-0.058603
0.013784
0.103159
-0.094458
-0.019024
0.017706
-0.028813
0.086019
-0.098420
-0.070386
-0.024574
-0.106104
0.093532
-0.090451
-0.091273
0.058770
-0.091118
0.021922
0.074269
0.097604
0.003507
0.016412
0.002082
-0.096212
-0.038365
-0.059046
-0.078904
-0.036282
-0.009027
0.018246
-0.080011
-0.105805
-0.016646
-0.019105
0.011671
-0.102502
0.112947
0.103070
-0.078666
0.005992
0.045600
0.040951
-0.046840
0.062583
0.063914
0.079478
-0.110373
0.041309
-0.059738
0.041114
-0.105457
-0.050580
0.005905
0.074604
0.106304
-0.023169
0.075910
0.094973
-0.021821
0.070374
-0.063707
-0.004202
-0.057843
0.037484
-0.069255
-0.070218
-0.034428
0.008104
0.105399
0.050656
-0.089296
-0.058277
-0.007049
-0.095262
0.086466
0.017048
0.110750
-0.018606
0.036507
0.014483
0.090562
0.096951
0.067958
0.083943
0.034711
0.009254
0.000204
-0.065069
0.015667
0.008399
0.025386
-0.022726
-0.013168
0.004143
0.074136
0.085494
0.002832
0.086579
-0.047352
0.104219
0.043715
-0.075990
-0.070228
-0.018495
0.012523
0.083201
-0.052376
0.106540
-0.059078
0.026774
0.109815
0.058684
-0.107952
-0.012999
0.081851
-0.044934
-0.040982
-0.012038
0.117973
0.071603
-0.004945
0.025259
0.073290
0.012643
0.108780
-0.096967
0.063758
0.057319
-0.025172
-0.063634
0.099931
0.099484
-0.013558
0.045640
-0.108561
-0.106979
-0.066523
0.099770
-0.027399
0.114189
0.103673
0.011314
0.018606
-0.101423
-0.058251
-0.019306
0.011666
-0.083796
0.042182
0.104010
0.052658
-0.011816
-0.055743
-0.096615
-0.093111
-0.097633
-0.058099
0.035150
-0.015848
-0.048646
-0.100607
-0.046097
-0.042715
0.088045
0.047252
0.080253
0.098291
-0.092823
0.010972
-0.016378
0.072472
-0.012129
-0.046460
0.019780
0.109382
0.070170
0.031394
0.060539
-0.091033
0.066491
-0.104824
0.103805
0.068864
-0.062366
0.003732
-0.110085
-0.009316
-0.098164
0.111278
0.090803
0.013026
0.037415
-0.047813
-0.086969
-0.001385
-0.053880
0.098163
-0.003229
-0.082281
-0.112854
0.008211
-0.058189
0.104758
0.113565
-0.008653
0.111476
-0.076819
-0.054033
0.085354
0.077133
-0.090167
-0.089449
0.090114
0.098091
-0.004513
-0.033425
-0.059677
-0.043287
0.046092
0.067719
0.045964
0.068558
-0.110976
-0.089522
-0.107430
0.037932
-0.012188
-0.089165
0.001703
0.062954
0.061754
-0.042380
0.060259
0.096522
0.048125
0.094797
-0.052204
0.052625
-0.016019
0.020903
-0.019207
0.009969
-0.008301
-0.117126
-0.094386
-0.047758
0.024968
-0.115103
-0.075246
-0.091576
-0.017046
0.073745
0.112216
-0.073673
0.044620
-0.039746
0.078629
-0.045038
0.003907
0.054800
-0.004510
0.059528
0.027743
0.107746
-0.038937
-0.036500
-0.038931
-0.097984
-0.056801
-0.081761
0.011587
-0.070208
0.091227
0.060399
-0.078943
-0.065161
0.056830
-0.050154
0.069077
-0.085614
0.080087
0.026685
0.070665
-0.059961
0.011776
0.019143
-0.016174
0.115361
-0.014920
-0.089308
-0.021971
-0.075200
0.047826
-0.070795
-0.107120
0.040311
0.022893
0.079236
-0.077872
0.083974
-0.034043
0.030997
-0.085734
0.055991
0.107990
-0.095716
0.091919
-0.076726
-0.087500
-0.040380
0.049542
-0.060832
0.020081
-0.080119
0.057098
0.113170
0.008644
-0.103668
0.033330
0.013356
-0.052979
-0.033791
-0.114782
-0.095992
-0.112469
0.085552
0.039446
0.086462
-0.115185
-0.081908
0.035769
-0.000486
0.082694
0.101013
-0.098609
-0.025907
0.049463
-0.025197
-0.040271
-0.090061
0.045551
-0.060107
-0.092365
-0.012087
0.061517
0.048198
-0.081648
-0.099458
-0.031674
-0.015465
0.061103
0.077715
0.053405
0.082729
0.011347
-0.009370
-0.050632
-0.021371
-0.108380
0.047335
-0.000454
0.099614
0.023892
0.019234
0.022941
-0.017228
0.005478
-0.007384
-0.104254
0.089307
-0.006017
-0.047661
-0.050680
-0.060673
-0.005088
0.037013
0.106683
0.083197
-0.101359
0.045759
-0.081337
0.062100
-0.093448
0.081722
-0.074354
0.078229
-0.055392
-0.086604
-0.003610
0.038264
0.021144
-0.109941
-0.079271
0.102046
-0.089127
0.049271
-0.012825
-0.014285
-0.022348
0.070083
0.068512
-0.000167
0.032390
-0.052515
-0.096860
-0.071692
0.012395
-0.066783
-0.001426
0.117844
-0.104319
-0.039988
-0.014133
-0.031772
0.086595
0.072665
0.060383
-0.051431
-0.004862
0.029714
-0.049013
-0.076866
-0.056326
-0.099258
0.083654
-0.029938
-0.090685
-0.091879
-0.111164
0.116747
-0.063374
-0.034430
-0.109801
0.072281
0.106381
-0.108636
0.054753
-0.046767
-0.081198
-0.027630
-0.004020
0.047617
-0.068752
0.007714
-0.018230
-0.061543
-0.104494
0.051382
-0.026272
-0.108130
-0.099241
-0.058586
0.092866
0.080838
0.059475
-0.085324
0.115599
-0.042662
0.022192
-0.047824
-0.023996
0.074733
-0.092013
-0.093979
-0.038211
-0.111840
0.004600
0.109853
-0.012650
0.037561
-0.032594
-0.116770
0.061577
0.066430
0.111778
0.028124
0.028801
-0.095443
-0.050388
0.024832
-0.019720
-0.010520
0.086129
0.057795
-0.059573
0.118863
-0.070078
0.099457
-0.087831
0.062174
0.004228
0.116277
0.076241
-0.110183
0.066727
-0.011289
0.113591
-0.068455
0.064058
-0.089475
0.049157
0.091145
0.044389
-0.100043
0.014976
-0.095478
0.074916
0.046771
0.075077
-0.077224
0.052602
-0.008802
0.054042
0.017951
0.040826
-0.022276
0.036870
0.099284
0.034944
0.037097
0.064516
0.094296
-0.042833
-0.058607
-0.014141
0.031727
-0.012010
0.047237
0.040018
-0.108695
-0.059781
0.091677
-0.043913
-0.048210
-0.006198
-0.000429
-0.018382
-0.106283
-0.009712
0.060295
-0.106946
0.020560
0.043119
-0.087404
-0.018238
-0.030080
-0.025171
-0.098659
0.091795
-0.087669
0.036522
0.051854
-0.005729
-0.006659
0.040904
0.101881
-0.053829
0.010507
-0.073650
-0.047004
0.066271
0.037295
-0.088833
0.046387
-0.045073
-0.020334
-0.035114
-0.101772
-0.089932
0.050104
-0.107851
-0.098472
0.117595
-0.070582
0.044429
0.048949
-0.035312
0.020658
0.094064
0.102320
0.067615
-0.022722
-0.023852
-0.087849
0.116109
0.017295
0.028470
0.094384
0.016930
0.017315
-0.024534
0.022790
0.005312
0.064894
-0.098226
0.059930
-0.026570
0.115034
-0.087270
0.007143
-0.009427
-0.057862
-0.034549
-0.097206
-0.017800
0.021144
-0.036813
-0.111114
-0.079020
0.013616
0.000144
0.099061
0.049437
0.115887
-0.105115
0.082628
0.040710
0.009776
0.090819
-0.063634
0.109963
-0.050768
0.037121
-0.016786
0.080355
-0.108729
-0.073434
0.042924
0.088808
0.005621
0.099035
0.011223
-0.057260
0.011994
0.094827
0.074961
0.008130
-0.050996
0.030014
0.093733
0.083298
-0.074661
0.025980
0.089399
0.051241
0.070842
0.038329
-0.077336
0.007519
-0.105420
0.068481
-0.098658
-0.018492
0.089194
0.075871
0.023549
-0.066987
0.098671
0.007455
0.091821
0.043669
0.063227
-0.021106
0.085638
0.030164
-0.043355
0.065716
0.086389
0.069670
-0.104708
-0.068249
0.035350
0.111448
0.083762
-0.026804
-0.036431
-0.092090
0.008051
0.040025
0.030320
0.010418
-0.029816
-0.025567
0.017539
-0.009719
0.036343
0.111508
0.095143
0.091475
-0.008841
-0.001896
-0.117966
0.004546
0.054579
0.102261
0.028366
0.030696
-0.077611
0.093949
0.036473
0.041334
0.090285
0.028177
0.053788
0.049842
-0.021690
-0.020164
-0.045482
-0.076957
0.000433
-0.001338
0.022130
0.065354
0.022420
-0.107340
-0.032441
-0.101659
0.011426
0.048653
0.101238
-0.112650
-0.008258
-0.043212
-0.108705
0.067077
0.096154
0.088065
0.095028
-0.003396
-0.022007
-0.117210
0.103802
0.036253
0.032115
0.020075
-0.029419
-0.113012
0.108632
0.086847
0.013424
0.085988
-0.070291
-0.107288
0.075660
0.005102
0.041390
0.033136
0.041762
-0.071153
0.103938
-0.100935
-0.091936
-0.060702
-0.090012
-0.083425
0.108499
-0.051199
0.066293
0.097791
-0.025911
-0.023739
0.016061
-0.033222
-0.079784
-0.088107
0.088121
0.020809
-0.018348
-0.025915
0.049758
0.053466
-0.033725
0.055179
-0.078519
0.081307
-0.112944
-0.115638
0.106982
0.051890
0.009597
-0.107875
-0.094826
0.000558
-0.108836
-0.029086
0.017383
0.106110
-0.021189
-0.104140
-0.060132
-0.094683
-0.053978
0.020112
0.026635
0.067063
-0.009626
0.030315
-0.059485
0.076597
0.014267
-0.054718
0.082194
-0.018815
0.066674
-0.109985
-0.077172
-0.035349
-0.032637
0.021033
-0.105821
-0.103025
0.001518
0.035953
0.060406
-0.025461
-0.048183
0.015581
0.032531
0.089339
-0.039835
-0.104365
-0.057364
0.020716
0.111431
0.029554
-0.089131
-0.077398
-0.050875
-0.117308
-0.100708
0.062413
0.074751
-0.026453
0.114082
0.098667
0.016584
-0.016271
0.086864
0.105405
-0.097004
0.095116
-0.041263
0.071994
0.047444
0.016157
-0.054463
0.116190
0.054842
-0.022475
0.101369
0.099217
-0.030376
-0.106606
-0.028779
0.016958
0.090527
0.082713
-0.112841
-0.041549
-0.011676
0.040947
-0.028557
0.083229
-0.066771
-0.037284
-0.107261
0.084039
0.011542
-0.014969
-0.100347
0.070500
-0.053205
-0.096099
0.057562
0.076846
-0.074101
-0.045794
0.009530
0.075141
-0.098736
0.032597
0.003218
0.090436
-0.031919
-0.107955
-0.089354
-0.052480
-0.110538
0.057384
0.100571
-0.072254
-0.011504
-0.080557
-0.116099
-0.006748
0.001228
-0.087283
0.083678
0.055362
0.002068
-0.033023
-0.022249
-0.050449
-0.005704
-0.054813
0.098805
-0.066025
-0.112841
0.072463
0.089719
0.030050
0.105753
-0.051879
-0.106518
-0.104598
-0.080603
0.109547
-0.083894
-0.018644
0.075283
0.024682
-0.079258
0.014725
-0.069263
-0.069054
-0.095705
-0.020542
-0.085270
0.027429
-0.105915
0.048354
-0.051956
-0.026342
0.091847
-0.067693
-0.099440
-0.065393
0.035703
0.057795
0.048114
0.006844
-0.110994
0.117238
-0.038278
-0.024896
-0.089858
0.039771
0.078627
0.073110
-0.108474
0.067855
-0.067548
-0.034540
0.034480
0.008715
-0.061228
-0.050772
0.108345
0.071679
0.021350
-0.016406
0.093448
-0.084076
-0.026360
-0.041452
0.114586
0.093207
0.058008
-0.085046
-0.009334
-0.059632
-0.099733
-0.014804
0.040076
-0.078102
0.073628
-0.084641
-0.055934
0.106588
0.028295
0.072869
-0.090428
-0.074264
0.072405
-0.035292
0.105069
0.027079
0.069296
-0.104185
0.048043
-0.031698
-0.081746
-0.015614
0.055997
0.018110
-0.044371
0.086864
0.055028
-0.005264
-0.052626
-0.104814
-0.061341
-0.057864
-0.060959
0.102160
-0.068100
0.084314
0.019531
0.025883
0.099845
-0.112555
-0.109458
0.049915
0.053056
0.042406
-0.013714
-0.112027
0.034657
-0.070866
-0.109936
-0.040866
-0.070345
0.021535
-0.002437
-0.100332
0.024666
0.017557
-0.081209
0.028186
0.057807
-0.029101
-0.056242
0.028876
0.110461
-0.074557
-0.033168
-0.099580
-0.007249
0.112525
0.051946
0.101073
0.065457
-0.010338
-0.062172
0.038884
0.054547
-0.053268
-0.026438
0.071312
-0.048708
0.025119
0.092564
0.013779
0.020340
0.065170
0.002540
-0.045603
-0.044209
-0.049885
-0.071764
0.034056
-0.062216
-0.117091
-0.112501
0.116572
0.007053
0.025760
-0.113780
-0.093516
-0.014428
0.076658
0.090235
0.054697
-0.058185
-0.039850
0.025166
-0.067933
0.071189
0.081812
-0.036666
0.054497
-0.017488
0.060355
0.058081
-0.074808
0.027054
0.069466
0.033979
0.107236
-0.096977
0.015642
-0.011014
0.056044
0.024933
0.115603
-0.106036
-0.107732
-0.084355
0.056706
-0.080743
0.066893
-0.049041
-0.069021
0.045813
0.090644
-0.100230
0.000069
0.115129
-0.075062
-0.009798
-0.041609
0.014865
-0.025568
-0.002652
-0.013768
0.007159
-0.062134
-0.014901
-0.024506
-0.087832
-0.104185
0.036712
-0.108799
-0.068893
0.019819
-0.057248
0.036678
-0.109722
0.069560
-0.071373
0.112196
0.012510
-0.111511
-0.101420
-0.054569
0.038681
-0.029635
0.045608
0.002637
0.020576
0.024565
-0.070553
0.055133
0.019426
-0.071754
0.115968
-0.011429
0.091915
0.111216
0.025685
-0.022383
0.043861
-0.012531
0.048747
-0.115321
-0.010901
-0.082874
0.078614
0.020171
0.056348
-0.004352
-0.028390
0.113686
-0.085550
-0.115748
0.096440
-0.041747
0.092718
0.067182
-0.035344
0.105070
0.101500
0.065044
0.108512
0.042033
-0.082431
-0.066172
-0.089287
-0.057338
0.049273
-0.111284
-0.058927
-0.062496
-0.101429
0.082363
0.030920
-0.107325
0.085635
-0.045732
-0.064589
-0.108271
0.100173
-0.086747
-0.081347
-0.093356
0.055891
0.053803
0.010747
0.067032
0.030787
-0.049233
-0.013756
-0.060190
0.058156
0.092427
-0.084911
-0.066520
-0.014397
0.081361
0.005905
0.051965
0.051169
-0.032832
-0.040512
-0.108650
-0.100315
0.106136
-0.086445
0.101766
0.077178
-0.017524
0.036606
-0.110791
-0.071416
-0.038443
0.102309
-0.016236
0.049875
0.010903
-0.100884
0.011148
-0.037670
0.082812
-0.100574
0.060407
-0.042478
0.091291
0.087285
0.071688
-0.103591
0.019565
0.025262
0.103583
0.037158
0.035053
-0.064205
-0.076552
0.017546
-0.033372
-0.075929
-0.100462
-0.062148
0.008935
-0.058650
0.062923
0.022210
0.045948
0.059608
0.062212
-0.013251
-0.056964
-0.086725
-0.096278
-0.038935
0.009159
-0.048975
-0.086297
0.026682
0.052945
0.018134
0.112704
0.040727
-0.031890
0.033385
-0.090869
-0.082364
0.076587
-0.055988
0.003525
0.069319
0.087345
0.022027
0.062522
0.114494
-0.066173
0.013632
0.059624
-0.014527
0.023009
0.041620
0.061104
-0.095990
0.041110
-0.014822
0.008936
0.052487
-0.099706
-0.088265
-0.052315
-0.096144
-0.075922
-0.110917
0.003267
-0.094557
0.099895
-0.113910
-0.067063
-0.043573
-0.059132
0.114836
0.084026
0.047804
0.074095
-0.084880
0.081776
0.013759
0.111254
-0.023694
-0.105820
0.050400
-0.067713
0.052324
0.099503
0.012631
-0.080573
-0.064936
0.022816
0.013794
0.057123
0.112092
-0.018771
0.011360
0.058322
-0.090494
-0.105648
0.030110
0.047803
0.021926
-0.081425
-0.034943
0.091971
-0.010373
0.083362
0.008676
-0.087746
-0.043460
-0.021523
-0.116057
-0.041050
-0.031443
0.102697
0.036564
0.026223
-0.074204
0.110469
-0.077995
-0.062702
-0.118875
-0.071072
-0.098231
-0.050687
-0.067571
0.041573
0.104872
-0.081594
-0.063860
-0.110389
0.070845
0.058271
-0.050985
-0.102789
-0.025647
-0.017498
-0.058517
0.075697
0.056305
0.012247
0.045448
0.094900
-0.092129
0.109918
0.020328
0.116737
0.110102
0.092740
-0.067546
-0.048483
-0.019949
-0.055183
-0.107818
-0.054870
0.098028
0.105976
-0.119024
0.067156
-0.060675
-0.096482
0.090078
0.115276
0.073086
0.001872
-0.000465
-0.011211
0.083259
-0.062881
-0.110225
-0.052520
0.073998
-0.036794
-0.032073
0.094448
-0.047543
-0.081614
-0.095306
0.117022
-0.115685
0.041026
-0.002249
-0.064571
-0.080621
-0.023860
0.099086
-0.099675
0.090745
0.016045
-0.002548
0.080037
0.056962
0.084096
-0.014502
-0.030835
-0.075646
-0.079957
0.004612
0.030355
0.022146
-0.044026
-0.013511
0.091261
-0.030346
-0.053022
0.076301
-0.074793
0.060279
0.025295
0.039758
0.075969
-0.088878
-0.074459
0.078707
-0.006288
-0.040477
-0.053506
0.061697
-0.011165
0.004312
0.069976
-0.056925
0.012919
-0.047214
0.031572
-0.106416
0.038116
-0.078804
-0.001832
-0.088474
0.045503
-0.043889
-0.117934
0.044201
-0.108779
0.002411
-0.022987
-0.111531
-0.051245
0.074347
-0.049405
0.031517
-0.026930
-0.055761
0.003708
0.082015
0.094104
0.112319
-0.057333
-0.027871
-0.013267
0.052809
-0.039586
-0.007607
-0.024253
0.089238
-0.029554
0.088905
-0.070644
0.103358
0.088577
-0.039708
-0.089596
-0.023155
-0.062647
-0.105065
-0.100001
-0.111726
-0.095889
-0.101970
0.088680
-0.053650
0.039774
-0.048229
0.018870
-0.027189
-0.090397
0.110786
0.047583
-0.009586
-0.043133
0.118521
-0.091383
0.039384
-0.007985
-0.065088
-0.087218
0.048267
0.088719
0.043637
-0.028916
-0.110576
-0.094420
0.006069
-0.019869
-0.115694
-0.012395
-0.022065
0.116724
0.042244
-0.031125
-0.106485
-0.095455
-0.058164
-0.006662
0.077088
-0.041972
-0.075863
-0.095270
-0.038320
0.078147
0.070883
-0.074629
0.031402
0.078619
0.059763
0.112227
0.018100
0.059301
-0.063088
-0.026567
0.115819
-0.078311
0.073061
0.029861
-0.001607
-0.030007
0.113899
0.040242
-0.080982
0.098845
-0.067285
-0.105824
-0.081844
0.002508
-0.048940
-0.034146
-0.109328
-0.073107
0.069660
0.016210
0.016633
-0.052467
-0.028295
-0.033625
0.042546
0.110211
-0.067892
0.023648
-0.045322
0.116131
0.103089
-0.080000
0.021464
0.054624
-0.058662
-0.094448
0.059136
-0.072710
-0.000830
-0.054027
0.040706
0.064150
0.092640
-0.008905
-0.063309
0.105783
-0.024581
0.039575
0.019556
-0.098171
-0.004469
-0.112660
-0.068133
-0.076421
-0.011668
0.075639
0.114647
-0.006135
-0.051674
0.030976
0.089623
-0.008808
-0.046008
0.006778
0.112940
-0.110086
-0.094685
0.058846
0.008915
0.021980
-0.035177
-0.033653
0.007298
-0.014576
0.058940
0.007576
-0.001758
-0.012422
0.018816
-0.028874
-0.077074
0.037293
0.054189
0.097450
-0.030555
-0.068487
0.076988
-0.050014
-0.014138
0.084020
0.076411
-0.036032
-0.116285
0.019817
0.044043
-0.053210
0.093747
-0.050336
-0.016079
0.108850
0.060728
0.029056
-0.101534
0.094478
0.082913
0.095945
0.025760
0.107931
0.076896
-0.026138
0.100679
-0.048280
0.017165
0.087169
0.056709
-0.076272
0.041716
-0.069316
-0.087151
-0.047555
0.005031
0.007226
-0.014859
-0.102324
0.018857
-0.090876
-0.087186
-0.095443
-0.029034
-0.075338
-0.070292
-0.025840
0.071815
-0.063801
-0.090514
-0.087398
0.005066
-0.019325
-0.115274
-0.082976
-0.115660
-0.028859
-0.099604
0.060988
0.060877
-0.115455
0.112674
0.021636
0.107122
0.106411
-0.008672
-0.000429
0.010630
0.036706
-0.094423
0.007656
0.063299
0.064401
0.033137
0.113747
-0.106768
0.065639
-0.085223
0.083288
-0.115325
-0.040306
-0.026749
0.094853
0.021483
-0.073498
-0.032538
-0.061818
0.060452
0.018083
-0.019184
0.069652
0.104698
0.084288
0.092049
0.062477
-0.049857
0.070158
0.036490
0.111619
0.083611
0.015576
-0.040476
-0.069481
-0.082826
0.077791
0.094324
0.094485
0.051108
0.079206
-0.018951
-0.097071
0.108805
-0.048807
0.002713
-0.062852
0.011237
-0.056146
0.058328
-0.104002
0.021707
0.113089
-0.069728
-0.055857
-0.042365
-0.056238
-0.100122
-0.075670
0.074877
0.012935
-0.060323
-0.103049
-0.004226
-0.116236
0.027315
-0.093003
-0.043468
0.111699
0.108374
-0.019974
0.065700
0.044835
0.047806
-0.083251
-0.074322
0.088919
0.035320
-0.105769
0.076723
-0.049965
0.055214
0.005597
0.066973
0.055842
-0.088997
0.063169
0.072704
-0.095057
-0.008187
-0.101020
-0.016197
-0.069758
0.054868
-0.058496
-0.096417
0.102279
-0.016184
-0.043750
0.107821
-0.010302
0.000074
-0.081500
-0.067735
0.111524
0.113927
-0.116146
-0.019574
-0.010869
0.000640
-0.000110
-0.092334
0.114696
0.112889
0.085882
0.081776
-0.101683
0.059923
0.080645
-0.077740
