-0.029341
-0.044733
0.014997
0.010256
0.099056
0.082581
0.024095
0.020447
-0.003375
-0.038136
-0.054048
-0.001782
0.046039
-0.117074
0.049595
-0.074130
-0.087460
-0.086092
-0.053116
0.033898
-0.045067
0.055817
0.080566
0.085225
0.062422
0.098216
0.088123
-0.064809
-0.027267
0.004097
-0.013696
-0.020641
-0.068040
-0.095104
-0.017710
0.093282
0.116120
-0.022455
0.100845
0.071568
-0.081667
0.049595
-0.040917
0.065816
-0.066349
-0.046251
0.055430
0.112640
-0.031624
0.011184
0.104303
-0.076075
-0.092015
-0.078131
-0.023065
0.008251
-0.002205
-0.086847
-0.018920
0.086680
0.019526
-0.079858
-0.114020
0.095686
-0.114788
0.078545
-0.082190
0.036545
-0.102241
0.016067
0.085827
0.093208
-0.049589
0.086961
-0.094618
-0.113413
0.055638
-0.117076
0.040463
0.010921
-0.108373
0.004050
-0.015708
-0.042283
-0.020918
0.097407
-0.004529
0.096559
0.040903
-0.071223
-0.023081
-0.044346
0.061253
0.069538
-0.078004
0.102870
-0.110108
0.114528
0.071245
0.065992
0.043153
0.056576
0.047136
-0.005594
-0.114041
0.102778
0.024716
0.056268
0.040849
-0.031998
-0.039741
-0.031491
0.055445
-0.068461
0.073780
0.045743
-0.033590
0.022194
-0.045104
-0.015923
0.102316
0.077692
-0.068920
0.064877
0.108604
0.097708
0.038153
0.071822
-0.098560
0.106066
-0.089297
-0.057467
-0.024423
-0.086501
0.030250
0.064556
-0.098134
-0.105724
0.060887
-0.116413
-0.068685
0.062296
0.118584
-0.079975
-0.094255
-0.057156
0.107426
0.019763
-0.076836
0.081614
-0.103653
-0.026576
0.035374
-0.055147
-0.079938
-0.043844
0.016851
0.004397
-0.005638
0.037843
-0.042362
-0.021584
0.012043
0.059696
0.116892
0.112834
-0.043066
-0.088231
-0.083979
0.093705
0.000038
0.024490
0.099515
0.018686
-0.001130
0.013197
0.002968
-0.089601
-0.095686
-0.078537
-0.094230
-0.040567
-0.004434
0.116762
0.117226
0.098759
0.071394
-0.031719
-0.055720
0.072105
-0.045228
0.017528
0.047936
0.035313
0.045637
-0.114700
-0.076871
0.027801
0.057988
-0.073248
-0.044122
-0.017383
-0.017820
-0.065326
-0.032169
0.089839
0.014246
0.015032
-0.010396
0.077122
-0.048386
0.030325
0.107014
0.092841
0.031950
0.114846
0.046134
-0.023848
0.108889
0.021812
-0.002480
-0.068835
0.060943
-0.012418
-0.025226
0.018063
0.094903
0.020829
0.036267
0.017894
-0.096348
-0.055304
-0.025427
0.027397
-0.038473
-0.038091
-0.113644
-0.040640
0.051251
0.023703
-0.021660
0.039620
0.061088
-0.104792
0.062555
-0.034363
0.048805
0.079778
0.090242
-0.115334
0.053484
-0.052375
-0.116830
-0.118519
-0.012893
-0.113769
0.068738
0.097099
-0.005135
-0.072357
-0.037033
-0.046676
-0.112426
-0.017131
0.088898
0.065000
0.046266
-0.027847
-0.064946
0.002125
0.034504
0.069619
-0.015212
-0.040695
-0.006303
0.098220
0.050783
-0.018229
0.103777
0.026971
0.106366
0.003472
0.071554
-0.075543
0.004132
-0.040601
-0.087681
-0.040987
-0.061951
0.026998
-0.061311
-0.002473
-0.034167
0.097196
0.028523
0.023295
0.068087
-0.004936
-0.116905
-0.000335
0.097969
0.005592
0.053253
0.115678
0.060085
0.092205
0.031512
0.047093
0.067079
0.030001
-0.021286
0.098168
0.003122
-0.055696
-0.112269
-0.004400
-0.055900
-0.112334
-0.108226
0.086657
-0.098609
-0.039416
0.101253
0.053519
0.092918
0.074040
0.040985
-0.007086
-0.000754
0.009764
-0.000526
0.046171
-0.054341
0.039367
-0.007124
-0.050606
0.045626
-0.098597
0.053695
0.068510
-0.044307
0.040977
0.113470
-0.075337
-0.014309
-0.094329
0.041180
0.084641
-0.058833
0.001356
-0.069922
0.038111
-0.073981
-0.103239
0.012244
0.021934
-0.113882
0.046598
0.109315
0.037969
0.105580
-0.110151
-0.067504
-0.079503
-0.046286
-0.064675
-0.112307
-0.027114
-0.004577
-0.094424
-0.060094
-0.052191
-0.004061
0.104448
-0.041451
0.033921
-0.008483
0.086439
-0.041089
-0.057243
-0.075402
-0.117983
-0.013662
-0.097651
0.097838
-0.107422
0.021280
0.052566
-0.059811
-0.028559
0.096298
-0.016277
-0.018777
-0.034878
0.011914
-0.034781
-0.062689
-0.066677
0.002151
-0.035045
-0.006720
-0.111446
-0.016502
0.018657
0.018700
0.036890
-0.045870
0.093580
-0.016227
0.061145
0.106589
0.006466
-0.052802
-0.030399
0.071955
0.023334
-0.013017
0.113710
0.058843
0.089394
0.022980
0.038636
0.039505
0.102961
0.083479
0.067039
-0.118405
-0.067606
-0.048335
0.042234
0.067140
0.094601
0.095846
-0.110315
0.038220
-0.108764
0.021555
0.082218
0.103411
0.088517
0.000253
-0.026745
0.072806
-0.110490
-0.094641
-0.031170
-0.024838
-0.012261
-0.019999
0.053559
-0.117765
0.056522
0.099770
-0.006763
-0.083141
-0.028764
-0.012168
-0.090478
-0.095900
-0.061737
0.030062
-0.027780
-0.009648
0.033686
0.094329
-0.040105
-0.069731
-0.112928
0.073109
-0.005741
-0.013483
0.087410
-0.089900
-0.031102
0.063681
0.075851
-0.089696
0.104879
-0.086533
-0.067896
-0.016968
-0.105558
-0.016665
-0.053290
-0.006997
-0.004058
0.102553
-0.114438
-0.026525
0.030795
-0.112979
0.056054
-0.000669
-0.088809
0.024461
-0.103200
0.009117
0.117048
-0.061661
0.039281
-0.022122
0.046445
0.014856
-0.069981
-0.001946
0.064497
-0.099780
0.026519
-0.071125
-0.099425
-0.100723
0.097145
0.053480
0.052449
0.073585
-0.031241
-0.028602
-0.010273
0.072057
-0.031499
0.095239
-0.024439
0.033184
-0.053816
0.062552
0.109317
-0.082381
0.026769
-0.000090
-0.091308
0.051156
-0.092716
0.094274
0.011865
-0.055989
-0.055864
0.025257
-0.011818
-0.064967
0.115562
0.071106
0.042919
-0.002219
0.041919
-0.024281
-0.079617
0.113593
-0.050269
-0.115201
-0.040204
-0.050026
-0.001543
-0.111967
0.000173
0.021256
-0.020767
-0.105723
0.038471
0.104019
-0.022395
0.072071
-0.003078
0.020402
-0.034603
0.043838
0.085434
0.107840
0.057720
-0.110998
0.015074
-0.100491
-0.069519
0.003517
0.077803
-0.067406
0.080502
0.112220
-0.083872
-0.050320
0.100662
-0.041142
0.027577
0.112260
-0.080544
0.019100
-0.085585
0.016332
0.045864
-0.027498
-0.071604
0.009124
-0.090060
-0.044831
-0.000897
-0.102119
0.062656
-0.042667
-0.016758
-0.049491
-0.051513
0.054320
0.043766
0.091001
-0.031134
0.040303
0.008638
0.044937
0.107884
0.079978
-0.061965
-0.058157
-0.074710
-0.109854
0.086722
0.035059
-0.032203
-0.018767
-0.098022
-0.063816
-0.119108
-0.006799
-0.032479
-0.034894
-0.079596
-0.071251
0.081220
0.000225
-0.033337
0.044656
0.063678
0.049837
-0.107414
-0.003998
-0.051300
-0.048274
-0.004596
-0.061242
0.016481
-0.013424
-0.003937
-0.083300
0.082873
-0.110698
0.089203
-0.104897
0.042647
0.012788
-0.006706
0.113221
-0.089086
0.034279
0.023151
-0.095238
0.091540
-0.034402
0.007490
-0.110582
-0.101825
-0.101050
0.067624
-0.000596
-0.039413
-0.038599
0.075512
-0.062823
-0.074748
0.018476
0.010907
-0.065544
0.050750
-0.068865
0.069884
0.001711
0.012835
0.068438
0.007453
0.082869
0.074535
0.061316
-0.073376
-0.050899
0.058930
0.087209
-0.059804
0.095894
-0.117824
0.011873
-0.021010
0.073119
-0.051561
-0.090129
-0.029488
0.029942
-0.045786
-0.076374
-0.060884
0.041390
-0.068257
-0.079146
-0.116358
-0.086046
-0.076677
0.026995
-0.004275
-0.009858
0.067405
-0.044777
0.073654
-0.041114
-0.047551
-0.020456
-0.050651
-0.081929
0.021405
-0.058961
-0.006794
-0.083535
0.013955
-0.061535
0.068201
-0.106572
0.089743
-0.080856
-0.087804
0.103986
0.032655
0.109549
-0.079924
0.017033
-0.021052
0.011919
-0.007517
0.021904
0.116372
-0.016219
-0.051473
0.059460
0.014723
0.032203
-0.023440
-0.031667
0.081768
-0.065184
0.009331
-0.115069
-0.099237
-0.027776
0.069784
0.006602
0.066602
-0.025193
0.103634
-0.050988
0.114563
-0.109005
0.073846
-0.027646
0.091749
-0.079620
0.045372
0.085057
0.033075
-0.021155
0.060273
0.024333
0.047029
0.004598
0.052381
-0.043777
0.045592
0.001819
-0.058768
-0.110450
0.084731
-0.094866
0.065565
-0.055771
0.066005
-0.096269
0.116616
-0.012552
0.111447
-0.039167
0.108755
0.074213
-0.093232
0.050853
0.025301
0.008729
-0.067510
0.027418
0.007921
0.013233
-0.080254
-0.001121
0.039374
0.040038
-0.065837
-0.098934
-0.019156
0.079357
0.002992
-0.084061
-0.062789
-0.102911
-0.077391
-0.034664
-0.068068
0.023936
0.071284
-0.008754
0.051848
-0.013094
0.052569
0.052984
0.066663
0.114836
-0.102106
-0.111865
-0.035214
0.059177
-0.065072
0.088448
0.057460
0.030964
-0.029380
0.057832
-0.028960
-0.114608
0.001075
0.049895
0.022420
0.092938
0.018223
0.008271
-0.063670
-0.052693
-0.077908
0.045635
0.040850
-0.033312
-0.022387
0.110227
0.049150
0.074397
0.074458
-0.049739
0.051739
-0.017941
0.104962
-0.097692
-0.036148
0.114286
0.032050
0.106747
-0.029252
0.091955
0.110750
-0.102687
-0.050534
0.030910
-0.017151
-0.061664
0.034280
-0.019988
-0.027689
0.067965
0.054032
-0.039209
0.064169
0.060844
0.073268
0.041702
0.043531
0.078217
0.013201
-0.011813
0.057324
0.036623
0.017107
0.097380
-0.006461
0.078952
-0.013311
0.048434
-0.008840
0.102514
-0.117563
-0.052601
0.113384
0.074108
-0.113866
0.001839
0.067240
0.043649
-0.000306
-0.090395
-0.088383
0.013804
-0.109193
-0.028453
-0.061387
0.062405
0.094038
-0.024347
-0.083164
0.040314
-0.105479
0.103696
0.106833
-0.116884
0.070328
-0.096663
-0.023336
-0.066951
-0.113372
-0.021650
0.069953
0.045303
0.097291
0.041227
-0.093359
-0.073405
0.059816
-0.046958
-0.096878
-0.063148
-0.065417
0.111059
0.098751
-0.053109
0.051580
0.004584
0.091810
-0.073292
-0.027054
0.006473
0.090145
0.023468
0.057934
0.060036
-0.106039
-0.096886
-0.098287
0.074269
-0.019019
-0.103290
0.041739
0.077241
-0.096746
-0.077550
-0.021982
-0.003953
-0.072055
0.067982
-0.099640
-0.010176
0.064533
0.117348
-0.096956
-0.004660
0.093450
-0.100155
0.096403
0.070213
0.079209
0.019827
0.020402
0.029036
-0.054373
0.056928
0.031387
-0.027993
0.033764
0.066280
0.019164
-0.107775
0.026625
-0.022982
-0.016365
-0.115464
-0.070488
0.011508
-0.109136
-0.083908
0.010963
-0.043412
-0.015855
0.023848
0.074514
0.081444
0.034809
-0.079443
-0.074975
-0.025174
-0.104233
-0.044120
0.009882
-0.056813
-0.055962
-0.081685
0.035705
0.010848
0.007158
-0.091308
-0.048795
-0.039757
-0.072931
0.031696
0.089526
-0.025763
0.086876
0.031359
0.035899
-0.055037
0.047108
0.037845
-0.096203
-0.078842
-0.090118
-0.105666
-0.097924
-0.062028
-0.041984
0.015143
-0.012078
-0.112301
-0.096040
-0.063364
-0.014312
0.099724
-0.071155
-0.034004
-0.074900
0.097943
-0.091915
0.101000
0.098975
0.110687
-0.079130
0.000757
0.115795
0.069290
0.025438
0.057774
-0.056248
0.113049
0.111404
-0.102403
-0.027971
-0.083066
-0.074345
0.086131
0.080868
-0.078460
-0.088709
-0.104797
0.057035
-0.105536
0.009219
-0.015092
-0.007096
-0.102625
0.035408
0.039607
0.037573
0.029546
-0.076878
-0.018276
-0.021138
0.060237
0.072215
-0.049535
0.014429
-0.012258
-0.093029
-0.018223
-0.021549
-0.090850
0.105463
-0.045777
0.118686
0.010805
-0.078458
-0.114881
0.096031
0.007090
-0.068292
-0.048643
0.106356
-0.093847
0.082603
0.105019
-0.016630
0.075263
-0.091327
0.044043
-0.062071
-0.084347
0.103654
-0.059234
0.042803
-0.080995
0.090773
0.106199
0.106369
0.080951
0.047693
0.032352
-0.100743
-0.105460
0.008605
0.003402
0.059952
-0.100411
0.017737
0.021201
-0.048104
0.055294
0.067347
-0.040455
0.083984
-0.050443
0.102256
0.010265
-0.045800
-0.020618
-0.093636
-0.070979
-0.050398
0.010965
-0.009142
0.068990
-0.092080
0.015600
-0.093033
0.115860
0.019156
0.110821
0.073357
-0.068224
-0.118815
-0.007492
0.049684
-0.066599
0.090870
-0.002742
0.097146
-0.117811
-0.023487
-0.084540
-0.105434
-0.085774
0.019857
-0.106354
0.112608
0.003541
0.027385
0.101131
-0.106254
0.115018
0.109603
0.025212
0.011202
0.102547
0.042410
-0.083504
0.083874
0.005803
-0.118107
0.037218
0.007212
-0.094481
-0.118087
-0.038663
0.023014
0.083206
0.006236
0.114319
-0.086300
0.110337
-0.037869
0.062230
0.078906
0.088996
-0.061822
0.004996
0.079310
0.052082
-0.056677
0.115974
0.044795
-0.051907
0.089677
0.094788
-0.056689
-0.090718
-0.106237
0.073873
-0.043261
0.016738
0.045723
-0.099120
0.078611
-0.013131
0.048026
-0.075352
-0.114283
-0.096126
-0.090901
-0.011819
-0.067476
0.091017
0.018009
-0.001493
-0.081179
0.033887
0.088946
-0.003012
-0.080814
-0.083659
0.114888
-0.092786
-0.014432
0.078706
-0.095317
-0.055399
-0.075506
-0.037262
-0.022926
0.023233
0.032883
-0.032798
0.030349
0.019923
0.113188
0.079201
-0.007432
-0.095044
0.109070
0.037076
0.075275
-0.014907
0.059213
0.100731
-0.012513
0.080996
-0.095167
-0.105967
0.038967
0.110441
-0.025963
0.052392
0.048572
-0.075226
-0.114563
0.070523
0.019938
-0.023523
0.076432
0.045038
-0.106968
-0.117032
-0.093953
-0.111709
-0.103526
0.054452
0.056237
0.064955
-0.045364
0.058307
0.061373
-0.060906
0.044470
0.079032
0.043107
0.023637
-0.109916
0.043962
-0.112864
0.113553
-0.089297
0.097101
-0.025279
-0.084262
0.078833
-0.041548
0.071823
0.058401
-0.111650
-0.083706
0.017072
-0.084368
0.061609
0.047093
-0.053454
0.046751
-0.005749
-0.060257
0.061244
-0.016770
0.064929
0.097567
-0.110202
0.025256
-0.008440
0.037256
-0.066962
-0.043461
-0.004631
-0.079831
0.022395
0.002916
-0.058060
-0.002419
0.076481
-0.033646
0.028531
0.063368
0.040739
0.011110
0.002763
-0.040112
0.018293
-0.100064
-0.053989
-0.115184
0.110301
-0.021884
0.040260
0.094777
-0.005093
-0.057895
-0.056245
-0.107215
-0.016079
0.038437
-0.032511
0.030167
-0.110489
0.067850
0.061862
-0.042775
0.067322
-0.039431
0.089768
0.025997
-0.056808
0.046744
-0.051782
0.017650
-0.031953
0.039577
-0.066000
0.053209
0.111615
-0.077323
0.004138
-0.011486
-0.077702
-0.115577
-0.094331
0.053355
-0.101193
0.100762
-0.092493
0.040605
-0.004375
0.081133
0.090326
0.066206
0.006641
-0.108138
-0.013043
-0.009814
-0.019271
-0.103775
-0.069938
0.009600
-0.028965
0.105526
0.015554
0.088349
0.033852
0.072411
0.103878
-0.067646
-0.083019
0.066137
0.105880
0.035028
0.002500
0.049605
-0.089323
-0.012439
-0.031913
-0.010648
0.104161
-0.045412
-0.081632
-0.046758
0.007370
-0.027420
-0.081236
0.097684
-0.055944
0.079973
0.111618
0.061003
-0.073968
0.086990
0.051566
-0.081099
-0.113022
-0.057094
0.026862
-0.048262
0.106221
-0.068422
-0.098106
0.093281
-0.054154
0.093564
-0.042232
0.064916
-0.021018
0.037081
-0.109972
0.049358
0.029121
0.007353
0.075932
-0.113507
-0.068450
-0.002195
0.005118
0.114834
-0.025222
0.010273
0.021996
0.020666
-0.006580
-0.038277
0.027906
-0.103379
-0.081872
0.050560
0.001502
0.058895
0.001028
-0.036991
0.065686
-0.091613
-0.022674
0.108234
-0.083174
0.002543
-0.051344
0.115765
-0.089228
-0.018329
-0.067618
0.005973
0.103267
0.049128
-0.005302
-0.011752
-0.107285
0.036385
0.100540
0.021298
0.087064
-0.054018
-0.110784
0.032608
-0.112246
-0.030595
0.116825
-0.081198
0.079042
0.116882
0.018859
-0.060663
-0.032608
-0.105953
-0.076894
-0.044787
-0.057864
0.052149
-0.029252
0.003373
-0.008002
-0.007524
-0.113496
-0.028223
0.112088
-0.116203
-0.028669
-0.097136
0.013117
-0.093756
-0.066445
0.045189
0.028283
-0.046093
-0.074748
-0.059761
0.086309
-0.024058
0.061823
-0.002183
-0.032192
0.052460
0.029216
-0.068758
-0.018966
0.058978
-0.057256
-0.100023
0.017200
0.054262
0.071032
-0.064341
-0.074044
-0.046445
-0.019535
0.070416
-0.090371
-0.082508
-0.066829
0.035176
0.086207
-0.072685
0.117199
0.098497
-0.054577
0.021194
0.058126
0.000291
0.004866
0.075105
-0.063423
0.075589
0.118423
0.101023
-0.099574
-0.096110
-0.063933
-0.077938
-0.072628
-0.085050
0.094877
-0.018951
0.033982
0.112963
-0.043730
-0.115898
-0.082002
-0.068812
0.065421
-0.055278
-0.065561
-0.035903
0.070006
-0.031453
0.065161
0.101518
0.099722
0.015843
-0.018726
-0.107909
0.056752
-0.057047
0.067078
0.037136
-0.064139
-0.086226
0.033553
0.020486
-0.073409
-0.093507
-0.000806
-0.093646
-0.017649
-0.105428
-0.010744
0.047586
0.088465
0.019039
-0.104039
-0.030632
-0.000290
0.056152
0.023355
-0.003717
-0.007311
0.026138
-0.060209
-0.002119
-0.032902
-0.082226
0.039651
0.063024
-0.062880
-0.024249
-0.037608
0.082555
-0.029733
0.084455
0.090350
-0.038445
0.089537
0.051209
0.051351
-0.101879
0.000958
-0.053826
0.070513
0.055107
0.021154
0.056384
-0.004803
0.054422
-0.083876
-0.016666
-0.004446
0.052588
0.095233
-0.081766
-0.080654
-0.051336
-0.044327
-0.004493
-0.046259
-0.105660
-0.104194
-0.103138
0.083864
0.104867
-0.051687
-0.093561
0.113077
-0.012139
-0.114199
0.117815
0.010729
-0.053328
-0.051347
0.051846
-0.055724
0.022508
0.105829
0.101864
0.115430
-0.033445
-0.081634
-0.116605
0.034087
-0.076024
-0.095220
-0.037366
-0.045596
0.043104
-0.042505
-0.110426
0.004043
0.076015
-0.065339
0.028624
0.003706
-0.009027
-0.087753
0.081953
0.024247
0.006006
0.077046
-0.049581
-0.072045
-0.097450
-0.004160
-0.004513
0.056576
0.090245
-0.107296
0.066186
-0.002993
0.083299
-0.075714
0.100517
0.075231
-0.090985
0.060613
0.089228
0.110297
-0.036334
-0.108284
-0.055906
-0.104209
-0.042417
0.030106
-0.029446
-0.036009
0.049384
-0.113223
-0.100684
0.031754
0.003980
0.036888
0.003448
-0.043781
-0.097754
0.048803
-0.036474
-0.006165
-0.018040
0.078894
0.007442
-0.005549
-0.075964
0.028050
0.048408
-0.101577
0.075530
0.075858
0.053876
0.084428
0.005762
0.104528
-0.003668
-0.082543
-0.076531
0.025901
-0.024205
-0.103114
-0.110933
0.107117
-0.054142
0.103484
0.071297
-0.111239
0.055239
0.078361
0.113212
0.109519
0.039096
0.083344
0.092068
-0.100292
-0.019348
0.081535
-0.118987
-0.006499
-0.004755
0.088660
0.026758
-0.118441
0.028598
0.084668
0.030102
-0.012798
-0.018690
0.055677
-0.004236
-0.109794
-0.017756
-0.054652
0.079830
0.092260
-0.007593
0.051268
0.057884
0.055631
-0.070833
0.071198
-0.021807
-0.017373
-0.016871
0.045753
-0.045576
0.005195
0.035303
0.059000
0.001202
-0.031812
0.065734
-0.101131
0.111648
-0.020487
0.084067
0.116115
-0.022546
-0.007079
-0.000295
-0.041205
-0.105028
0.079379
-0.083211
0.091246
-0.100618
-0.003455
-0.021496
0.023995
0.012748
-0.066259
0.068582
0.118675
0.013648
0.047165
-0.038077
0.102011
0.097350
0.114485
0.054112
0.028419
0.083739
0.088154
-0.109980
0.103745
-0.085428
0.047425
0.030193
0.022407
-0.047171
-0.023486
0.004395
-0.089039
0.033641
-0.086068
-0.046038
-0.000973
-0.072323
0.054423
-0.082991
0.088966
-0.011414
0.011156
0.039951
0.036010
-0.021605
0.113852
0.003778
-0.023115
-0.063128
-0.005515
0.109288
-0.058421
-0.051968
0.088438
0.073202
-0.081461
0.032626
0.081839
-0.047307
0.003311
-0.034166
0.050704
0.072468
0.074679
0.088042
-0.084518
-0.043118
0.108653
-0.053981
0.083737
0.110670
-0.065698
0.102533
0.057625
-0.015347
-0.044386
-0.017514
0.022262
0.094357
0.029760
-0.081537
-0.026160
0.090967
0.095354
0.020482
0.059337
0.020649
0.052754
-0.090852
-0.045272
0.005983
-0.004868
-0.097644
0.083484
0.108876
-0.038567
0.011443
-0.018367
0.058833
-0.069134
-0.022940
-0.001055
-0.049514
0.066978
0.106078
0.076068
-0.042919
0.004581
0.034548
0.031332
0.057858
-0.094040
-0.088207
0.060833
-0.105627
0.050071
0.021439
0.064071
-0.079277
0.005785
-0.053168
-0.118261
-0.069102
0.067146
0.088907
0.108359
-0.020889
0.065845
-0.111489
-0.034377
0.028471
0.015418
0.059252
0.034200
-0.081439
-0.092373
0.039873
0.106291
-0.024336
0.108088
0.026468
-0.059994
0.084903
0.014361
0.112244
-0.007331
0.109887
-0.016661
0.029367
0.020930
-0.033074
-0.049826
0.058647
-0.097205
0.090319
0.057317
0.018185
-0.040844
-0.026325
0.039075
0.080727
-0.035689
0.085473
0.020799
0.064213
-0.066974
0.045109
-0.110956
-0.020844
0.112359
0.027392
-0.025405
-0.021586
-0.085370
-0.082960
-0.031339
0.088726
0.072173
0.091980
-0.065110
0.096308
0.046871
-0.029596
-0.011692
0.036945
-0.040960
-0.098434
-0.084463
0.002681
0.029360
-0.000488
-0.065635
0.021706
0.058596
0.016035
0.048296
-0.107259
0.101706
-0.023533
0.017772
0.010708
-0.021358
0.108236
0.094550
-0.020663
-0.108440
0.062892
0.001949
-0.111122
-0.048475
0.075736
0.103695
0.083810
-0.081878
0.038052
-0.032996
0.052241
-0.067056
-0.026238
-0.052392
0.042604
0.112155
0.098982
-0.078291
-0.026588
0.003142
-0.084473
-0.097307
0.010052
0.044581
0.050244
0.018844
0.081732
0.055201
0.020717
-0.055878
-0.001242
-0.099259
0.051510
0.051288
0.090124
0.024006
0.076923
0.102171
-0.087420
0.017937
0.009199
-0.083159
0.088214
0.060312
-0.028354
-0.081828
0.079590
0.044125
-0.102583
-0.067471
-0.060221
0.010920
0.095729
-0.045802
0.105082
0.011101
-0.043752
0.049665
-0.062639
-0.102322
-0.100401
-0.114291
-0.020368
0.111149
0.032810
-0.090699
0.050532
-0.067021
-0.048207
-0.104053
0.028701
0.053316
0.080650
-0.061943
-0.020344
-0.117671
0.038813
-0.052026
-0.030676
0.116151
-0.113338
-0.023998
0.042521
-0.098868
0.102404
-0.079197
0.052060
-0.028241
0.064523
0.046579
0.085276
0.115443
0.026237
-0.021076
-0.105656
0.068425
0.041997
-0.101355
0.082825
0.100834
0.062879
0.077029
-0.037739
0.009565
-0.060105
-0.013476
-0.038814
0.043175
0.098295
-0.021381
-0.042111
-0.058512
-0.078277
0.107984
0.088372
-0.036455
0.110328
0.105581
0.095090
0.053534
0.104771
0.108231
-0.064978
0.053606
0.019777
-0.114606
0.110783
-0.033850
0.099462
0.089652
-0.009169
-0.089564
-0.068641
0.104801
0.049025
0.098674
-0.087822
-0.027216
0.054293
0.088685
0.053182
-0.082549
0.083643
-0.111038
-0.090055
0.089602
-0.048194
0.085473
0.007951
0.088623
-0.107219
0.007559
-0.054131
-0.033925
0.033585
-0.106903
0.020495
0.081842
0.032468
-0.009179
-0.028780
-0.062812
0.077634
0.116336
-0.072931
-0.079021
0.026403
0.073432
0.020819
-0.088199
0.111285
0.039530
-0.018082
-0.114471
0.106949
0.073422
0.081452
-0.063149
-0.071442
-0.091795
-0.104268
-0.011634
0.015395
0.104095
-0.059452
0.056070
-0.014878
-0.108758
0.041049
-0.101305
0.082406
-0.089441
-0.092106
0.064713
-0.055566
-0.083917
0.027813
-0.095115
-0.045665
-0.114313
-0.064157
-0.049400
0.072505
0.024187
-0.106568
-0.024612
-0.014669
-0.061623
0.059257
-0.111380
-0.047319
0.100738
-0.083151
-0.064964
-0.115452
0.074383
0.037067
0.001780
-0.046948
-0.028204
-0.109080
-0.082585
0.022033
-0.039062
0.031269
0.110062
-0.000087
-0.059182
0.040120
-0.069731
0.116697
-0.105897
0.016063
-0.033560
0.049708
0.089934
0.095099
-0.050317
0.086242
0.040262
-0.056660
0.030082
-0.111553
0.049643
-0.024536
-0.114871
0.072520
0.004713
0.029507
0.010843
-0.091123
-0.050345
-0.054934
-0.056273
0.073695
-0.051397
-0.011335
0.060511
-0.048724
-0.041660
0.095434
-0.102494
-0.115890
0.055222
0.057907
-0.070350
0.070908
-0.028355
0.094730
-0.078520
-0.008354
0.061942
-0.064603
-0.058183
-0.051366
-0.088087
-0.011438
-0.053553
0.026861
-0.010395
-0.045824
0.016190
0.047982
0.007033
0.071241
-0.026148
-0.020923
0.038611
0.015863
0.026193
-0.113076
0.108003
-0.093185
-0.082946
0.088974
0.079701
-0.023698
-0.055828
0.045822
0.039813
-0.086666
-0.023462
-0.020878
0.087104
0.052966
0.015271
-0.000184
-0.040119
0.105844
0.025520
0.098925
0.036401
0.093285
-0.095464
-0.018167
0.041473
-0.101784
0.029609
-0.055790
-0.030598
0.089188
0.097546
-0.089971
0.098972
-0.078632
0.037223
0.109156
0.113073
-0.075647
0.034175
-0.024695
-0.075610
0.070972
-0.040966
0.062794
0.054983
-0.095017
0.007090
0.058311
-0.014373
-0.089076
-0.107476
0.071136
-0.060281
0.029708
0.052822
0.063462
-0.077666
0.003164
0.023267
-0.016862
0.073645
0.039026
-0.088301
-0.068648
0.094185
0.064142
0.113484
-0.013922
0.079967
0.009557
-0.107485
0.059687
-0.049491
0.086344
-0.114246
0.028884
-0.117267
0.107742
-0.047612
0.072834
-0.050022
-0.015022
0.053546
0.078645
-0.069236
0.102476
0.076456
0.094628
0.084047
0.059169
0.050672
-0.045176
0.049542
-0.049849
-0.044079
-0.060145
-0.064149
0.045365
0.070950
0.059001
0.030450
0.005232
0.080370
-0.045313
0.073766
0.097505
-0.103549
-0.065377
0.096895
-0.014926
0.118085
0.081926
-0.020300
-0.031097
0.075108
-0.096323
-0.057530
-0.026785
0.102254
-0.098853
0.097449
0.024932
0.069404
0.002578
0.071068
-0.005699
-0.055091
0.015744
-0.078382
0.098349
0.030595
0.101181
0.068091
0.037318
-0.114994
0.008479
0.059381
-0.015407
-0.041381
0.016850
-0.053803
0.093199
-0.111012
0.104747
-0.067259
-0.101086
0.107901
-0.033784
0.006385
-0.053150
-0.111698
0.012692
-0.015933
-0.037413
0.012615
0.049380
0.025957
0.097583
0.041240
0.021287
-0.113616
-0.075183
0.059883
-0.001215
-0.115222
0.018195
0.028452
0.114795
-0.116961
-0.058180
-0.077172
-0.033565
-0.084703
0.014068
0.006964
-0.044401
0.107901
0.066580
0.110596
-0.049179
-0.082020
0.102452
0.092909
-0.114703
0.050914
0.113791
0.107557
0.058116
-0.051486
-0.071033
-0.086336
-0.028629
-0.044824
0.112048
0.003328
-0.042908
0.090454
0.041430
0.022006
0.006074
0.037627
0.059500
-0.020952
-0.107771
0.113546
-0.028070
-0.006297
-0.089603
0.013011
0.047065
-0.020013
0.006953
-0.107469
-0.105120
0.079294
-0.075395
0.092190
0.076183
-0.078673
0.006189
-0.067772
0.113805
-0.059760
0.042015
0.013343
-0.093541
0.025810
0.091859
0.111222
-0.069056
0.010444
0.089102
0.058142
0.062225
-0.025538
0.036438
-0.027895
-0.044988
0.119047
0.116200
-0.075451
-0.027849
0.109926
-0.037172
-0.020839
0.010005
0.089737
0.078608
-0.027117
-0.087568
-0.024705
0.102521
0.037184
0.081360
0.047935
-0.115940
0.048540
-0.106514
0.069445
-0.070295
0.029141
0.006790
0.087464
0.054804
0.001178
-0.007217
0.093567
0.032442
0.051858
-0.092980
-0.085461
0.005069
-0.007040
0.079460
-0.011200
0.094123
-0.049453
0.015915
0.031194
-0.038023
0.086847
0.095521
-0.107584
0.002190
-0.027525
-0.050361
0.032135
0.055194
-0.042341
-0.086942
0.017510
-0.050161
-0.026330
-0.096268
-0.032529
-0.037436
-0.038946
-0.061555
-0.037663
-0.061996
-0.031760
-0.010023
0.048839
0.046980
-0.118003
-0.031805
-0.059580
0.045822
0.002482
-0.070167
0.057212
-0.093011
0.027652
-0.016447
0.077177
0.042463
0.016758
-0.001944
0.089969
-0.074396
-0.031974
-0.117409
-0.051137
0.066594
0.075134
0.081633
0.098688
0.029191
0.038910
0.101763
-0.010355
0.014673
0.053456
0.032976
0.058279
0.082861
-0.067549
-0.057110
-0.092407
0.022720
0.003777
0.031183
-0.021503
-0.117617
-0.033889
-0.050581
0.058868
-0.065365
-0.069269
0.084451
0.006511
-0.031572
-0.105350
-0.017762
0.089630
-0.004780
0.002867
-0.025937
0.093914
0.041025
-0.027544
-0.082955
-0.034332
-0.027770
0.063008
-0.079071
0.051364
0.046944
-0.026533
-0.099827
-0.010096
0.093614
-0.107632
0.077988
-0.082280
0.083591
0.089473
-0.002560
0.021195
0.091781
-0.070504
-0.083061
0.036786
-0.047796
0.117568
-0.003179
0.038212
0.047889
0.075180
-0.029204
-0.071998
-0.083400
-0.116924
-0.071454
-0.077101
-0.092118
-0.013828
-0.044524
-0.109835
0.117366
-0.096717
-0.055343
-0.007016
-0.081579
0.024818
0.055466
-0.017415
-0.010219
0.116490
-0.032127
-0.109380
-0.096812
0.103113
0.005742
-0.086010
0.072457
-0.025730
-0.061486
-0.004240
0.060012
0.111165
-0.033279
0.090286
0.081038
0.048971
-0.080841
-0.032224
0.050749
-0.011640
-0.031132
-0.054027
0.009328
0.056489
-0.034398
-0.011380
0.027371
-0.114579
-0.059955
0.065189
0.052743
0.012094
-0.010997
0.011436
0.047091
0.093005
0.002924
0.023145
0.092816
0.025829
-0.000681
0.037358
-0.070172
0.064773
-0.085687
0.113395
0.077930
0.078906
0.119026
-0.045474
-0.043026
0.030313
-0.009368
-0.001585
-0.101304
0.059316
0.083146
-0.026569
0.052598
-0.045555
-0.090349
-0.071883
-0.078725
-0.073960
-0.059170
-0.090576
0.018580
-0.102831
-0.007481
0.110950
-0.004124
0.117077
0.035928
-0.061839
-0.039581
0.086865
0.078759
-0.027056
-0.012455
-0.085178
-0.082522
0.092574
0.000938
-0.082674
0.115239
-0.070100
-0.108930
0.031833
0.075694
0.047515
0.071426
0.088679
-0.078390
0.058699
-0.079429
0.094634
-0.046157
0.045459
0.013313
-0.063480
0.004272
0.112302
0.060749
-0.087410
-0.047336
-0.021090
0.039995
0.098587
0.018030
0.000177
0.031595
0.113114
0.002552
0.109458
-0.074339
-0.016775
0.049768
-0.057156
-0.026817
-0.051386
0.028183
-0.064951
0.071853
-0.018498
0.080127
0.010205
0.011874
0.023086
0.056188
-0.036764
-0.118060
0.027228
0.006014
-0.003182
0.028228
0.071802
0.030337
-0.046292
-0.021877
-0.018114
0.053403
0.097684
-0.036271
-0.063898
0.050455
0.040921
-0.106682
0.063817
0.076734
-0.089322
0.019588
0.056862
0.001018
0.001924
-0.025929
-0.109165
-0.076992
-0.020840
-0.062932
-0.065404
0.112574
0.088828
-0.106632
0.110391
-0.091214
0.047615
-0.104710
-0.097268
-0.106445
-0.095986
0.116030
-0.036981
0.090270
-0.041729
0.064532
-0.011907
-0.014300
0.023813
0.093092
-0.061419
0.094890
-0.018304
0.062022
0.097926
-0.117575
-0.064889
-0.022184
0.025326
-0.061437
-0.078220
0.097422
-0.082475
0.025412
0.002615
0.089653
0.095545
-0.000548
0.077728
-0.014195
-0.039003
-0.015251
-0.033276
-0.107635
-0.045060
0.015398
0.018985
-0.015486
0.044368
-0.057776
-0.076880
0.072042
-0.044090
-0.003532
0.093435
0.075982
0.034665
0.085137
0.111842
0.035534
0.003489
-0.070694
0.109637
0.098172
0.023327
-0.118180
-0.060479
-0.063814
-0.116745
-0.075184
0.034815
0.100156
0.041730
0.035222
-0.058867
0.068987
-0.067271
-0.079921
-0.116181
-0.092757
0.069838
-0.043216
0.097061
-0.040948
0.017975
0.115615
-0.037241
-0.013972
0.006866
-0.040853
0.089310
-0.003070
-0.111179
0.040718
-0.011582
0.000222
-0.071060
-0.016306
-0.031725
0.018712
-0.009648
0.050154
0.038642
-0.110111
0.058548
-0.087297
-0.072534
-0.020398
-0.090627
-0.075419
0.083463
0.068068
0.035438
-0.038684
0.044709
-0.107980
-0.107629
-0.067750
-0.085354
0.017679
-0.032498
-0.097251
-0.069859
-0.051011
0.090663
0.095479
-0.065153
0.094041
0.057451
0.012257
-0.047608
0.007865
0.078968
-0.063831
-0.008195
-0.011304
0.080082
-0.058664
-0.030084
-0.010871
0.003171
-0.022957
-0.107161
-0.084691
-0.017017
-0.049706
0.062125
-0.108156
-0.094675
0.053506
-0.086105
-0.004957
-0.031941
0.025794
-0.013336
0.059301
0.007251
0.001050
-0.065305
0.092869
0.067054
0.085465
0.074624
0.067084
0.008707
-0.030725
-0.050255
-0.067577
-0.007124
0.027870
0.029990
-0.021922
0.088661
-0.110573
-0.065129
-0.086162
-0.106963
0.091972
0.016477
-0.100433
0.046230
0.030488
0.031879
-0.070870
0.079838
-0.086775
0.079409
-0.038324
-0.012703
-0.008818
-0.114863
0.035792
-0.116492
-0.002015
-0.065203
0.001894
-0.113928
-0.087814
-0.090766
-0.095448
0.118826
0.034805
0.048407
0.062662
0.007041
0.041468
0.064850
0.117009
0.018887
-0.109472
0.016257
0.044045
0.105834
0.080752
0.005905
0.028246
-0.084116
0.044920
-0.062315
0.096114
0.004208
0.079013
-0.063596
0.092037
0.097505
-0.062294
-0.047816
0.087766
-0.020324
-0.001005
-0.088671
-0.026438
-0.035722
-0.034749
-0.048603
0.108273
-0.033653
-0.080859
0.095471
0.032225
-0.057376
0.114410
0.074948
0.030875
0.105724
-0.117600
-0.076773
0.091182
-0.023127
0.049952
0.014063
0.090109
0.043388
-0.045027
-0.040403
0.015754
0.080373
-0.021954
0.090706
0.090103
0.082236
0.107031
-0.097040
0.006467
-0.109831
-0.087130
0.056923
0.034874
-0.010083
-0.007153
-0.060200
-0.090841
-0.066395
-0.081885
0.100081
-0.014817
0.019497
0.018197
-0.062549
0.110257
0.091205
-0.038278
-0.000220
0.053634
-0.006686
0.003950
0.102915
-0.017188
-0.099397
0.067580
0.048549
-0.096667
0.101355
-0.012715
0.096645
0.063593
0.098069
0.108281
0.006089
-0.028133
0.031018
-0.071652
0.073784
0.042623
-0.019874
0.039584
0.082451
0.097444
-0.079523
0.018090
0.055739
0.010241
0.036966
0.083652
0.067381
-0.018911
-0.012345
-0.081135
0.044084
0.015089
0.070266
-0.109245
-0.058539
0.003745
-0.027218
0.066891
0.041942
-0.064668
-0.092677
0.029561
-0.088784
0.101563
-0.058505
0.066958
0.002903
0.087816
-0.004654
-0.057686
0.075996
-0.016701
0.044786
0.060789
0.045703
0.080020
0.009178
-0.059042
0.055028
-0.077074
0.022046
-0.094436
0.113591
-0.104529
0.064473
-0.080895
-0.102647
-0.036517
0.052884
-0.046737
0.026564
-0.104049
-0.032019
0.101883
-0.009358
-0.090051
0.054542
0.032174
0.041102
0.033802
0.029293
0.020318
-0.091719
0.102475
0.036921
-0.012362
0.018845
0.035000
-0.037806
0.025443
0.055057
-0.037415
0.089618
0.038734
0.077086
-0.063878
0.088277
-0.018538
-0.108078
-0.084626
0.051720
0.042829
0.033259
-0.081899
0.003387
0.059801
-0.047560
-0.025074
-0.045924
0.018030
-0.050156
-0.016557
-0.095895
0.004522
0.047092
0.012344
0.030937
-0.069942
-0.004769
0.036009
0.075184
0.037915
-0.004331
0.069637
-0.090418
-0.029898
0.036596
-0.116457
0.088189
-0.093146
0.085588
0.007499
-0.089546
-0.060696
0.025953
0.030399
-0.007939
-0.113154
-0.050169
-0.055942
0.053998
-0.052160
-0.116561
0.076203
-0.100809
-0.025811
-0.002376
-0.117546
0.002326
0.061646
-0.052056
-0.085681
-0.007126
0.018277
0.102314
-0.069556
-0.062920
0.105639
0.109249
-0.003151
-0.011089
0.015150
0.023092
0.107961
-0.002872
-0.022646
-0.055875
-0.083487
-0.077266
0.038864
-0.080769
-0.042468
0.031350
0.047163
-0.039537
-0.113203
-0.004612
0.028192
0.016535
-0.076035
-0.092829
0.063626
0.069861
-0.111771
-0.052497
0.087879
0.111179
0.112746
0.081557
0.112524
-0.050484
0.039800
0.058915
-0.055616
0.111591
-0.083187
-0.041374
-0.004382
0.059577
-0.002516
0.018114
-0.061167
-0.013697
-0.023448
0.087280
-0.112419
-0.080994
-0.015130
0.079257
-0.047617
0.115297
-0.027931
-0.114536
0.053498
0.056142
0.053179
0.053398
0.104233
0.092627
-0.052842
-0.031783
-0.106815
0.104233
0.069089
-0.031734
-0.099007
-0.086402
0.085279
0.105906
0.084084
-0.015322
0.115302
0.047214
-0.049741
0.040831
0.017014
0.053828
-0.025329
-0.057065
-0.022972
0.080191
-0.059157
-0.103801
0.009347
0.029682
-0.090909
-0.058969
-0.096834
-0.055715
0.097499
-0.097150
-0.082331
-0.027062
0.060003
0.042930
0.108351
0.101620
0.004895
-0.029133
0.020129
-0.048154
0.059483
0.084778
0.047734
-0.065085
-0.062368
0.079228
-0.008834
-0.109629
0.048821
0.098042
-0.039690
0.082246
0.025990
-0.061939
-0.023045
-0.005950
0.038734
0.007516
0.055741
-0.029325
-0.095078
-0.025415
-0.002728
-0.018040
-0.039569
0.088442
0.083634
0.090161
0.070351
0.041383
0.030435
0.057143
0.115743
-0.111494
0.096327
0.062212
-0.082348
-0.038662
-0.090999
-0.051927
0.097860
0.073651
-0.036082
0.100646
-0.025003
0.069099
-0.047085
0.102085
0.092810
0.036795
-0.005559
-0.070320
-0.100571
-0.081491
0.004483
0.040800
-0.063669
0.047707
-0.033895
0.049615
-0.062251
0.067183
-0.068601
-0.039743
-0.070313
0.046452
-0.000517
0.050234
0.069209
0.038260
0.095527
0.046355
-0.046223
-0.058917
0.066782
0.093567
-0.009871
-0.021276
0.076440
-0.102746
0.006784
-0.098499
-0.093871
-0.088057
-0.080049
0.105796
-0.082590
0.047230
-0.027958
-0.078349
0.096499
0.014473
-0.006820
-0.034245
0.060311
-0.110378
-0.029219
-0.025328
0.060319
-0.044157
-0.020658
-0.098486
-0.024521
0.029603
-0.078106
-0.090189
-0.045916
0.082086
0.075788
-0.108484
0.054615
-0.036705
-0.015299
-0.089967
0.056672
-0.091341
-0.040613
0.027742
-0.013029
-0.109666
-0.103155
0.097615
0.116293
-0.111054
0.054864
0.007826
-0.043772
0.099497
-0.032227
0.010026
-0.066793
0.110766
0.004328
-0.071716
0.014766
0.038024
0.016461
-0.061675
-0.020035
0.069882
-0.023380
0.018106
-0.074120
0.089677
-0.092206
0.011053
-0.002946
0.040919
0.037747
0.049659
-0.053733
-0.095075
-0.031089
-0.067741
-0.014583
0.036030
-0.110792
0.011636
0.100151
-0.115660
0.020637
0.041176
-0.072604
-0.024183
-0.066316
0.046208
-0.023742
-0.105940
-0.032540
0.099509
-0.097918
-0.012103
-0.092298
0.011106
-0.096876
0.039748
-0.095155
-0.028079
-0.045271
0.071989
0.109809
0.072819
0.097989
-0.084603
-0.059949
0.099614
0.085159
0.081607
-0.103411
-0.026229
0.043152
0.038317
0.015339
0.062639
-0.005537
0.044984
0.035441
0.057303
-0.042168
-0.017871
-0.113450
-0.043740
-0.029992
0.024984
-0.042209
-0.116965
0.005683
0.034639
-0.043208
0.114232
-0.059204
-0.000654
-0.099457
0.023141
0.066245
0.114544
-0.106118
-0.023123
0.073919
0.010504
0.027401
-0.037307
-0.113135
0.025464
0.015649
0.032490
-0.015502
0.093380
0.012662
0.008961
0.077187
0.019237
0.061133
0.097970
-0.110576
-0.066086
0.002285
-0.076563
0.075879
0.039376
0.053818
-0.011356
0.089989
0.103247
-0.082521
-0.034885
-0.074745
0.009282
0.045711
0.098852
0.023621
0.011982
-0.086606
0.000768
-0.053304
0.085814
-0.113792
-0.040804
-0.100810
0.065137
0.024196
-0.065318
0.111823
0.025234
-0.087482
0.048191
0.071324
-0.029306
-0.061251
0.109533
-0.014438
-0.089518
0.012188
-0.019598
0.036672
-0.018994
-0.078497
0.095647
0.067645
0.008087
-0.008284
-0.025235
0.111857
-0.035832
-0.089565
0.071819
-0.037283
-0.077135
-0.000485
-0.073097
-0.031047
0.013136
-0.116862
0.107992
-0.103434
0.032077
-0.099821
-0.001434
0.098503
0.072354
-0.099088
0.094719
-0.022919
0.079599
0.081339
-0.103908
0.039989
-0.061793
-0.084635
0.004955
-0.107285
-0.076717
-0.084772
0.042867
-0.023569
-0.118937
0.045467
-0.045093
0.070660
0.103292
0.105444
-0.092183
0.056125
0.029889
-0.025501
0.001988
-0.018683
0.004852
-0.007216
-0.086973
-0.087589
0.032687
0.097350
0.102959
0.026041
0.082403
-0.102996
0.006005
0.048020
-0.073255
-0.086635
0.050241
-0.051953
-0.081530
0.108903
0.059369
0.091973
0.064900
0.079076
-0.063971
0.062591
0.008052
-0.014164
0.035166
0.035128
0.112791
0.038558
-0.005686
-0.082568
-0.038247
-0.020683
-0.071405
0.015575
0.067153
-0.012340
0.046317
0.073708
0.109303
0.082425
0.061987
0.056675
-0.058736
-0.035605
0.115213
0.062673
-0.092171
-0.005455
0.057555
-0.027445
-0.076036
0.049169
-0.089349
-0.038454
-0.024607
0.087782
-0.108090
0.101276
-0.012682
-0.048746
-0.030865
-0.102687
0.001241
-0.095558
0.104611
0.115999
-0.099032
0.030444
-0.000418
0.095938
0.003983
-0.047728
0.036922
0.091877
0.110923
-0.037372
-0.012898
0.024653
-0.022586
0.079371
0.054022
-0.017253
0.010605
0.035062
0.087187
0.009106
-0.072263
0.114441
0.095260
0.036418
0.068240
0.052979
0.065693
-0.010139
-0.060712
-0.020949
0.111730
-0.040124
-0.023346
-0.026932
0.088394
-0.074360
-0.106359
0.085206
0.007974
-0.044539
0.020832
-0.031264
-0.100404
0.102057
-0.015316
0.010622
-0.007566
-0.095361
-0.101240
-0.038176
-0.044238
-0.070325
-0.092683
-0.044817
-0.004259
-0.012136
0.053204
0.062876
-0.098748
-0.100462
-0.115882
-0.028987
-0.076328
0.008585
-0.049817
0.031874
-0.042550
-0.102149
0.033072
-0.040387
-0.013225
0.043510
-0.118232
-0.070631
-0.040819
0.059109
-0.075762
0.039567
-0.022794
-0.064392
0.105269
-0.063216
-0.045559
-0.037695
0.061299
0.004472
0.091737
0.022807
-0.119057
-0.005304
-0.075096
-0.048723
0.093995
0.040678
-0.115756
0.077381
-0.027118
-0.058894
0.107361
-0.026400
0.042279
-0.028463
0.116193
0.064534
0.045046
0.042438
0.105010
-0.013869
-0.059240
0.055054
-0.029401
-0.007373
0.089083
0.019614
0.039709
0.116083
-0.061549
0.103842
0.061064
0.094068
-0.005139
-0.082739
-0.023964
0.062930
-0.084881
0.038948
0.112834
0.099364
-0.103901
-0.072471
0.043913
-0.044513
0.090185
0.083059
0.108843
0.082536
0.039138
0.024569
0.038279
0.047885
-0.040388
-0.029661
0.082705
-0.100734
-0.096283
-0.056079
-0.087671
-0.093386
-0.040169
-0.114784
0.087580
-0.077839
0.045662
-0.023367
0.005301
-0.053989
-0.015605
-0.054834
-0.068919
0.035016
0.101726
-0.077465
0.088103
0.088732
0.055008
-0.002277
0.079864
0.078009
-0.097622
-0.102018
-0.113568
0.104925
0.100950
-0.092682
0.003501
-0.057449
-0.043134
-0.077207
-0.092633
-0.008464
0.025896
-0.029553
0.093916
0.015879
-0.040552
-0.102369
-0.100879
0.098451
0.010103
-0.083240
-0.015248
0.089261
0.063741
-0.030783
0.043363
0.081407
-0.006261
-0.041775
-0.076997
-0.101535
0.105885
0.101272
-0.107804
0.075826
0.104090
-0.043930
0.070464
-0.086469
0.086373
-0.075818
-0.110068
-0.033984
0.044230
0.088418
-0.055461
0.043850
0.091633
0.052130
0.092132
-0.057489
0.051902
-0.086165
0.067229
-0.041641
0.027901
-0.002967
-0.076706
-0.115541
-0.073409
0.044897
0.113380
-0.022146
0.105332
-0.073562
0.045515
0.083207
0.003257
-0.094619
0.065293
-0.045642
-0.047890
0.087629
0.070627
0.028830
0.005399
-0.072557
-0.022735
-0.001382
-0.021182
-0.032257
0.088433
0.070043
0.061758
-0.048772
-0.041854
0.076489
0.108864
0.032727
0.059729
0.096063
-0.109304
0.093492
0.000302
0.029716
0.023177
-0.085500
0.032456
0.067205
-0.039470
0.056623
-0.081801
-0.060889
0.048110
-0.107832
-0.085825
0.062158
-0.073888
0.071815
0.087444
0.112012
-0.060762
0.092633
0.059846
0.083772
-0.009052
-0.021209
-0.012209
-0.003604
-0.016442
-0.077376
0.102442
-0.098644
-0.074968
-0.010257
-0.026670
-0.030565
-0.071470
0.116441
-0.098148
0.060789
0.003688
0.070600
0.092408
-0.023266
0.090671
-0.060052
0.086047
0.035711
0.084241
-0.116358
0.103901
0.029489
-0.093988
-0.037223
-0.070413
-0.115903
0.021985
-0.004439
-0.008118
0.075444
0.005596
-0.041172
-0.055935
0.051778
0.107981
-0.084487
0.023102
0.007259
0.093862
0.067082
-0.001536
-0.066365
-0.064343
-0.016345
-0.115477
0.065045
-0.099532
0.008515
0.008361
-0.110933
0.077225
-0.031480
0.054452
-0.065269
-0.043396
-0.111159
-0.077916
-0.079989
-0.017022
-0.011731
-0.007478
0.049059
0.054170
0.099719
0.094330
-0.050569
-0.074218
0.084330
0.072648
0.057935
0.028731
0.098667
0.006009
-0.090803
0.083893
0.081402
0.029884
-0.050252
-0.095778
0.038748
-0.075771
-0.069318
-0.032495
0.024500
-0.017243
-0.030157
0.032777
0.065795
-0.006901
-0.050919
0.070439
0.077659
0.046347
0.046644
0.052022
0.078747
0.001950
-0.036644
0.085741
-0.012296
-0.018070
0.025200
0.014191
-0.017372
-0.077468
-0.110765
-0.013869
0.116849
-0.065281
-0.115091
-0.084259
-0.091781
0.026777
0.015372
0.068316
0.010077
-0.051969
-0.044756
-0.100780
-0.060944
0.023244
-0.028512
0.058180
-0.064336
0.067703
-0.041213
0.004548
0.024797
0.082639
-0.074224
0.055825
-0.042932
0.057044
0.072230
-0.116252
-0.052873
-0.003488
-0.107036
-0.079324
-0.097092
-0.097383
0.040956
0.029612
0.013422
0.043066
-0.017055
-0.024629
-0.055160
0.025143
-0.076363
0.027372
-0.097707
0.112446
-0.086485
0.014916
0.070644
-0.021492
-0.056069
0.020349
0.036946
0.005838
0.067071
0.099364
0.079762
-0.027012
-0.063101
-0.086567
-0.042146
0.030873
0.073839
-0.048535
-0.060104
-0.004033
0.070143
-0.076565
0.000849
0.051712
-0.000961
0.107880
-0.109336
0.115295
0.031288
0.013133
0.056464
-0.116216
0.111123
-0.038338
0.019805
0.064016
-0.081644
-0.005854
0.100225
0.086220
0.043738
0.113906
-0.036490
-0.084151
0.035740
-0.020966
0.006880
0.009348
-0.078576
0.038141
0.106358
-0.070714
-0.057473
-0.102371
-0.022890
0.105104
-0.105032
-0.037009
-0.095196
0.024767
-0.064326
-0.080478
0.039397
0.015998
0.038339
-0.117931
-0.023863
-0.082017
0.076179
0.027192
-0.023825
0.113715
0.014116
-0.118155
-0.055696
0.062621
-0.010228
0.069882
0.067271
-0.114839
-0.038876
0.026584
0.063239
0.062333
0.060383
-0.039848
0.040988
-0.077708
-0.101915
-0.041210
-0.050140
-0.032060
0.014292
0.106409
0.087480
0.094965
-0.106669
0.113418
0.046328
-0.023055
-0.076195
0.030697
0.047442
-0.030399
-0.114383
-0.025467
0.025695
-0.062399
-0.101143
-0.086018
-0.094470
-0.074268
0.063641
-0.005721
-0.063024
-0.013809
-0.037140
-0.060018
-0.082772
0.050025
-0.026764
-0.066802
0.074358
0.013059
0.042672
0.094780
-0.032158
-0.102704
-0.071943
-0.011153
0.104496
0.113908
0.080253
0.026929
0.004264
0.012939
0.097502
0.071054
-0.072314
0.114677
-0.065383
0.055453
0.022717
0.074830
-0.082580
-0.095641
-0.088450
-0.089502
-0.074895
0.009743
-0.107630
0.076216
0.075155
-0.092555
-0.014564
0.081635
-0.102461
-0.008321
-0.083248
-0.116283
-0.020597
0.066019
0.006176
0.078736
0.088193
0.069569
-0.101252
-0.051800
0.069465
-0.069539
0.099994
0.105571
0.044845
-0.058199
-0.069154
-0.088898
-0.040654
0.078028
-0.113305
0.083941
-0.032983
-0.022576
-0.036965
-0.102252
0.013567
0.052968
-0.018485
0.058105
0.050217
0.051665
0.084598
-0.109546
0.078372
-0.007307
-0.049666
-0.058762
0.057253
0.069646
-0.042314
-0.024966
0.043425
0.098247
-0.020384
0.063290
0.073268
0.077572
0.057470
0.039503
0.119101
-0.083875
0.109919
-0.114103
0.082251
0.104446
-0.053611
-0.017048
0.035985
0.104717
-0.082806
-0.054685
0.012182
-0.114671
0.058151
0.097366
-0.104209
0.019041
-0.012323
-0.033485
-0.017750
-0.099274
-0.077901
0.074690
-0.105472
0.011874
-0.094961
0.064139
0.050229
-0.096177
-0.027799
-0.113265
0.115912
-0.039256
-0.087432
0.041186
0.065189
-0.021607
-0.035842
0.026412
0.058377
-0.024776
0.016384
0.084813
-0.010644
0.104331
0.013127
-0.045999
0.038642
0.036889
-0.038404
-0.048193
-0.109390
-0.090498
0.022325
-0.058733
-0.046402
0.056292
0.016849
-0.011490
0.108136
-0.103545
0.023561
0.011708
0.084587
0.046670
-0.041490
-0.096399
-0.037547
0.034796
-0.100523
-0.098850
0.005274
0.036891
-0.114200
-0.007476
-0.106176
-0.002912
0.097628
-0.038163
0.001970
0.077991
-0.013502
-0.108771
0.051627
0.017794
-0.091136
0.080540
0.067201
0.035919
-0.096815
0.021151
0.059262
0.070957
-0.027537
-0.035834
0.012067
0.071564
0.095888
-0.107676
0.112490
0.118148
0.078668
0.027704
-0.034548
-0.054374
0.040388
0.096741
0.010471
0.077841
0.013933
-0.086268
0.095995
-0.020147
0.097063
-0.066777
0.004182
0.002973
0.082763
0.116368
-0.067564
-0.039811
0.114962
0.005608
-0.068478
0.079366
-0.077662
-0.112222
-0.034917
0.021253
-0.106862
-0.025439
0.108608
-0.029537
0.085742
-0.004016
-0.001231
0.093540
0.113365
0.064760
0.035673
-0.088334
0.015237
-0.018482
-0.083164
-0.023830
-0.033368
-0.103909
0.064137
-0.101801
-0.002723
0.109093
0.051541
0.108818
0.037118
-0.056015
0.031518
0.003268
-0.035584
-0.105230
0.031702
0.008827
0.081299
0.097059
-0.029807
0.021007
0.061683
-0.067581
-0.110215
0.038192
-0.103851
-0.109278
-0.047131
-0.069941
0.070009
-0.093815
-0.087882
-0.112385
0.073391
0.092130
-0.069786
-0.066525
0.028114
0.006174
-0.007073
0.055557
-0.006104
0.040112
-0.087547
0.066239
0.115495
0.032894
0.027977
-0.021213
0.033613
0.073100
-0.047438
-0.082638
-0.088484
0.073797
-0.059109
0.072141
0.023577
0.101120
0.104891
0.056429
0.080204
0.065916
0.109839
0.039658
-0.004175
-0.076175
-0.054404
-0.025961
0.092863
0.023350
0.002702
0.055193
0.001730
0.001392
-0.024092
0.070631
-0.029935
-0.050844
-0.058507
0.068612
-0.108865
-0.074853
-0.050996
0.024748
0.017947
-0.059354
0.084509
-0.053257
0.103144
-0.032938
-0.074439
0.037820
0.029948
-0.100877
0.070079
0.076976
-0.030808
-0.067461
-0.024279
-0.086159
0.058241
0.017504
-0.073523
-0.108349
-0.075832
-0.005672
-0.079451
0.065503
0.048469
-0.116930
0.047411
0.065834
0.109871
0.072458
0.069743
-0.013516
-0.112570
-0.109563
-0.001491
0.083920
-0.012135
-0.056724
-0.025119
0.006782
0.040997
-0.072895
0.005800
0.028861
0.064643
-0.043267
0.091643
-0.096926
-0.011281
-0.025516
0.045274
-0.026420
-0.010618
-0.017663
0.105049
-0.020038
0.093407
-0.087603
-0.037998
0.093062
-0.053303
-0.008446
0.066403
0.100470
-0.102155
-0.021856
-0.096086
-0.100801
0.073486
-0.066052
-0.003930
-0.111482
0.058581
0.088484
0.043704
-0.028325
0.112103
-0.009127
-0.040630
0.077316
-0.073841
0.021133
0.052193
0.012625
0.064997
-0.000240
0.014934
0.069685
0.070381
-0.105506
-0.017734
0.066727
-0.059988
-0.001588
0.070055
0.107126
0.029400
-0.093453
-0.058962
0.101165
-0.091905
0.114994
-0.029705
-0.083348
0.022236
-0.045277
0.057953
0.057206
-0.052131
-0.015642
0.051195
0.100030
0.048300
0.117402
-0.001969
0.045550
0.036378
-0.007004
-0.107573
0.045930
0.109107
0.052960
-0.052095
-0.036053
-0.022757
0.091385
0.096440
-0.089615
0.017697
-0.053668
-0.018037
0.081448
-0.023972
-0.106639
0.017487
-0.071652
0.026439
-0.096050
-0.095487
0.055784
-0.092000
-0.089692
0.113411
0.013279
-0.085936
0.112619
0.094473
-0.057334
0.100828
-0.002406
0.112554
-0.076420
-0.013843
-0.015962
-0.077910
0.057292
-0.016704
-0.076284
-0.071770
0.092911
0.032375
-0.114612
0.002216
-0.056131
0.085363
-0.063745
-0.039384
-0.009710
-0.016470
0.006696
0.092270
0.001951
-0.026611
-0.095495
0.060787
-0.085469
0.032071
0.089191
0.045039
0.008797
-0.083400
-0.098855
-0.047881
0.093721
0.067573
-0.021882
0.050565
0.105315
0.069994
0.077409
-0.065662
0.062014
0.081222
0.047236
-0.057875
0.008590
-0.057647
0.046972
0.057449
0.050696
-0.049001
0.013291
0.074792
-0.069774
-0.003538
-0.030270
0.035032
-0.049699
0.018476
0.118316
0.097671
0.034933
-0.114922
-0.021845
0.059374
-0.074517
0.087056
-0.077293
-0.085462
-0.076071
0.017782
0.041416
0.065921
-0.023406
0.027330
0.074377
0.075443
-0.095441
-0.090142
0.015541
0.059690
0.023496
-0.077523
0.108782
0.026574
0.084662
0.116735
-0.096106
0.077892
-0.111842
-0.017328
0.042850
0.063363
-0.068902
-0.007189
-0.033108
0.076232
-0.018559
0.074880
-0.040199
0.076244
0.108053
0.079598
0.065718
-0.065367
-0.066487
0.008093
-0.045745
-0.038743
-0.092609
0.014360
-0.076664
-0.019912
0.008902
-0.027766
0.066631
-0.057929
-0.082777
-0.070057
-0.116148
0.012125
0.102063
0.038711
-0.089454
0.113650
-0.012022
0.060368
-0.011549
-0.107920
0.029166
-0.084879
-0.001097
-0.030639
-0.001158
-0.009533
0.116744
-0.000945
-0.078764
-0.043499
-0.034012
0.058063
-0.087017
-0.066578
0.016352
0.046286
-0.102048
0.035123
-0.066336
-0.065948
-0.116442
-0.051866
0.014287
0.030402
0.109377
-0.015422
-0.058004
-0.094905
-0.009082
-0.030617
-0.050530
-0.021127
-0.109880
-0.025803
0.021397
-0.117766
0.007262
-0.014367
0.070047
-0.066411
-0.054095
0.033077
-0.069100
-0.068906
0.056602
-0.060953
-0.056536
-0.085230
0.075704
-0.105757
-0.011770
0.098982
0.012918
-0.016553
0.079774
0.109697
0.019286
-0.115807
-0.020625
-0.033692
0.037200
-0.024126
-0.070796
-0.030621
0.021073
0.001857
-0.031245
0.069730
-0.074361
-0.000173
-0.016005
-0.047414
0.030463
0.017430
0.036899
0.021159
0.000854
-0.049237
-0.062128
-0.090869
0.017253
-0.089952
-0.118425
0.061912
-0.066482
-0.092728
0.044126
0.078470
0.081829
-0.007666
0.060384
-0.093746
-0.082790
-0.001822
-0.031865
0.102213
-0.015798
-0.100642
-0.066959
-0.028543
0.021253
-0.057829
0.118802
0.060601
0.057037
-0.068103
0.057116
0.051408
-0.113043
-0.096936
0.026506
0.079265
0.024739
0.069540
-0.116553
0.079168
-0.069666
-0.056550
0.103937
0.034709
-0.031788
0.051392
-0.026078
0.002233
0.008289
-0.090704
-0.040061
-0.067119
-0.048646
0.009321
0.078419
-0.033904
-0.097244
-0.091749
-0.046669
0.044108
-0.071326
0.043750
0.030652
0.096283
0.004758
0.023584
-0.083541
-0.021796
0.105463
0.035571
-0.009618
-0.032370
0.027093
0.038284
-0.009562
0.064877
0.110886
-0.116617
0.110275
-0.023726
-0.025136
-0.114524
-0.036175
-0.015238
-0.016313
0.069975
0.059298
0.076003
0.106178
-0.040158
-0.077167
-0.099462
0.095642
0.070310
0.009085
0.044378
-0.047929
0.039216
0.013399
0.112039
-0.031131
0.023907
0.094780
0.084077
0.025161
-0.022438
0.101241
-0.002868
0.052079
-0.077874
0.052430
-0.111739
0.047704
-0.078236
0.064704
0.117699
-0.026920
-0.032033
-0.115553
-0.005009
0.012585
0.081545
0.074828
-0.031417
0.115893
0.089016
0.079313
0.018300
0.111021
-0.015637
0.092318
-0.100645
-0.014234
0.069366
-0.034507
-0.056522
0.092605
0.056057
-0.087969
-0.010944
-0.023867
0.036892
0.056144
-0.041131
-0.032441
-0.117491
-0.044326
0.100378
-0.027691
0.045554
-0.113039
0.002961
-0.020303
-0.068437
-0.012012
-0.017257
0.006613
0.073437
0.100946
-0.054846
-0.083418
-0.072471
-0.010999
0.072723
-0.073150
0.020233
-0.101727
-0.117532
0.105137
0.057472
0.099656
0.023031
-0.015339
-0.116303
-0.022593
0.058986
-0.072252
-0.015651
-0.081453
-0.075006
0.001598
0.101917
-0.069259
0.081874
-0.012530
0.001155
-0.105862
0.110764
-0.000320
0.093811
0.052578
0.009421
-0.053854
0.001448
0.101712
0.053301
-0.087745
-0.115855
0.005431
-0.052088
0.020263
-0.032331
0.008438
-0.107035
0.079731
-0.086873
-0.036411
0.003819
-0.113953
0.052731
0.092900
0.029897
0.004125
0.019496
0.114176
-0.073948
0.001637
0.073564
-0.078599
0.001729
-0.015464
0.063321
0.078275
0.044561
0.091327
-0.109337
0.009945
-0.011956
0.102219
0.111836
0.037996
0.028904
-0.037406
-0.082660
0.034038
-0.008953
-0.000516
0.085130
0.048892
-0.041562
-0.024155
0.117626
-0.071875
0.058947
0.035936
-0.045342
-0.012068
0.093283
-0.018737
-0.073397
-0.014027
-0.056633
-0.061768
-0.017143
-0.055748
-0.070491
0.016641
-0.011279
0.068119
-0.099101
-0.107571
-0.040560
0.022101
0.109546
-0.092961
-0.072126
0.046447
0.111664
-0.045951
0.063059
-0.108202
0.009562
0.043302
-0.009461
-0.061616
0.065153
0.039001
-0.079513
-0.076028
0.066220
0.051675
0.056443
-0.068704
0.029060
-0.018399
0.108887
0.029555
0.060939
-0.075453
0.055543
-0.069095
0.118780
0.117735
0.016361
-0.113404
0.019582
0.059737
0.107925
0.116218
-0.030247
0.031009
0.062997
-0.054274
0.093367
-0.055846
-0.015785
-0.090463
-0.024261
0.019172
-0.092843
0.013912
0.061282
-0.077857
0.107487
0.024422
-0.114092
-0.107239
0.003344
0.082430
0.014120
0.045717
-0.060599
0.011882
0.108414
-0.069158
-0.019722
-0.042099
0.072079
0.055336
-0.077270
0.079703
-0.103586
-0.085358
-0.057268
0.115796
0.027343
-0.087796
0.036437
-0.081392
-0.055015
-0.042092
-0.008219
-0.046788
-0.075527
0.050806
-0.073108
0.007352
0.008360
0.097931
-0.105804
-0.081138
0.086724
0.021240
0.088089
0.100839
0.083771
0.006493
0.021798
-0.039002
-0.073615
0.098628
0.094625
-0.010176
0.028626
-0.058767
0.051759
-0.037189
0.038805
-0.066032
0.073558
0.100891
0.079807
-0.028604
-0.085521
0.049198
0.088580
0.084034
-0.082215
0.063417
-0.005643
-0.100605
0.052450
0.095711
-0.094055
-0.006173
-0.114957
0.021703
-0.091544
-0.025802
0.079008
0.063663
0.009716
0.069732
-0.087904
0.014095
-0.097308
0.053496
-0.035681
-0.008942
-0.035675
-0.115732
0.072412
0.019041
-0.092710
-0.100451
0.088264
0.091189
0.009193
0.030843
-0.074738
0.052340
0.045917
0.050573
0.084076
-0.098244
-0.059500
0.089638
0.116615
-0.114541
-0.099108
0.081324
-0.054997
-0.051632
-0.069611
-0.055704
0.054379
-0.063393
0.106995
-0.083327
0.014441
-0.056202
0.003370
0.099121
0.086937
-0.100542
0.074457
0.049328
0.103695
-0.022630
-0.041228
0.039377
0.064453
0.071401
0.006174
0.094341
-0.023290
-0.069198
0.034645
-0.100042
-0.099453
0.046582
-0.011118
-0.023451
-0.079019
0.056415
0.099036
0.004476
-0.003207
-0.114549
0.013167
-0.010972
0.098146
-0.113544
-0.001142
-0.080533
0.022326
0.073017
-0.012102
0.101299
0.004464
0.032118
-0.022722
0.095727
-0.040637
-0.080625
0.065840
0.102902
0.085521
-0.075858
0.053228
-0.017856
0.041650
0.074992
-0.041972
0.056522
-0.007771
0.062099
-0.037434
0.091388
-0.060835
-0.021678
0.118012
-0.046903
-0.072200
0.003956
0.043359
-0.083879
-0.053200
0.021183
0.080637
-0.026312
0.088202
-0.020334
0.089433
0.110742
0.086731
-0.100404
-0.050619
-0.005837
0.064836
0.106439
-0.020373
0.024815
-0.108961
0.042325
0.024588
-0.058299
0.031540
0.030191
-0.113703
-0.025447
-0.062204
0.029513
-0.095097
0.072243
-0.113906
0.041615
-0.014751
0.038622
-0.073597
0.054903
0.095301
-0.046946
-0.113386
-0.057448
-0.031187
-0.073047
0.103449
-0.071168
0.064297
0.010315
0.094947
-0.085837
0.048365
0.091200
-0.002300
0.067461
-0.036779
-0.106514
-0.026123
0.035614
0.003002
0.021050
-0.115926
-0.039161
-0.028798
-0.069936
0.064149
-0.002508
0.093485
-0.101775
0.106415
-0.005811
-0.023435
0.002047
0.073969
0.016610
-0.105011
-0.062860
0.034994
0.099360
0.026876
0.012174
0.039418
0.061060
0.027910
0.090468
0.030522
0.005694
-0.012099
-0.073069
-0.085770
-0.042938
-0.102607
-0.083011
0.045431
0.056248
-0.074680
0.010514
-0.062134
-0.060366
-0.015954
-0.095262
0.016786
-0.028588
-0.064448
-0.116299
0.091283
0.097577
-0.027380
-0.046747
0.017829
-0.019791
0.050500
-0.057180
0.020969
0.113737
0.078539
-0.045259
-0.081496
0.088709
-0.045189
0.071436
0.056504
0.026251
0.057287
0.116205
0.031136
0.031737
-0.045672
0.093889
0.089844
-0.013937
0.083191
-0.024904
-0.053402
-0.042484
-0.046706
0.046584
0.049242
0.076000
-0.033298
0.013339
-0.092342
0.071162
-0.106966
0.032488
0.012556
0.017030
0.102176
-0.082006
0.016734
-0.096327
0.046483
-0.019426
0.077066
-0.116694
-0.090748
0.013028
0.051531
-0.001608
-0.054877
0.090440
0.114989
0.016661
0.105895
0.042719
-0.030832
-0.076836
-0.080847
0.013259
0.075532
-0.023107
-0.009106
0.081975
-0.107960
0.035542
-0.089754
0.068505
0.028945
0.018127
0.022932
0.093567
-0.117072
0.011788
0.027728
0.000024
0.001857
-0.054444
0.042117
-0.108549
-0.041143
-0.094217
0.048452
-0.020443
-0.031219
-0.066451
0.108921
0.012171
0.078774
0.111693
0.017291
0.060734
0.023971
0.104246
0.107563
0.049567
0.053820
0.083514
-0.113523
-0.015232
0.018301
0.056965
-0.036193
-0.073964
-0.001258
-0.043882
0.000167
-0.073090
0.074522
0.013261
0.009632
0.015916
0.045266
0.094035
-0.079648
-0.045520
0.040695
-0.042691
-0.117726
-0.066399
0.041986
0.097915
0.096958
0.088200
0.009789
0.086030
0.073595
0.045979
0.078509
0.068365
-0.027055
0.048299
-0.029582
-0.091022
0.059831
0.099549
0.010654
0.116115
0.055190
-0.003746
0.093329
0.110039
0.008160
0.003841
0.012577
0.018929
0.106986
-0.082505
-0.064089
0.021164
0.075974
0.093015
-0.112159
0.034018
0.112024
0.010019
-0.086734
0.101288
-0.031449
-0.065782
-0.004894
0.037373
-0.039934
-0.034796
-0.075170
0.032192
0.072164
-0.035593
0.100164
-0.031047
-0.061538
-0.087172
0.038213
-0.074912
-0.009659
0.090366
0.030937
-0.071079
0.115742
-0.012847
0.113965
0.085453
-0.053342
0.072023
-0.068534
-0.045123
0.097292
-0.045322
-0.050909
-0.089996
0.030934
0.021583
-0.040931
0.055826
-0.097280
0.016206
-0.032688
-0.027360
0.073922
-0.041217
-0.008041
0.087500
0.006701
0.083472
-0.071778
-0.056685
0.036377
0.069460
0.074883
0.098599
-0.013826
-0.117432
0.111037
0.005162
-0.017750
-0.076030
0.091568
-0.053501
0.044218
-0.063594
-0.001161
-0.098876
0.017961
-0.096888
0.051000
-0.030173
0.043384
-0.118190
-0.115792
0.069428
0.004407
0.106768
-0.077568
-0.002970
0.052916
-0.111754
0.115062
-0.022943
-0.097294
0.003354
0.060001
-0.098935
0.015858
0.013573
0.048397
-0.113397
0.047883
0.022423
-0.115637
0.059416
-0.015318
-0.087406
0.034680
-0.006112
0.088023
0.096093
0.104353
-0.097140
-0.003720
0.100078
0.085434
-0.043881
0.106536
-0.089803
0.102061
0.022754
-0.110860
0.107625
-0.027184
0.032241
-0.073234
-0.110816
-0.070422
-0.093876
0.050283
0.098170
-0.012478
0.028406
-0.016603
0.080710
-0.045964
-0.023781
0.051843
-0.074033
-0.068366
0.042474
-0.039670
0.051503
-0.023876
0.090103
-0.055554
-0.084954
-0.088375
-0.014707
0.059444
0.029652
0.042076
-0.052948
-0.058449
0.052779
0.063277
-0.055426
0.044355
-0.076483
-0.051709
-0.043049
0.072041
-0.091518
-0.008991
0.084441
0.040259
-0.092212
-0.077169
0.045159
0.053296
0.041647
0.049985
-0.010594
-0.013401
0.026554
-0.066933
-0.111660
-0.053169
-0.008799
0.054072
0.011091
0.116117
-0.012132
0.108090
0.080020
-0.079986
-0.075882
0.037999
-0.040261
-0.098117
-0.097555
0.070081
-0.056853
-0.085548
0.027073
0.088688
0.026398
0.053452
-0.073599
-0.080507
0.012127
-0.013221
0.037394
0.092041
0.096686
0.110796
-0.047937
-0.001986
-0.091623
0.110201
-0.034819
0.008854
-0.027567
-0.108177
-0.004618
-0.074605
-0.049156
-0.087679
0.005429
-0.034305
-0.031157
0.064253
-0.105801
-0.006448
0.076024
0.002298
0.103554
0.070408
-0.082402
-0.029125
-0.039745
-0.038208
0.042800
0.100851
-0.079850
-0.045677
0.086822
0.016880
0.000238
0.018530
0.043849
0.106872
0.113497
0.069393
0.045207
0.076821
-0.009129
-0.006535
-0.117884
0.062756
-0.019743
-0.011608
0.112272
-0.098213
0.094886
-0.032605
-0.066071
-0.095555
0.067547
-0.006147
0.008052
-0.069379
0.034849
-0.022824
-0.065592
-0.021726
-0.043254
0.108627
0.096303
0.030740
-0.108915
-0.103543
0.066374
-0.002944
-0.072837
-0.024851
-0.025713
0.112987
0.096055
0.017133
-0.068319
-0.001716
0.073372
0.009411
-0.088889
0.079048
0.034471
-0.086961
0.006327
-0.022583
0.055304
-0.022445
-0.058461
-0.048519
0.001552
-0.026052
-0.016573
0.058337
0.116525
-0.107644
-0.082014
-0.049286
0.040643
0.072887
0.054786
0.033921
-0.105257
0.082259
0.014364
-0.078564
0.102798
-0.000726
-0.113258
-0.095908
0.096053
-0.048334
-0.102688
-0.028376
0.001707
0.056872
-0.096032
-0.004720
0.101799
0.106245
-0.057402
0.022484
-0.014315
-0.067469
-0.083972
0.082737
0.104246
0.052837
0.109097
-0.031052
-0.079969
0.027236
0.102310
-0.047040
0.086387
-0.043756
0.045773
0.018869
-0.066339
0.062706
-0.095438
-0.078995
0.001042
-0.105678
0.061922
0.085204
-0.019648
-0.064663
-0.113822
0.052806
0.087081
0.005077
-0.093211
-0.015152
-0.042944
-0.083817
0.072265
-0.047666
0.023862
-0.078573
0.089488
0.094608
0.008736
0.090774
0.083345
-0.112693
0.084849
0.047178
0.035107
0.050484
-0.075436
0.094840
0.023454
-0.108097
0.033749
-0.087449
-0.103695
0.062702
-0.111820
0.007965
0.062127
0.017720
-0.028824
0.015359
-0.010716
0.032639
0.105063
-0.105093
0.009668
0.085776
0.076152
0.114836
-0.020899
-0.080390
-0.074289
-0.060233
-0.084279
0.084313
-0.089260
0.079985
-0.073127
0.006451
0.064882
0.064075
0.111604
0.093230
0.079617
-0.089680
-0.043270
0.071320
-0.092098
0.115245
-0.047958
0.040965
-0.018573
-0.102776
0.111122
0.112083
0.070797
0.023404
0.114094
0.009119
-0.105028
0.086243
-0.055018
0.045695
-0.095605
0.035119
0.006651
0.012649
-0.098026
-0.003866
0.017042
-0.100774
-0.023938
0.060306
-0.020809
0.027467
0.081287
-0.059947
0.052803
-0.091738
-0.007864
-0.018087
0.018854
0.000747
-0.030943
0.044939
0.118823
0.033065
0.067995
-0.011573
0.007826
0.056952
-0.077959
-0.032175
0.027474
-0.066103
0.037620
0.088743
0.074717
-0.004468
-0.059416
0.016642
0.056518
0.023874
0.054479
0.095633
0.011023
0.087574
0.065423
-0.057489
-0.027530
-0.016440
-0.072751
-0.014269
0.000020
0.059054
-0.094324
-0.063750
-0.065446
0.037286
-0.008712
-0.014983
0.057801
-0.042247
-0.094476
0.020914
0.022500
0.077075
-0.026941
0.075883
0.068678
0.098639
-0.070891
-0.067771
0.058076
0.049231
0.066669
-0.088706
-0.085915
0.026661
0.107619
0.055587
0.037448
0.032891
-0.067947
0.113986
0.111724
-0.031962
-0.069183
-0.044176
0.075203
0.011793
-0.097658
0.069338
0.089924
-0.102161
-0.037801
0.051281
-0.074388
-0.118795
0.090940
0.002738
0.106275
-0.100733
-0.057397
0.074900
0.011632
0.071653
0.116429
-0.080220
-0.020433
0.089256
-0.006715
-0.023344
0.110905
0.102965
0.092340
-0.104534
0.065420
-0.024260
-0.016467
0.097269
0.071566
-0.044960
0.064154
0.013624
0.030683
-0.028102
-0.050557
-0.106832
-0.051180
-0.018222
-0.032012
0.068605
-0.117644
-0.114884
-0.026988
0.023053
0.050187
-0.050072
-0.095869
0.108701
0.099667
-0.005721
-0.093491
0.020952
-0.050178
0.074062
0.113476
0.053110
0.040990
-0.050776
0.079533
-0.047829
-0.020200
0.109472
-0.050135
0.094811
-0.093722
0.049366
0.087954
-0.106691
-0.060476
0.032647
-0.118060
-0.071285
0.048032
0.115033
0.070069
0.094985
-0.060789
-0.048196
-0.086323
-0.028098
0.114336
0.115756
-0.009982
0.095902
0.076044
-0.106806
-0.039141
-0.100871
-0.055345
0.074422
-0.036252
-0.064830
-0.037540
-0.079590
0.030685
-0.007536
-0.015689
-0.095350
-0.083808
0.087924
0.069303
0.091987
-0.005436
0.051849
-0.075331
0.102762
-0.089732
-0.060986
0.043033
-0.020656
-0.032262
-0.115875
0.057155
-0.022451
-0.060754
0.043506
0.055447
0.048412
0.078312
0.089721
-0.018340
-0.011528
-0.037655
-0.078516
-0.111354
-0.063316
-0.027546
-0.045743
0.019844
-0.088070
-0.059850
-0.050642
-0.085763
-0.101780
-0.074732
0.026078
0.051331
0.055349
-0.054722
-0.006884
0.005283
-0.011527
0.002168
0.106128
0.080562
0.062270
-0.076459
0.089738
0.114366
-0.089928
-0.066784
-0.021195
0.056349
0.001429
-0.044122
-0.112839
0.011246
-0.060401
0.040999
-0.027708
0.062177
0.016518
-0.102271
-0.105888
-0.110574
0.033743
-0.099230
-0.063542
0.040280
-0.061265
-0.073380
0.076871
0.006553
0.076712
-0.047507
-0.079189
0.104890
0.044275
-0.088804
-0.077149
-0.111790
0.089392
-0.034273
-0.042259
0.009865
-0.073594
-0.015519
-0.026899
0.092145
0.014521
0.025590
0.033945
-0.050707
-0.080364
0.042156
0.101554
0.062706
0.021125
-0.075178
-0.097717
0.055731
-0.062601
0.031997
-0.055293
0.066459
0.013007
-0.040178
-0.038002
-0.081207
0.092015
-0.068527
-0.070162
-0.061814
-0.033119
-0.020031
0.018577
0.031950
-0.031989
0.097813
0.114558
-0.107780
-0.024585
0.116304
-0.027207
0.034318
-0.037218
-0.052491
0.038154
-0.088816
0.038837
-0.091050
-0.081016
0.097438
-0.101989
-0.026557
-0.024278
0.110369
0.036779
0.050906
-0.075691
0.020626
-0.067506
0.016558
0.057666
-0.016767
0.075749
0.021735
0.008910
0.069963
-0.095379
0.076847
-0.007023
0.021117
0.104374
-0.012887
-0.114803
-0.080056
0.080109
-0.034395
-0.079432
-0.028893
-0.104896
-0.095139
0.028360
0.116435
0.114278
0.113636
0.039432
-0.021738
0.095083
-0.054843
-0.056899
0.081892
0.023758
0.008319
-0.048782
-0.046529
0.066108
-0.086659
0.059749
-0.065610
-0.042890
-0.087709
0.057080
0.037895
-0.111588
0.109708
-0.068274
-0.025473
-0.108837
-0.074240
0.032686
-0.072105
-0.088298
0.081026
-0.085907
-0.066188
0.093583
0.006642
-0.014095
-0.090038
-0.013718
0.091887
0.084917
0.055152
0.006525
-0.091307
-0.037269
0.031754
-0.018965
-0.055435
-0.042745
-0.066820
-0.013121
0.038585
-0.056126
0.114728
-0.061708
0.013202
0.078543
0.098456
-0.022658
0.006935
0.104096
0.027752
-0.013863
0.074987
0.046124
0.065463
0.005677
-0.026479
0.091749
-0.020589
0.104674
0.100605
-0.105896
0.073853
-0.111585
-0.010459
-0.104589
0.068214
0.041398
-0.011447
0.054334
-0.118531
0.117573
-0.100736
0.106399
-0.092385
0.106045
-0.028134
-0.093626
-0.103516
-0.039538
-0.006148
0.040890
0.112522
-0.049735
-0.028448
0.025642
-0.050480
0.070613
0.101939
-0.103622
0.072374
-0.045286
0.051944
0.077865
-0.105463
-0.078913
-0.065120
0.114476
-0.111305
-0.057326
0.099470
-0.111209
-0.016614
0.111460
-0.049430
-0.012911
-0.108715
-0.084396
0.017603
-0.092395
-0.042205
0.090070
-0.096383
0.108264
0.072485
-0.108753
-0.037079
-0.091280
-0.054802
-0.016945
0.024957
0.016586
-0.051781
-0.086392
-0.022872
0.082526
0.002986
0.110319
-0.012139
0.104070
-0.043744
0.030510
0.058612
0.114894
-0.037469
0.012738
-0.093469
-0.061288
-0.056288
0.037518
0.051769
0.051465
-0.044567
-0.042695
0.060310
-0.094683
-0.003655
0.012610
-0.039746
0.092255
0.089142
-0.017479
-0.068245
-0.072650
-0.033305
-0.036062
-0.061365
0.038406
0.048402
0.048758
0.118927
0.017278
0.047863
-0.081817
0.002468
-0.030839
-0.071324
-0.107927
0.106855
0.007499
-0.024479
0.036559
-0.115269
-0.081620
-0.094658
-0.056483
-0.092492
0.049061
0.046109
-0.008167
0.039112
-0.004007
-0.098827
-0.008920
-0.049393
0.071341
0.071045
0.070249
-0.036614
0.097853
-0.035122
0.058534
-0.071258
0.094223
-0.042450
-0.092206
-0.104302
-0.021307
-0.032342
-0.024417
0.105998
0.113025
0.004172
0.041553
0.116176
-0.082223
0.054370
-0.046007
0.002798
0.054384
-0.089617
0.009032
0.103066
-0.087646
0.061267
0.042979
-0.084065
0.056676
-0.072615
-0.053383
0.069233
0.002212
-0.020181
0.051948
-0.058311
-0.040530
-0.030974
0.022618
-0.015639
0.081508
0.070614
0.083353
-0.054444
0.062721
-0.045704
-0.104496
-0.074561
0.056391
0.025233
-0.082750
-0.057027
0.070046
0.059817
-0.101355
0.030841
0.061729
-0.116645
0.118349
-0.041051
0.070956
0.003414
-0.115762
-0.116084
0.082214
-0.031147
-0.036083
-0.025086
-0.008369
-0.105295
0.014282
-0.021806
-0.029628
0.091270
0.065816
0.081606
0.027497
-0.077428
0.006215
0.010218
-0.092904
0.006348
0.009932
0.011472
0.053820
-0.053083
0.056606
0.108385
-0.053319
0.046574
0.054666
-0.010912
0.065298
0.087537
-0.113191
0.112022
-0.103693
-0.007682
-0.107109
-0.012057
0.060980
-0.087575
-0.058315
0.055730
-0.060327
-0.055604
0.090793
-0.054322
0.011621
0.079633
0.106399
0.013271
0.093985
0.095292
0.101405
-0.055339
-0.092539
-0.015528
-0.075615
-0.057638
0.050904
0.105117
0.056493
0.068694
-0.026584
-0.067205
-0.029122
0.103880
-0.014974
-0.025905
0.049023
0.029535
0.067709
0.100315
-0.063965
0.068907
0.118159
-0.047033
-0.081453
-0.058921
-0.104159
-0.044352
0.049204
-0.094109
0.097569
0.031332
-0.071133
0.007308
-0.066672
-0.052576
-0.048869
0.053896
-0.109622
0.033209
-0.027958
0.101288
-0.028275
0.029745
-0.103437
-0.116273
0.047478
0.032804
-0.107269
-0.071854
-0.089772
0.103664
-0.114162
0.008590
-0.063565
0.012392
0.025193
0.088495
0.022807
0.117878
-0.089774
0.056548
-0.087507
0.115601
-0.114444
0.042998
-0.052346
0.068039
-0.000619
-0.032950
0.005140
-0.103180
0.072735
-0.026850
0.114970
0.045082
-0.079167
0.092811
0.096467
-0.002818
0.098288
0.092599
-0.065774
-0.021612
-0.081872
0.082645
0.015977
-0.110381
0.028098
0.083971
-0.108089
0.020705
-0.109105
0.078210
0.042052
-0.100805
0.044672
-0.076088
0.009206
0.047858
0.048884
-0.032028
0.057274
0.100662
-0.063679
0.019692
0.040424
-0.114789
-0.011881
-0.091211
-0.067482
-0.007906
-0.085565
-0.057024
0.010447
-0.088018
-0.039507
0.096592
-0.065708
-0.014044
-0.066919
0.068762
-0.052578
-0.055601
0.101434
0.046785
0.058736
0.086877
-0.111672
-0.071550
0.030520
0.060246
0.042011
-0.050846
-0.024261
-0.105087
0.055348
0.033601
-0.084212
-0.066009
0.097116
-0.090386
0.109559
0.081326
-0.074524
-0.057683
-0.069580
-0.052521
0.063400
0.003363
0.024139
0.048154
0.025682
-0.048130
-0.032399
0.105394
0.050976
0.078985
