0.266908
0.785503
0.101550
0.108074
0.852489
0.808546
0.437905
0.302711
0.136443
0.155813
0.988428
0.328824
0.031929
0.037565
0.390014
0.419187
0.998692
0.537794
0.675867
0.744913
0.150215
0.887340
0.336741
0.567214
0.947455
0.381008
0.814357
0.523372
0.023825
0.211359
0.546110
0.744384
0.942777
0.145505
0.095841
0.003352
0.217214
0.614322
0.056249
0.754080
0.444231
0.391827
0.597426
0.620303
0.617070
0.083439
0.084041
0.500616
0.907114
0.056684
0.241369
0.864740
0.291065
0.583370
0.515543
0.602532
0.672031
0.271463
0.143668
0.431508
0.538387
0.460918
0.011671
0.951352
