0.001000
-0.000999
-0.001000
-0.001000
-0.000998
0.001000
-0.001000
-0.000941
-0.001000
-0.001000
-0.001000
0.001000
-0.001000
-0.001000
-0.001000
-0.001000
-0.001000
-0.001000
-0.001000
0.001000
-0.001000
0.000995
-0.001000
-0.000999
0.001000
-0.001000
0.001000
-0.001000
-0.001000
0.001000
-0.000999
-0.001000
0.001000
-0.001000
0.000999
-0.001000
0.001000
-0.001000
-0.001000
-0.001000
-0.001000
-0.001000
-0.001000
-0.000996
0.001000
-0.001000
-0.001000
-0.001000
-0.001000
0.001000
0.000997
0.001000
-0.000998
-0.001000
-0.001000
0.001000
0.000998
-0.001000
-0.001000
-0.001000
-0.001000
-0.001000
-0.001000
-0.001000
