0.001876
-0.001274
0.001449
-0.002001
0.001758
-0.001264
0.001923
0.001972
-0.000453
-0.001912
0.001498
-0.000467
-0.000714
-0.001926
-0.001897
0.001996
0.001984
0.001328
-0.001895
0.001968
0.001970
-0.002001
-0.001885
-0.001082
0.000361
-0.000673
-0.001967
-0.001724
-0.000432
-0.000605
0.001993
-0.000416
-0.001961
0.001977
-0.001989
-0.001661
0.001950
0.001947
-0.001823
-0.001946
-0.001997
0.001996
0.001780
0.001993
-0.001850
-0.001568
0.000804
-0.001855
-0.001155
0.000408
0.001991
-0.001917
0.001857
0.001955
0.001992
-0.001991
-0.001950
0.000272
-0.001910
-0.001481
0.001370
0.001950
-0.001922
-0.000569
