-0.001000
0.001000
0.001000
-0.000637
-0.001000
-0.001000
0.001000
-0.001000
0.001000
-0.001000
-0.001000
-0.001000
0.001000
-0.000999
-0.001000
-0.000999
0.001000
0.000999
0.001000
-0.000987
-0.001000
0.000999
-0.001000
0.000987
0.001000
0.001000
0.001000
0.001000
0.000999
0.001000
0.000997
-0.000999
0.001000
0.000995
0.001000
-0.001000
0.000999
0.001000
0.001000
-0.001000
-0.001000
-0.001000
0.000999
0.000999
-0.001000
-0.000999
-0.001000
-0.001000
-0.001000
-0.001000
0.001000
-0.001000
-0.001000
0.001000
-0.001000
0.001000
-0.000998
0.001000
-0.001000
0.000998
-0.000999
-0.001000
-0.000999
-0.000999
