-0.106143
0.054076
-0.041015
0.048450
-0.015834
0.076891
-0.012037
0.083859
0.097542
0.048253
-0.000474
0.079509
0.104922
0.074195
-0.020235
0.094492
-0.115008
0.033942
-0.016505
0.113775
-0.000819
0.108619
0.068357
-0.049400
-0.105684
0.037520
-0.113238
-0.041136
-0.084526
0.070529
-0.062811
-0.007682
-0.006974
0.027520
0.028104
0.018845
-0.013767
-0.029103
-0.063227
-0.001176
-0.106425
0.062314
-0.074241
-0.053213
-0.047283
0.074045
0.035873
-0.001307
-0.047698
0.063001
-0.040780
0.102040
-0.048853
-0.075921
0.035690
0.023854
0.090864
0.099879
-0.107521
0.092931
-0.107884
0.103315
0.071278
-0.093307
-0.026464
0.009629
-0.044588
0.019872
0.069739
-0.054006
-0.104366
-0.094839
0.086613
-0.037771
-0.059159
0.112893
-0.052210
0.024646
0.106145
-0.042565
0.035166
-0.099952
-0.031087
0.086992
0.099301
-0.002678
0.030818
-0.025054
-0.054338
0.104073
0.020568
0.116264
-0.005677
-0.041609
0.111501
-0.062762
0.040472
-0.017925
0.111896
0.018208
0.007883
-0.080540
0.116324
0.076600
-0.069592
-0.097464
-0.090814
-0.048091
-0.045158
0.089080
-0.006380
-0.005400
0.010525
-0.080048
0.062758
0.073930
0.001063
0.106065
-0.038721
-0.095904
-0.031510
0.042949
0.005292
-0.073120
-0.052048
-0.009455
0.063516
-0.092970
-0.069936
-0.077879
0.060061
0.116919
0.018498
0.089653
0.015453
-0.075950
0.025600
0.101449
0.095594
-0.041062
-0.025802
0.038609
-0.076138
-0.088283
-0.048849
-0.062589
-0.027218
0.058364
0.053271
0.087116
-0.061579
-0.113144
-0.066823
-0.000582
-0.022432
-0.101952
0.110284
-0.036849
-0.030644
0.000351
-0.105212
0.062175
-0.023780
0.040194
0.002491
0.090481
0.010387
0.070253
-0.018484
0.116588
0.043187
-0.021398
-0.096462
-0.074769
-0.058458
0.028629
-0.057697
-0.025445
0.082733
-0.100376
-0.078386
-0.016030
0.077647
-0.118046
0.010537
0.006916
-0.073600
-0.099320
0.075949
-0.047963
-0.103900
-0.058919
0.004945
0.095091
-0.051179
0.023638
0.110475
-0.024375
0.046975
0.040657
-0.015173
-0.096321
0.080237
0.042903
0.100616
0.048960
0.001888
-0.062826
-0.033800
0.100415
-0.075216
-0.081715
-0.108656
0.093267
-0.089272
-0.019173
0.070370
-0.022789
0.049376
-0.069565
0.054729
0.092851
0.005746
-0.106878
0.096024
-0.013061
-0.008643
-0.016981
-0.037636
-0.042943
-0.084162
-0.089464
0.085831
0.116663
-0.094322
0.062850
-0.060018
-0.012878
-0.102785
0.024927
0.053659
0.008539
-0.111028
-0.078783
0.094699
0.095084
0.050936
0.030618
-0.062622
0.108805
-0.034180
-0.051582
-0.029160
-0.064150
-0.044763
0.072056
-0.033497
0.000227
-0.097961
0.116924
0.044531
-0.062953
0.036058
0.043002
0.094085
0.007083
0.012303
-0.019078
0.037763
-0.111611
-0.023603
-0.007643
-0.039081
0.061397
0.001756
0.087420
0.099395
0.012217
0.064450
0.087423
0.025237
0.060735
0.109056
-0.066513
0.029682
0.048486
-0.048738
-0.107638
-0.112372
0.051046
-0.079682
0.099415
-0.091919
0.095732
0.086902
0.033942
0.001135
0.070082
-0.067205
-0.059433
-0.068945
0.038163
0.035944
-0.009145
0.075029
0.061554
0.008410
0.002035
-0.101143
0.001203
-0.048690
0.076463
-0.023740
-0.086251
0.000097
-0.016053
0.082044
0.033851
0.089940
0.086163
-0.027399
0.092299
-0.005850
0.097900
-0.089550
0.103545
0.016772
0.022287
-0.108173
-0.017628
-0.040661
0.047197
-0.097651
0.092779
-0.039181
0.104684
0.082617
0.021873
0.071769
-0.081018
0.057867
0.020650
-0.069928
-0.078933
0.035877
-0.014245
-0.001021
0.033980
0.019524
0.037258
0.012465
0.016215
0.095441
-0.109645
-0.035554
0.034387
0.034312
-0.114635
-0.085286
0.077673
-0.079813
-0.035604
0.093176
0.047813
0.068601
-0.026041
-0.073485
-0.010136
0.031865
0.009518
0.038822
0.008785
0.108667
0.087658
-0.052965
-0.100639
-0.098271
0.096670
0.011022
0.015752
0.105936
0.065959
0.088368
-0.048708
0.099902
-0.109904
0.104756
-0.082679
0.058164
0.090961
0.107405
-0.088662
0.065666
0.111460
0.103565
0.100745
0.089329
0.097600
-0.036562
0.104721
0.110933
-0.045069
0.038921
0.007278
0.115972
0.069066
0.061211
-0.014186
0.048229
-0.030142
0.109355
0.115291
0.007720
0.089586
-0.088066
0.029650
0.101235
0.000413
0.088638
0.105544
0.007413
-0.009739
-0.035717
-0.046319
-0.034449
-0.081386
0.066692
0.080440
0.068842
0.016221
0.117276
-0.056318
0.055784
0.072172
0.042002
-0.053922
0.077126
-0.080329
-0.060417
-0.071178
0.071676
-0.003052
0.099428
-0.013531
-0.051140
-0.018815
0.031435
-0.041155
-0.051985
0.011475
-0.086324
-0.101985
0.028186
-0.065009
0.053350
-0.032217
0.095233
-0.059610
0.116135
0.011971
0.091744
-0.002914
-0.009171
0.005188
-0.088956
-0.077246
0.068623
-0.106255
-0.108068
-0.023922
-0.021927
0.116421
0.043317
0.056894
-0.035444
-0.104338
-0.108918
-0.117350
0.096264
-0.037797
-0.115150
-0.075258
-0.022688
-0.109969
-0.078487
0.034666
-0.098465
0.031436
-0.051803
-0.013793
-0.019314
0.054068
-0.105193
-0.109574
0.018807
-0.077471
0.114278
0.014524
-0.074149
0.046937
0.063967
0.054326
-0.064615
-0.041438
-0.091358
0.071726
0.105606
-0.008457
0.083605
0.082572
0.097824
-0.084480
-0.077592
0.065656
0.030356
-0.047536
-0.096441
0.014340
-0.026460
-0.021446
-0.030964
0.105786
0.020107
0.006172
-0.073078
0.015564
-0.074615
0.080838
-0.019238
-0.105107
0.087630
0.072510
0.079866
-0.000963
0.075187
0.076467
0.114078
0.016884
-0.051729
-0.044794
-0.078019
0.099990
0.071059
-0.054201
0.087403
0.000518
-0.072058
-0.001078
-0.044660
0.075210
-0.001294
-0.022317
-0.018871
-0.032923
-0.117007
0.106871
-0.107616
0.091619
0.079072
0.013698
-0.101683
-0.104195
0.017754
0.013887
0.015652
-0.015437
0.111960
-0.027216
-0.024269
0.108281
0.054229
-0.081505
-0.109376
0.109484
-0.023018
0.012908
0.012502
-0.043290
0.020266
-0.046143
0.065031
-0.054715
-0.094563
-0.016253
-0.053615
-0.015536
0.114426
0.114704
0.071744
-0.107336
-0.066536
-0.113966
-0.105097
-0.095027
0.112777
-0.079632
-0.068834
-0.072662
0.013923
0.099047
-0.075217
0.062367
0.002564
0.072199
-0.017191
-0.012954
-0.028179
0.104413
0.114936
0.077802
0.039229
-0.039273
-0.083736
-0.040948
0.105420
0.094241
-0.001117
-0.017217
-0.050282
0.038333
0.018549
0.048875
-0.027511
-0.005857
-0.089705
0.116470
-0.080013
0.011275
-0.052844
-0.038169
0.101555
-0.010893
-0.058355
-0.104623
-0.009633
-0.033699
-0.106586
0.042911
-0.003208
0.095968
-0.071483
-0.069150
0.093145
0.067696
0.035934
-0.013167
-0.018865
-0.093690
-0.093998
0.062737
-0.060699
0.060445
0.018469
0.095958
-0.066746
-0.088038
0.063100
0.116386
0.034610
0.001837
0.020567
0.081202
-0.109533
0.013402
-0.077566
0.016338
-0.073667
-0.072871
-0.062458
0.071573
0.084922
0.003777
0.051879
0.049679
0.063608
-0.103344
-0.097505
-0.057827
0.111885
0.002790
0.060171
-0.083091
-0.011619
-0.015203
-0.065143
0.060863
-0.006089
-0.096595
0.002371
-0.030345
-0.073829
0.115807
-0.062939
-0.114473
0.061146
-0.084563
-0.082621
-0.068059
0.055788
-0.111441
0.043579
0.031318
-0.008814
0.059016
-0.064717
0.049569
-0.114683
0.004590
0.072770
0.109515
0.033898
0.020146
-0.046294
-0.093053
0.096355
0.006472
-0.044023
0.064466
0.047954
-0.023475
-0.010603
-0.091841
0.065187
0.053129
0.005823
-0.089461
-0.021750
-0.063267
-0.059622
-0.000570
-0.079863
-0.002293
-0.095457
0.027382
0.039260
0.082378
-0.028124
0.033307
-0.093298
0.015118
-0.034286
-0.115513
0.069894
0.025279
-0.064119
0.096919
-0.075689
0.066826
0.030520
-0.064257
-0.006556
0.015918
0.081062
-0.088259
-0.041984
0.093880
-0.097887
-0.101943
-0.042626
0.034388
-0.084524
-0.039461
0.039121
0.043659
-0.029230
-0.047453
-0.094206
0.015700
-0.052367
-0.062645
-0.082148
-0.007014
0.059443
-0.030872
-0.016805
-0.038415
-0.115142
0.051353
0.084031
-0.061193
-0.082405
-0.081753
0.069566
0.092440
0.003694
0.025382
-0.060293
-0.094967
-0.024755
0.116686
0.084138
-0.063345
-0.106791
0.000006
-0.091763
0.090047
-0.035512
-0.086891
-0.064750
-0.092587
-0.056727
-0.032210
-0.013841
-0.106619
0.059060
0.089503
-0.092442
-0.040212
-0.003522
0.011437
-0.064099
0.000431
0.020302
0.110987
-0.049927
0.103241
0.054724
-0.038529
0.022149
-0.078191
-0.005516
-0.023134
-0.041013
0.104431
-0.003668
0.069573
0.036141
0.112363
-0.104422
-0.065610
0.077333
0.051003
0.039127
-0.084123
-0.036133
-0.016880
0.068730
-0.020865
-0.072440
-0.106122
-0.087390
-0.088992
0.065854
0.114143
0.025289
-0.007877
0.067911
0.087852
-0.070662
-0.060065
0.059171
-0.061075
-0.041362
-0.009720
-0.039442
0.101366
-0.020941
-0.032371
-0.076607
0.058093
-0.003095
0.115908
-0.065788
0.041117
-0.006726
-0.064809
0.102080
0.006243
-0.005058
-0.049194
0.034354
0.060598
-0.003057
0.004698
0.074441
-0.108157
0.075429
0.092381
-0.083710
-0.045109
0.080458
-0.102510
-0.082497
-0.073788
0.016053
-0.104040
-0.013456
-0.013220
-0.053327
0.011607
0.003853
0.074646
-0.086456
0.105130
0.063529
0.040617
0.000573
-0.063715
0.109943
-0.099135
-0.072949
-0.105140
-0.027496
0.074207
0.071937
0.071872
0.013726
-0.030272
-0.069718
-0.030706
-0.061360
0.022323
-0.085446
0.063427
-0.057323
0.034390
0.020200
-0.059105
0.078144
0.012103
-0.026519
0.027305
0.025022
-0.022315
0.078104
0.036756
-0.088472
-0.002299
-0.104587
0.075127
0.070582
-0.108104
0.011360
-0.077264
0.104774
0.007564
-0.080562
0.033714
0.101505
-0.061109
0.099989
0.025213
0.110258
0.112229
0.042257
0.079013
-0.059436
-0.033405
0.050461
-0.049104
-0.067779
0.034992
0.107378
-0.074303
-0.061124
-0.075747
0.048830
-0.028228
0.046208
0.099289
0.101274
-0.022673
0.062219
-0.063459
0.109742
0.047841
-0.009498
0.058204
-0.023051
0.051556
-0.075484
-0.004280
0.028938
0.065935
-0.098675
0.063948
-0.112602
0.082548
-0.000093
-0.113914
0.080995
-0.023087
-0.052015
-0.074258
0.078732
-0.107113
-0.073157
-0.073278
-0.061201
0.091268
-0.030422
0.025365
-0.004528
-0.037162
0.075843
-0.062280
0.002300
-0.116156
0.069858
0.057286
0.060394
0.037976
-0.047962
0.046338
0.010527
-0.007722
0.015327
0.003218
0.072798
-0.016812
-0.093816
0.023258
-0.082276
-0.018867
0.029195
0.047234
-0.030066
0.109209
-0.084928
-0.006738
0.105547
0.015695
-0.040671
-0.037682
0.095794
-0.006461
0.114038
-0.025299
0.077295
-0.018240
0.009051
0.018735
-0.073032
-0.019611
0.043055
0.035577
-0.102774
-0.097374
-0.110727
-0.090465
-0.061817
0.008483
0.113028
-0.055071
-0.011335
-0.056841
-0.000993
-0.062803
0.042707
-0.019415
0.020953
-0.081533
-0.097464
-0.107278
0.063153
0.023168
-0.051438
0.030965
0.110685
-0.052487
0.059836
-0.063336
0.090960
-0.082447
-0.001575
-0.092191
0.117985
-0.105021
0.025839
0.008868
0.017382
0.099232
0.057573
0.078412
0.111923
-0.032754
0.053316
0.023751
0.083818
0.013685
0.057951
-0.086738
0.094911
0.053003
0.004680
-0.037803
0.088456
0.060968
-0.103564
0.014683
-0.002899
0.086336
-0.039980
0.065886
-0.042642
0.107907
0.007029
-0.041184
0.116224
0.027708
-0.035130
0.007644
0.052937
0.061384
0.004747
-0.072719
-0.017072
0.115728
0.006595
-0.057245
-0.091123
0.018911
-0.076390
0.063347
-0.102784
0.065275
-0.040832
0.001453
-0.014538
-0.090594
0.093021
-0.040977
0.075010
-0.110239
0.009733
0.073601
-0.116346
0.030408
-0.107376
-0.053447
0.055159
-0.112735
0.040386
-0.114665
0.093814
-0.000094
-0.105039
-0.087761
-0.062040
0.097220
-0.031158
0.101893
-0.041247
0.018216
0.002610
0.011130
-0.026629
0.037127
0.016881
0.005961
0.038610
-0.100781
-0.046879
0.000401
0.060036
0.013057
-0.067975
-0.092496
-0.005371
-0.004682
0.024181
-0.047043
0.004108
-0.048325
-0.101009
0.093666
-0.106479
0.095494
-0.056799
-0.082965
-0.026838
-0.105679
-0.075032
-0.046003
-0.067785
0.012910
0.106282
0.024320
-0.072205
0.020751
-0.085563
-0.068051
0.106891
-0.035310
-0.061301
0.060317
-0.105849
0.040977
-0.094894
0.020409
0.078467
-0.041456
0.009009
-0.015711
0.069192
-0.098266
-0.052217
-0.111717
-0.101539
0.094739
-0.052594
-0.037624
0.046732
-0.037866
0.047855
0.074352
-0.096642
0.093777
0.045824
-0.068682
0.075421
0.117196
0.031782
0.012019
0.058809
-0.093933
0.019084
-0.090230
-0.008501
0.012894
-0.071255
-0.011250
0.017311
0.037090
0.027207
-0.038440
0.069294
-0.069290
0.076713
0.061951
0.042040
-0.039673
-0.114024
0.066050
0.028850
-0.043103
0.012971
-0.025618
-0.019382
0.049150
-0.013379
0.030343
-0.022292
-0.106093
0.003361
0.015620
-0.056437
0.075708
-0.053882
0.116186
0.033602
0.080622
-0.036194
0.108426
-0.113791
0.032864
-0.058483
0.065214
-0.040610
-0.061908
0.055048
0.033580
-0.074260
0.028334
0.040254
-0.029098
0.060893
0.114873
-0.012783
0.024788
0.083465
-0.066758
-0.082563
0.099968
-0.011883
-0.114058
-0.038048
-0.105917
-0.048806
-0.025045
0.049694
-0.007290
-0.102809
0.109459
0.091213
0.033539
-0.034728
-0.111591
0.074088
0.024827
-0.097405
0.092498
0.029194
-0.065774
0.069928
0.000076
-0.041109
-0.063998
-0.084811
-0.068815
0.083368
0.022660
-0.104775
-0.059683
-0.094993
0.037208
0.021582
-0.020343
0.037721
0.044578
-0.041579
-0.008328
-0.033779
-0.090490
0.029187
-0.086195
0.105771
-0.055077
0.056195
0.088465
-0.116802
-0.023869
-0.023054
0.037951
-0.062896
-0.077867
0.086499
-0.095632
-0.085818
-0.026717
-0.045762
-0.113179
0.107540
0.057015
0.072722
0.107370
0.034145
-0.098648
0.048941
-0.035445
-0.017161
0.091326
-0.037622
0.033788
0.108455
0.053996
-0.086758
0.072574
-0.073432
0.083566
-0.038817
0.111385
0.080034
0.058587
-0.034982
-0.100661
-0.082006
0.026586
0.089277
-0.027090
-0.083230
-0.026875
0.051159
-0.046809
0.107932
0.066011
-0.080072
0.012266
-0.050634
0.027352
-0.053000
-0.094628
0.017813
-0.112712
-0.065692
-0.094539
0.031837
0.111913
0.057146
0.059593
-0.059070
-0.022526
-0.097653
-0.101333
-0.044985
-0.098825
-0.008860
0.048558
-0.009861
0.081053
-0.090524
0.073264
0.080610
-0.063042
-0.034941
-0.024401
0.012816
0.035465
0.111715
0.075551
0.064655
-0.017901
0.053856
0.117200
0.102488
-0.089907
0.099175
0.064871
-0.029213
-0.073519
-0.098368
0.072259
0.089576
0.005177
-0.087833
0.015026
-0.025338
-0.014803
0.018001
-0.027819
-0.042077
-0.040418
0.102417
-0.042142
0.087381
-0.054349
0.114207
0.045425
0.026939
0.088104
-0.088779
0.002748
0.041644
0.096942
0.104320
-0.116752
-0.072175
0.042594
-0.117082
0.060663
-0.020212
0.115094
0.069618
0.040167
-0.009239
0.046055
0.117565
0.113352
-0.067007
-0.091108
-0.089426
-0.088738
-0.101749
0.082065
-0.068063
0.016678
-0.084945
-0.080826
0.046994
0.011906
0.025538
0.112938
0.051972
0.003875
0.098281
-0.074345
0.029097
-0.074472
0.050713
0.096567
-0.089861
0.033501
0.020725
-0.044458
-0.085795
0.039783
0.036110
-0.026378
0.105292
-0.098044
0.026104
0.079683
0.101414
-0.049947
0.070770
-0.101014
-0.067560
0.033123
0.018965
-0.082136
0.053005
0.025636
-0.045702
0.090153
0.074509
-0.038427
-0.019225
-0.106739
-0.114818
-0.026822
-0.110348
-0.019650
-0.052550
0.057810
0.113622
0.081266
-0.027838
0.048898
0.049438
0.007302
-0.053109
0.072630
0.010753
0.025994
0.000407
0.017695
-0.096450
-0.073398
-0.078885
0.107788
-0.020334
0.042203
-0.064645
-0.106891
0.083031
-0.030382
-0.036426
0.100123
-0.075508
-0.115060
-0.074679
0.033633
-0.050184
-0.074137
-0.056741
-0.057405
-0.107362
0.047991
0.015576
-0.092941
-0.047346
-0.016650
0.022025
-0.069824
0.085879
0.032496
-0.098416
0.052072
0.062408
-0.042197
-0.027170
0.083511
0.086513
-0.031807
0.044714
0.062329
0.116095
-0.062361
-0.086688
0.092611
-0.025683
-0.084003
-0.090532
-0.029653
-0.063979
0.079702
-0.094423
-0.006790
0.111100
-0.015032
0.024941
-0.095106
0.033005
0.003863
-0.082785
0.096683
-0.052699
0.024819
-0.027314
0.003770
0.040093
0.100978
-0.059644
-0.044169
0.009233
0.077903
-0.032854
-0.045880
0.116297
-0.053593
0.083525
-0.018692
0.027474
0.110581
0.049915
0.026184
-0.051643
-0.031607
-0.034824
-0.105824
-0.036392
-0.081523
-0.093070
0.048592
0.066263
0.024755
0.084223
0.089773
0.084808
0.020108
-0.063701
-0.045363
-0.061139
0.089383
0.007353
-0.057032
0.114244
0.111810
0.081214
-0.062294
-0.060242
0.042576
-0.018161
0.082340
-0.029961
0.036950
-0.065875
0.074438
0.004800
-0.075746
-0.073914
0.020883
0.046484
-0.106655
0.002049
-0.106173
-0.017964
-0.057765
0.015372
-0.071581
-0.082110
-0.047066
0.112114
-0.051348
-0.078001
-0.041894
0.087843
0.053181
0.035285
-0.101512
0.047553
-0.067533
-0.076552
-0.041234
0.021915
0.020495
-0.101116
0.081408
0.088045
0.019200
-0.041626
0.092806
-0.108159
0.085094
0.094940
0.093855
-0.076500
0.035007
0.017143
0.034734
0.022495
-0.020537
-0.022787
0.113484
-0.087992
0.116637
0.004687
0.100424
0.097851
0.044011
-0.062311
0.067119
0.114105
-0.049264
0.049856
0.036396
0.068421
-0.078454
-0.006611
-0.031982
-0.030842
0.023811
-0.097951
-0.038931
-0.022391
0.083533
0.015260
0.064361
-0.113401
0.044382
-0.082256
0.018562
-0.021348
0.017283
0.014239
-0.081247
0.115099
-0.043930
0.110918
0.100707
-0.049108
-0.060502
0.111722
-0.016845
-0.044111
0.034965
-0.020311
0.087329
-0.047687
0.072626
0.050108
-0.086677
-0.026367
-0.054192
-0.002470
0.023190
0.065797
-0.068817
-0.053485
-0.099782
0.062789
-0.100794
-0.015164
-0.066210
-0.004508
0.029726
-0.054455
-0.054578
0.085334
-0.031583
0.101061
0.020445
-0.054099
0.033476
0.069790
0.053818
-0.083099
-0.082229
-0.011290
0.009495
0.022696
-0.110869
-0.100039
-0.097721
-0.117962
0.054034
0.094621
-0.100665
-0.112760
0.008394
0.067694
0.104387
-0.080261
-0.042032
-0.117386
-0.032416
-0.093012
0.001993
0.011943
0.018079
0.002020
0.048492
0.009751
-0.089617
0.117036
0.063777
0.044957
0.091036
-0.105169
-0.096772
-0.093588
0.104845
0.004403
-0.115112
0.055594
0.087035
0.116485
-0.089686
-0.051278
0.006765
0.114401
-0.094570
-0.074869
-0.100794
0.090104
-0.055350
-0.108427
-0.104291
0.077400
-0.091491
-0.070713
0.047655
0.013269
0.092134
0.051940
0.096442
-0.075238
-0.079586
-0.001700
0.018205
-0.108007
-0.030802
0.031726
-0.108388
0.001231
-0.076098
0.064297
0.022749
0.033610
0.032450
0.022409
-0.113422
-0.000212
-0.024715
-0.072523
0.040783
0.101707
-0.028432
0.082772
-0.022842
-0.003891
0.001450
-0.013012
0.013749
-0.028555
0.008054
-0.087754
-0.109018
0.018146
-0.060930
-0.113999
0.111915
0.109506
0.072253
0.047890
-0.019228
-0.024511
-0.049820
0.026103
-0.079589
-0.077381
-0.014135
0.084278
-0.103782
0.079338
0.097347
0.117636
0.069835
-0.010640
0.067098
0.103514
0.080128
-0.107493
0.084197
-0.084102
-0.080307
0.016365
0.028786
-0.033392
0.013855
-0.103704
0.059584
-0.097230
0.037433
0.104466
-0.056674
0.027129
0.092902
0.063924
0.016576
0.068146
0.041251
-0.095327
0.065936
0.054899
0.027634
-0.021327
0.059130
-0.047823
0.080239
0.017694
0.091781
-0.087852
-0.088502
-0.073552
0.070147
-0.081913
0.065856
0.116725
-0.070745
0.059816
-0.077221
0.101036
-0.058092
-0.018009
0.006761
0.097210
0.087306
-0.035278
0.086103
-0.017976
0.067030
-0.077199
-0.028301
0.066488
-0.026969
-0.062353
0.033478
0.053599
0.105615
-0.098428
0.002253
0.087720
0.002703
-0.044198
-0.093626
0.037236
-0.027745
0.107067
0.056858
0.064492
0.046927
-0.058333
0.041809
0.109731
-0.074024
-0.013338
-0.004149
0.078194
0.115732
-0.080695
0.046918
-0.049189
-0.061007
-0.056699
-0.025658
0.094751
0.046457
-0.076302
0.067767
-0.097370
-0.062317
0.041344
-0.035086
-0.081076
0.088425
0.112628
-0.064935
-0.079655
-0.061621
0.032795
0.082329
-0.048247
0.035652
-0.054017
-0.103669
0.031456
0.073047
-0.041993
0.094684
-0.105150
0.063404
0.084983
0.034155
0.061646
0.084363
0.047257
-0.100840
0.106640
-0.081998
-0.030799
0.110002
-0.039307
-0.086040
0.065245
-0.097566
-0.026163
0.108072
-0.055932
-0.057807
0.071544
-0.029852
-0.096529
0.117080
-0.094138
0.037362
0.010980
-0.078390
0.002094
-0.071074
0.022687
-0.103956
-0.081069
-0.085416
0.003793
-0.013193
0.102018
0.036321
0.117785
-0.035275
0.001271
-0.063668
-0.027932
0.059439
0.081003
0.078287
0.070051
0.009334
0.001991
-0.017234
0.109955
0.061362
0.078014
-0.116385
-0.105353
0.001156
0.088086
0.103124
-0.053613
0.012969
0.047066
-0.060858
0.113709
-0.088864
0.112808
-0.117166
-0.050836
0.061531
0.092255
-0.058918
0.042422
0.012492
-0.066156
-0.090264
0.024178
-0.076808
-0.019238
0.115214
-0.032306
-0.075975
-0.089303
-0.088787
-0.044629
-0.030653
-0.011757
0.062812
0.042571
0.073873
0.008754
-0.105370
-0.047890
0.061517
-0.038971
-0.114713
0.016888
0.055880
-0.109439
-0.101963
-0.014597
-0.038066
-0.112566
-0.061487
0.041206
-0.004772
0.074479
0.092297
-0.113190
0.026601
0.024625
-0.084739
0.072599
0.038802
0.005115
-0.111620
0.022870
0.042732
-0.098211
-0.095632
0.081607
-0.048569
0.025745
-0.072976
-0.114999
0.111904
0.029633
-0.018264
-0.083892
0.064292
0.062931
-0.016766
-0.078307
0.035692
-0.057552
-0.106392
0.006810
0.083092
0.034615
-0.022157
0.074349
-0.049612
0.063815
-0.032484
0.102896
-0.018699
-0.063378
0.102494
-0.085852
0.106858
-0.038727
-0.061695
0.019086
-0.077556
0.017346
-0.105635
-0.079762
0.027048
0.058009
-0.034488
0.020147
0.092444
0.101619
-0.116880
-0.017886
0.075968
0.042644
0.084100
0.004198
0.015591
0.101154
-0.011036
0.112728
-0.103481
-0.079642
0.006969
-0.003919
0.057184
-0.095951
0.049037
-0.101871
0.043113
0.006872
-0.002778
0.094816
0.093288
-0.067346
0.079978
0.018342
-0.017197
-0.040107
-0.057981
-0.061583
0.007321
0.054500
0.114727
0.006763
-0.036458
0.014605
0.036950
0.026321
-0.082730
0.108823
0.081881
0.094116
-0.087721
0.060290
0.002334
0.043831
0.030134
0.042186
0.068457
-0.090360
0.014330
-0.055416
0.037855
0.100856
-0.112955
-0.116156
0.074202
-0.014405
0.039717
-0.108500
0.111312
-0.007433
-0.039818
0.060723
0.053496
0.060078
0.075882
0.065106
0.114860
-0.083689
0.073564
0.111997
-0.034234
0.046864
0.035137
0.026502
-0.087728
0.053247
-0.084358
-0.035647
-0.057771
0.039196
-0.004874
0.037321
-0.011826
-0.049427
-0.015540
0.062092
-0.040151
0.057828
0.087095
-0.071196
0.082619
-0.019730
0.097379
-0.085261
0.013595
-0.003040
-0.045341
0.000850
0.022649
0.017108
-0.054836
0.002809
-0.011406
0.079228
0.011041
0.001532
-0.023123
0.054698
-0.004133
0.054635
-0.077551
-0.064673
0.022033
0.059898
0.058517
0.115872
-0.041138
0.023682
0.011324
-0.017343
0.015031
0.089459
-0.045026
-0.080151
0.075602
-0.036719
0.063761
-0.007608
-0.040614
0.058272
-0.081594
-0.038722
0.023880
-0.103496
-0.084985
0.033719
-0.007161
-0.010976
-0.077089
-0.019608
0.077655
-0.001119
0.044421
-0.064092
0.058524
0.102334
-0.090225
-0.009541
-0.043854
0.020458
-0.062598
0.003881
-0.098706
-0.069635
0.081789
-0.055157
-0.095695
0.005344
0.097806
-0.044603
-0.058362
0.019808
-0.077800
-0.012658
-0.019930
0.024910
-0.080369
-0.100632
-0.067641
0.006002
0.062512
0.056365
0.090718
0.006501
0.106765
-0.036517
-0.062746
0.055566
0.099038
-0.117675
0.027431
0.023282
-0.050206
0.017691
0.070609
0.095697
-0.105005
0.037373
0.042991
0.098551
-0.076910
0.109375
0.076667
0.011083
-0.010415
-0.034396
0.093151
0.111614
0.117210
-0.117417
0.116272
0.054686
0.071389
0.039542
-0.087239
-0.066017
0.015437
0.028479
0.067930
0.099901
0.090905
-0.046606
-0.025222
0.107095
0.082479
-0.007184
-0.065232
-0.004034
0.010458
-0.117711
0.084881
0.004641
-0.114134
0.058632
0.060148
-0.015770
0.005750
0.069941
0.050971
0.008391
-0.100351
-0.034201
-0.084444
-0.011227
0.111735
-0.097866
0.117749
-0.085902
0.042173
-0.097662
0.005498
-0.096498
0.082107
0.027366
-0.015325
-0.088250
0.053862
-0.106468
-0.091375
0.024758
-0.011873
0.035800
0.071349
0.102937
0.006269
-0.066011
0.018236
-0.076001
0.002344
-0.068556
-0.037487
0.109733
0.036737
-0.066457
-0.051455
-0.059712
0.089619
0.094940
0.108591
-0.035852
-0.092860
-0.090220
-0.094617
-0.074802
-0.034421
-0.052537
-0.025950
-0.016225
-0.094698
-0.089865
0.092144
0.061322
-0.040335
-0.057865
0.039779
0.049079
-0.018851
0.083622
0.018561
0.081483
0.069065
-0.044467
-0.078115
-0.029908
0.058843
0.080178
-0.014204
0.103916
0.015578
-0.042210
-0.108121
0.097222
0.111577
-0.036439
-0.117694
0.106879
-0.109576
-0.036362
-0.077037
-0.001586
0.025952
-0.068336
0.104165
0.059674
0.083290
-0.094540
0.038658
-0.097981
-0.061934
-0.097067
0.058728
0.043451
0.047677
0.101064
-0.004353
0.027525
-0.039211
-0.106930
0.067987
-0.066797
0.003300
-0.054144
-0.099707
-0.091263
-0.043027
0.012525
-0.113656
0.064868
-0.000786
0.101467
0.117226
-0.040860
-0.041458
0.092781
0.103079
0.092764
-0.067493
0.027470
-0.046441
-0.108205
-0.010537
0.070179
0.017949
0.046988
-0.085559
0.070225
-0.063627
-0.115683
-0.035981
-0.084219
-0.049405
-0.097395
0.042142
0.040921
0.080016
-0.102777
0.029839
0.100042
0.073392
-0.084017
0.041438
0.019710
-0.035658
0.041112
-0.007135
-0.022426
0.108688
-0.102941
0.052979
0.020473
0.008595
0.023148
0.002130
0.089958
-0.087024
-0.073857
0.049253
0.030931
0.072415
-0.026428
0.098635
0.017123
-0.018880
0.112934
-0.074487
-0.114467
0.009793
0.114740
0.043235
-0.036051
0.092836
0.112171
0.054559
-0.048913
0.109058
-0.048776
0.019351
-0.088470
-0.075936
0.090617
0.088061
-0.061374
0.057411
-0.115123
0.036838
0.069426
-0.105403
0.064908
0.021701
-0.080683
0.094748
-0.050285
-0.105773
-0.025830
-0.042377
-0.025942
-0.021000
-0.101067
-0.010435
-0.009411
0.064850
0.028481
-0.091244
0.027513
-0.070456
-0.095593
0.089124
-0.038796
0.070602
0.015859
0.043373
-0.030236
0.017627
0.029039
-0.097940
0.089709
-0.001135
-0.000374
0.003280
0.027277
0.093443
-0.109804
-0.044322
0.026693
-0.019654
0.020799
0.018212
0.099889
0.103365
-0.054775
-0.039585
-0.009773
0.048681
0.103233
0.011588
0.008803
-0.034051
0.038658
-0.097007
-0.035325
0.033767
0.086859
0.115926
-0.045229
-0.082167
0.061808
-0.011680
0.110894
0.070376
-0.042449
0.053198
-0.104036
-0.042862
-0.060255
0.108396
-0.022220
0.112209
-0.062036
-0.004417
-0.090348
-0.111747
-0.071194
0.108986
0.063532
0.061892
-0.103323
0.081216
-0.079973
-0.053201
-0.109185
-0.080684
0.083021
0.021945
-0.018221
0.028212
-0.059379
0.077719
-0.116507
0.101991
-0.044988
0.079823
-0.114454
-0.057034
0.051942
0.056793
0.088677
-0.021604
0.031121
0.045727
0.047293
0.039732
-0.004516
0.060583
0.057044
0.020730
-0.027421
-0.047480
0.101181
0.002085
-0.054768
0.051922
-0.094825
0.029453
-0.012904
-0.007804
-0.086817
-0.050037
0.004327
-0.030299
0.031660
0.105334
-0.001075
-0.063105
0.089366
0.113661
-0.035811
0.102364
-0.049347
-0.048429
0.057452
0.009552
-0.109205
0.028226
0.047235
-0.114423
0.028715
-0.090559
0.083542
0.016331
0.028517
0.045885
-0.078052
-0.058416
-0.046158
0.008014
-0.026992
0.063893
-0.033834
0.005732
-0.011872
0.013604
-0.047157
-0.051815
0.099332
0.102085
0.080674
0.099521
-0.014844
-0.097629
0.011916
0.017121
-0.111941
-0.068718
-0.087591
0.008425
0.029493
0.066623
-0.051436
-0.036128
-0.108215
0.043161
0.063951
0.028419
0.009229
0.036275
-0.068850
0.043361
0.058583
0.079245
0.110816
0.071891
0.036912
0.087521
-0.113041
-0.029182
0.023199
0.117175
0.015303
0.079372
0.009657
-0.094855
0.035257
0.012856
-0.000008
-0.023144
-0.098995
-0.098453
0.092362
-0.104217
-0.078747
0.045429
0.094625
-0.069144
0.073986
-0.012102
0.094715
-0.069413
-0.090871
-0.063271
0.009598
0.081417
-0.046303
0.083900
-0.032291
-0.107835
0.112307
0.106476
-0.071600
0.085628
-0.035730
0.063084
-0.067078
-0.018539
-0.085224
-0.033668
0.117687
0.064918
-0.114294
-0.060755
0.074463
0.104830
-0.045016
0.006225
-0.038211
0.018194
0.055965
-0.076070
0.055365
-0.085333
-0.092093
-0.063970
-0.019668
0.051769
-0.065729
0.010870
-0.102105
-0.012284
0.025331
-0.043737
-0.056060
-0.099402
0.049321
0.009070
-0.008637
-0.083096
0.043472
-0.030783
0.077022
-0.069247
0.094976
-0.070778
-0.015821
-0.056834
0.024545
0.106155
-0.059695
-0.042056
0.061684
-0.049030
0.016286
-0.027003
-0.116734
0.099275
0.063792
-0.016928
0.044048
-0.067477
0.069744
-0.113059
-0.032144
-0.084219
-0.054663
0.057704
-0.034971
0.066483
0.015882
0.081891
0.024680
-0.037005
-0.036886
0.102988
-0.035959
-0.060941
0.042194
0.047756
-0.097534
-0.023370
0.092191
-0.006032
0.012018
0.007234
-0.088536
0.095980
-0.093479
-0.078593
0.029855
0.095866
0.053863
0.088868
-0.071150
-0.103408
0.017532
0.069222
0.010288
-0.099525
-0.091093
-0.019901
0.011914
-0.082408
-0.004120
0.027272
0.103928
0.109970
-0.117812
-0.115439
-0.014174
0.038985
0.084372
0.112164
-0.110295
-0.012383
0.020091
0.041918
0.068781
0.029028
-0.070655
-0.012304
0.059593
-0.015015
-0.048908
0.060652
-0.080688
0.037932
0.102628
-0.003945
-0.115993
0.003373
-0.011455
0.063371
-0.086203
0.079024
0.054377
0.092091
-0.070097
-0.087654
0.082634
-0.015313
0.011743
0.045758
0.004246
0.004485
-0.083108
0.100972
-0.082592
-0.088240
-0.059165
0.086756
-0.054945
-0.115585
0.024735
0.032992
-0.058438
0.041004
0.038381
0.010684
-0.059484
-0.052254
-0.018966
0.069333
0.084444
0.002839
0.078923
-0.041963
0.073229
0.105310
0.002498
0.087446
-0.008157
-0.106739
0.079293
-0.042774
-0.031784
-0.068194
-0.111021
0.047967
0.066041
0.054269
0.092243
-0.003639
-0.003503
0.060884
0.005009
0.035927
-0.041694
-0.052179
0.054772
0.009107
-0.018241
0.081496
0.035361
0.073675
0.051742
-0.038610
-0.042823
0.110733
0.044528
0.081160
0.066444
-0.062064
0.008565
0.063887
-0.032047
0.012735
-0.021094
-0.057622
0.011135
-0.007526
0.051726
-0.063481
-0.010222
-0.057664
0.030998
-0.066672
-0.008003
0.030123
-0.030775
0.051743
-0.070040
-0.077627
0.092378
-0.067788
0.109608
0.070332
-0.039204
-0.070304
-0.043931
0.108730
-0.112023
0.034929
0.044589
-0.082951
-0.024210
-0.028845
-0.109840
-0.051391
0.072710
-0.000889
-0.092640
-0.102556
-0.108853
0.097777
-0.073172
0.076203
0.027541
-0.030056
-0.051324
0.010315
0.110681
0.111344
0.011058
0.058438
-0.117105
0.034837
-0.015016
-0.060602
-0.003832
0.019690
0.005929
-0.030097
-0.096609
0.027338
-0.057042
0.099389
-0.012118
-0.107631
0.049776
0.051269
-0.109603
0.061764
0.040322
-0.084402
-0.099990
0.021110
0.112834
0.052994
-0.078444
0.105366
-0.080108
-0.027529
0.033435
0.007909
0.050457
-0.047037
-0.031112
-0.054944
0.007470
-0.006698
0.104314
-0.024985
0.064501
0.022187
-0.011158
0.114077
-0.007306
0.098309
0.087276
0.044742
0.069979
0.079364
-0.019635
0.095013
0.107650
-0.058301
0.071976
-0.066926
0.092892
-0.054344
0.081093
-0.061158
0.049510
0.089733
-0.087702
-0.017258
-0.016410
-0.095349
-0.005853
0.099056
-0.059122
-0.090472
-0.092313
0.004677
-0.005600
-0.074589
0.088551
-0.090839
0.048194
-0.104528
-0.086029
0.016658
0.106148
0.083991
0.010714
0.052207
0.069305
0.031945
-0.002830
0.028272
0.057987
0.062164
-0.073594
0.075544
-0.074975
0.111221
-0.105596
0.084633
-0.011464
-0.080881
-0.094542
-0.054946
0.082987
0.101389
0.000428
-0.106931
0.092642
0.107216
-0.088293
0.018197
0.082476
0.058744
-0.002853
-0.072923
0.090924
-0.000010
0.074727
0.072074
-0.051423
-0.071354
0.088953
0.025177
0.099616
-0.094043
0.092351
-0.092287
0.106830
0.089519
0.108589
-0.066052
-0.088618
-0.016331
-0.073211
0.010873
-0.089051
0.081776
0.076995
-0.032027
-0.115855
-0.066174
0.000491
-0.019589
0.086087
0.074825
-0.095343
-0.082882
-0.062962
-0.088294
-0.013828
0.042635
-0.083240
0.056449
0.075136
0.102404
-0.026447
-0.047409
-0.116632
0.105575
-0.041851
-0.084636
0.100595
0.020532
-0.032648
0.037446
-0.033718
0.036095
0.012874
-0.034800
0.023657
-0.009884
-0.070454
0.067967
-0.061287
-0.015823
-0.055942
0.040309
0.019025
0.042916
-0.043268
-0.078646
-0.032852
-0.041825
0.055424
0.073192
-0.067624
-0.034997
0.032400
0.016691
0.085372
0.094690
-0.010418
0.084268
0.013120
0.034275
-0.113526
0.059833
-0.033699
-0.036531
-0.003003
0.106324
0.068028
-0.044733
-0.098158
-0.066196
-0.036061
-0.091315
0.110043
-0.016374
-0.090683
0.054048
-0.101749
-0.056569
0.049797
-0.104346
0.095641
0.001573
0.050925
-0.009665
0.058559
-0.100852
-0.068350
0.053406
0.039673
-0.074729
-0.073387
0.038102
0.053650
0.042125
-0.047308
0.055156
0.010296
0.003953
-0.030248
-0.066212
-0.007556
-0.039905
-0.065561
-0.116064
0.066076
-0.016429
0.002645
0.111793
0.053501
-0.081089
-0.037776
0.028298
0.050755
-0.038177
-0.052165
0.078462
-0.079801
0.041758
0.114628
-0.049963
-0.084352
0.117684
-0.115744
0.099576
0.010954
-0.023587
0.087637
-0.112317
0.083640
-0.039982
0.111024
-0.067322
0.110302
-0.054411
-0.103728
0.009145
0.037835
0.033276
-0.061865
-0.115294
0.053569
0.037051
-0.008873
-0.033579
-0.005562
-0.014037
0.086027
0.011425
0.001461
-0.072377
0.046174
0.074160
0.097508
-0.058676
-0.075442
0.103570
0.019127
0.025151
-0.022318
-0.021949
-0.040900
0.070031
0.057244
-0.033040
-0.023398
-0.029943
-0.106366
-0.010454
0.031696
-0.077776
-0.070001
0.099117
0.014745
-0.070397
-0.009065
-0.089522
-0.040700
0.082193
-0.000558
0.068540
-0.061101
0.074733
-0.040543
0.062355
0.113678
-0.065021
-0.077642
-0.065837
-0.039011
0.036186
0.112613
-0.100750
-0.035373
-0.099903
-0.049889
0.014232
-0.002226
0.061437
0.111680
-0.086949
-0.100413
0.105647
-0.077352
-0.052750
-0.042713
-0.097620
0.019982
0.049181
-0.056443
-0.092223
0.067450
0.107481
-0.019419
0.019421
0.081801
0.059386
0.063367
0.112377
-0.026401
0.026672
-0.034445
0.042816
0.017239
0.107027
-0.003052
0.033606
-0.001004
-0.000461
-0.004342
-0.013799
-0.062567
0.000037
0.015669
0.087924
0.071989
0.073125
0.039152
0.062781
0.007825
-0.087368
0.109826
0.047987
0.116061
-0.116796
0.039152
0.104744
-0.006807
-0.040745
-0.007394
-0.068992
-0.083527
-0.072645
0.116882
-0.033126
0.114301
0.075104
-0.050876
0.103595
0.039045
-0.109316
-0.036592
0.048817
-0.047097
0.069721
0.089508
0.057218
-0.088402
0.045007
0.098621
0.019294
0.048613
-0.118044
0.059960
0.070118
0.006872
-0.028984
-0.044584
0.116165
-0.035930
0.054833
0.091882
-0.041528
-0.009773
0.115627
0.020795
-0.035929
0.110107
-0.101029
-0.016214
-0.027009
0.084821
-0.079719
0.076760
-0.065634
0.003625
-0.111570
0.068571
-0.101906
0.057957
0.088081
0.024402
0.099938
0.024029
-0.018354
-0.115977
-0.029719
0.030954
0.069902
-0.117700
0.014097
0.022730
-0.010243
0.101528
-0.048608
0.034397
-0.034117
-0.012447
-0.105075
-0.068864
-0.081903
-0.018498
-0.015818
-0.078935
-0.050677
0.046628
-0.107622
-0.089736
-0.115644
0.009988
-0.017626
0.111415
0.024721
0.076190
-0.059889
-0.018386
0.109175
-0.043356
-0.045318
0.058236
0.018813
-0.087957
0.034423
-0.098159
-0.065370
-0.000124
0.111254
0.066102
0.031303
-0.027737
0.099547
-0.051558
0.053094
-0.039117
0.048202
-0.008136
-0.080660
0.078827
0.006129
-0.051925
-0.048858
0.059077
-0.042444
-0.106319
0.048382
0.067228
0.036648
-0.100111
0.077072
-0.100638
-0.046861
-0.020262
-0.005193
0.071340
-0.017166
0.102595
0.096977
0.002046
0.013350
0.039361
0.110495
-0.113522
0.087230
-0.108509
0.071439
0.047033
0.017992
-0.055077
-0.055434
-0.065510
-0.071217
0.000663
-0.036162
-0.004325
-0.081646
0.105382
0.088866
0.028708
-0.071217
0.092628
-0.000653
-0.111572
-0.044022
0.103356
-0.068660
-0.013587
-0.109332
0.103436
0.016037
0.036293
0.092147
0.079683
0.071414
-0.042817
0.053076
0.087505
0.042751
-0.059229
-0.078763
-0.054654
-0.002522
-0.076035
0.099248
0.072649
0.067418
-0.088872
0.078055
0.007192
0.024256
0.077039
0.018300
-0.003253
-0.008644
-0.003291
-0.116272
0.069027
-0.036857
0.096388
-0.007897
0.032876
-0.101342
0.072048
0.092953
0.112495
0.093369
0.112566
0.046096
-0.089720
0.110581
0.000062
0.060894
-0.087253
-0.017407
0.043949
0.023449
-0.113741
-0.069194
-0.116588
-0.020264
-0.043288
-0.078780
0.111276
0.114362
0.055483
-0.049049
-0.063361
0.023842
-0.066454
0.045278
0.063899
-0.080734
-0.108542
-0.103440
0.067033
-0.069749
0.049803
-0.054082
-0.037820
-0.021892
0.026742
0.054572
-0.076563
0.073861
-0.102328
-0.044685
0.096580
0.038770
0.067589
0.057497
0.082537
-0.117367
0.055119
-0.089303
-0.004499
0.019887
-0.021429
-0.114133
0.006114
-0.040878
-0.020887
0.023396
-0.114202
-0.012213
0.079742
-0.014214
-0.080534
-0.079659
-0.090085
-0.004655
0.063724
0.117337
0.093702
0.065133
0.115413
0.063113
-0.008615
-0.042106
0.011993
0.026148
0.083622
0.008454
0.061225
-0.054661
0.072976
0.073843
-0.026403
-0.103824
-0.102281
-0.100722
0.027228
-0.108017
0.070855
0.069330
0.070042
0.078164
-0.080827
-0.095704
0.088896
-0.072830
-0.111306
-0.116043
0.092001
0.101958
-0.016585
0.006740
0.070535
-0.105566
-0.073547
-0.023310
-0.062502
-0.019776
-0.042307
0.011078
0.077493
0.104681
-0.057157
0.095802
0.054619
0.022416
-0.074276
-0.101285
0.074911
0.001948
-0.049604
-0.099123
-0.055498
0.091608
-0.045468
-0.055241
0.050568
-0.052564
-0.061481
-0.059399
-0.084020
0.096516
-0.002827
-0.075972
-0.108291
0.076895
-0.085168
-0.100410
-0.074295
-0.083921
0.103651
-0.007902
0.090091
-0.080700
-0.072030
-0.098341
-0.015843
-0.053270
-0.003701
0.000571
-0.073156
-0.024958
-0.061054
-0.058913
0.054964
0.047485
-0.007488
0.082547
0.051266
-0.114278
-0.062799
0.104535
-0.075397
0.028239
0.004351
0.082215
0.001260
0.043896
0.048212
-0.112991
-0.054006
-0.116111
-0.059806
0.034144
-0.061446
-0.029962
-0.003975
0.043241
-0.009118
0.029387
-0.116197
-0.108193
0.112462
0.097933
0.070752
-0.016560
0.025686
-0.095950
0.069842
-0.032678
-0.088128
0.043996
0.023340
0.058341
-0.010825
-0.078272
-0.037214
0.109846
-0.115156
-0.052015
0.017700
0.002010
0.066819
-0.007761
-0.073589
0.095507
0.015307
0.067325
0.099459
0.097874
0.052838
0.018189
0.049553
0.038669
0.099030
-0.031964
0.000492
0.014940
0.090980
-0.001230
-0.054228
0.006978
-0.083503
0.092419
-0.024161
-0.112470
-0.011556
-0.027171
-0.035398
0.100436
0.094652
0.082460
-0.010918
0.043528
0.114878
-0.117568
0.049287
0.080635
-0.111655
0.094394
0.009353
0.097791
0.010295
-0.063193
0.090249
0.087721
-0.022974
0.067042
-0.090026
0.107029
0.088670
0.101597
0.088147
-0.035432
-0.082368
-0.046152
0.032535
-0.084936
-0.011268
-0.109550
-0.078714
0.020617
-0.110666
-0.017353
-0.073283
-0.110873
-0.098461
-0.050231
0.056478
0.111293
0.094597
-0.030242
0.043863
-0.041514
0.106431
-0.039556
0.062279
-0.101710
0.031151
0.025863
0.109627
0.091471
-0.068172
-0.014443
0.114947
0.012094
-0.001752
-0.111479
-0.111387
0.062617
-0.042710
-0.004777
0.094293
-0.092422
-0.087122
0.070026
0.008691
-0.007729
-0.080697
-0.005118
0.077319
0.103664
0.058329
0.025060
-0.104846
-0.035694
-0.061217
-0.018549
-0.013852
-0.094834
0.095065
0.021587
-0.071172
0.071201
0.016004
0.074959
0.091155
-0.024597
-0.058756
0.074262
-0.079325
-0.089124
-0.020255
-0.018394
-0.106163
0.003103
-0.028947
0.074765
0.093775
-0.055478
-0.091803
-0.011421
-0.027669
-0.111536
0.071116
-0.098631
-0.059683
0.063082
0.036033
-0.001587
-0.043584
-0.032042
-0.049686
-0.050549
0.020140
0.104638
0.105491
-0.107322
-0.050975
-0.111854
-0.002843
0.105297
0.072879
-0.001816
0.007622
0.032562
-0.065341
0.040067
-0.053122
0.096015
0.006397
-0.050578
0.060377
-0.082492
0.052650
0.017883
-0.107164
-0.048147
-0.102302
0.098777
0.095949
0.069621
0.096119
0.031660
0.070485
0.073756
-0.025618
0.063447
-0.021574
0.003979
0.003595
-0.108928
0.065255
-0.040637
0.053044
0.107792
-0.071107
-0.106121
0.043305
0.008484
-0.080102
0.112856
-0.001000
0.021548
-0.117652
-0.037784
-0.088312
-0.068936
0.064574
-0.100093
-0.014729
-0.082605
-0.106959
0.015600
-0.115284
0.108080
-0.081115
-0.068691
-0.106000
-0.058294
0.086140
0.056692
0.044442
-0.061406
-0.065391
-0.042578
-0.045297
-0.116315
0.056306
0.066873
-0.088249
-0.063783
0.049820
-0.050962
0.100499
0.056745
-0.071934
-0.074450
-0.111866
0.016093
-0.060226
0.075440
-0.108611
-0.011063
-0.081815
-0.114048
-0.007319
-0.010164
-0.080035
-0.081913
-0.041703
0.090342
0.098035
0.104098
0.002175
-0.053098
0.036750
-0.063479
0.091879
0.093879
0.016790
0.021721
-0.022173
-0.031310
-0.046990
-0.061856
-0.046673
0.099172
-0.058281
-0.079442
-0.089486
-0.061011
0.021843
-0.015292
-0.038361
-0.046302
-0.041739
-0.036275
0.111793
-0.077565
-0.011065
0.089618
-0.100460
0.117554
0.022364
0.085921
-0.115104
0.113838
-0.040404
-0.078174
-0.096403
0.045060
0.054365
0.059673
0.093904
0.091743
0.088930
0.019869
-0.039554
-0.109450
-0.113184
0.117129
0.036259
0.004868
0.042983
-0.068540
0.087676
-0.097245
-0.100054
-0.056024
