-0.030524
0.088141
0.034622
-0.100409
-0.027542
-0.091367
-0.095295
-0.036504
-0.025374
0.091292
0.067858
-0.028758
-0.094722
0.001047
-0.037003
0.044414
0.049883
-0.107639
-0.034143
-0.092962
-0.049172
0.078960
0.064540
-0.027408
-0.011109
-0.009326
0.010342
0.052775
0.101462
-0.078201
0.031688
0.028170
-0.093623
0.078512
0.085890
-0.097674
0.035653
-0.087642
0.068730
0.064601
0.058346
-0.102211
0.003788
-0.084719
-0.109258
0.098471
0.117225
0.022314
0.090554
-0.015956
-0.030327
-0.094560
0.006115
-0.088787
0.101890
0.027464
-0.102722
-0.105819
-0.051481
0.057264
-0.059831
0.080279
0.066152
0.033845
0.038790
-0.112247
-0.023056
0.001488
-0.004580
0.039799
0.061891
-0.014871
0.031014
-0.103368
-0.108867
0.110085
0.117274
-0.049431
0.081957
0.077171
-0.116260
0.033864
-0.057663
-0.010528
0.102050
0.116420
0.011942
-0.053909
0.072301
-0.075885
0.089751
0.061637
-0.021179
0.064692
0.073868
0.102160
0.035029
-0.109367
0.036481
0.002509
0.067000
0.081811
-0.047052
-0.064930
-0.034884
0.051889
0.002079
-0.116702
-0.010710
0.054226
-0.034766
0.108773
-0.109700
0.004922
0.085888
-0.065730
0.115403
0.039031
-0.034406
0.099414
0.005379
0.011694
-0.017174
-0.051960
-0.016069
0.101169
0.032021
-0.005873
-0.002467
-0.010458
0.049162
-0.003656
0.039831
0.022944
-0.001156
0.085154
0.091327
0.052890
-0.039833
-0.019898
0.000322
-0.001197
-0.013957
0.089108
0.079143
-0.079658
-0.050396
0.016583
0.097919
0.073929
0.071402
0.051356
0.066759
0.073717
0.016955
0.034055
-0.104141
0.052561
0.019302
-0.024180
0.045845
-0.002415
-0.063927
0.057481
0.072606
0.106653
-0.021970
-0.062465
0.077825
0.027152
0.099687
0.100343
-0.105003
0.080506
-0.042420
0.032908
-0.054913
0.092686
0.043607
-0.117645
-0.023782
0.017869
-0.095366
0.082975
0.054339
0.012146
-0.101339
-0.006325
0.001742
-0.114470
-0.094835
-0.023727
-0.098134
-0.075289
-0.036547
-0.091983
0.087714
0.091771
0.104603
-0.044921
-0.091018
-0.082376
-0.035035
0.107408
-0.040659
-0.065837
0.105722
0.016186
-0.068316
-0.038667
-0.049747
-0.110732
-0.007634
-0.082453
-0.074601
0.025967
-0.022499
-0.064539
0.077890
-0.008947
0.028966
-0.094735
0.106348
0.117730
0.093944
0.090649
0.104785
-0.090723
-0.061129
0.053282
-0.021583
0.105646
0.055024
-0.003815
0.006314
-0.017632
-0.088271
0.103564
-0.054988
-0.054455
0.103732
0.082211
0.108934
0.053675
0.082289
0.053719
-0.036378
0.057812
-0.007253
-0.021386
0.038024
0.009641
-0.059558
-0.029746
-0.075800
-0.080049
0.114106
-0.074745
-0.035494
0.042983
-0.085095
0.055210
0.098432
0.098118
0.006573
-0.042748
0.043180
-0.083178
-0.069833
0.012775
0.057552
0.086503
0.082195
-0.048892
0.107335
0.109814
0.024679
-0.073984
0.044834
-0.070793
0.005153
-0.000540
0.106364
-0.092470
0.065044
0.070887
-0.025576
0.116716
-0.017622
0.031993
-0.009698
0.049620
-0.007976
-0.073407
-0.086480
-0.050461
-0.077552
0.029948
0.009645
-0.091983
0.017729
0.070988
0.031311
-0.006224
0.033645
0.044989
-0.106055
-0.040867
-0.113643
-0.088667
-0.085512
0.034266
0.058448
-0.073671
0.062214
0.036180
0.022300
0.098850
-0.050588
-0.044549
0.103460
0.035079
0.113167
0.004317
0.059539
0.062738
-0.117417
0.065685
-0.029618
-0.050442
0.039417
0.062391
-0.018613
0.104135
-0.013613
-0.030688
-0.003729
0.038843
-0.011700
-0.101260
-0.038871
-0.039477
-0.111650
0.087935
0.029935
-0.006209
0.106387
0.010545
0.070514
0.026441
-0.117826
-0.079168
-0.114899
-0.097026
0.008255
0.109101
0.038178
-0.105097
-0.027403
-0.000408
0.052960
-0.071744
-0.067380
0.056352
0.107970
0.049688
-0.050202
-0.074144
-0.103987
0.078600
-0.107057
0.015339
0.074888
-0.069968
-0.070650
-0.014520
0.036099
-0.099792
-0.071529
-0.023261
-0.073838
-0.063029
0.023277
-0.027428
0.047744
0.103162
0.026976
0.063909
0.064295
-0.000942
0.002062
0.097121
0.034534
-0.103955
0.081128
0.036588
0.054991
0.081281
-0.114482
0.018318
0.012053
0.021470
-0.088739
0.051869
0.016610
-0.036392
-0.009996
-0.022931
-0.080102
0.062759
0.058194
0.015266
-0.086127
-0.001312
0.104249
0.047173
-0.096441
0.090657
0.001936
-0.037264
-0.008468
0.112673
0.049276
0.099934
-0.006171
0.099867
-0.113238
-0.095416
-0.096349
-0.030869
-0.059536
0.029588
-0.117604
-0.076990
-0.053105
-0.101421
-0.104187
-0.001699
0.099861
-0.088331
-0.066789
0.090031
-0.044483
0.103514
-0.056538
0.000383
-0.059788
0.028906
0.084998
-0.080623
0.057348
0.000239
0.054377
-0.102588
-0.047122
0.053194
-0.114376
0.091974
-0.068833
0.047580
-0.046940
-0.066251
0.040304
-0.059066
0.105657
-0.059420
-0.089002
-0.059322
0.035520
-0.065134
-0.000767
0.064685
0.092312
0.073186
0.093684
0.095410
-0.068261
0.101225
-0.012173
0.002759
0.011072
0.083518
-0.018284
0.044100
0.031845
0.098959
-0.111459
0.021481
-0.056045
-0.037328
-0.007410
0.051714
0.020586
-0.049848
-0.052953
0.065577
-0.111805
-0.036713
0.093489
-0.008236
-0.043774
0.014937
-0.052874
0.033436
0.066590
0.038426
-0.028628
0.009940
-0.065211
-0.104705
0.053085
0.081815
0.052935
-0.053348
0.090977
-0.116795
0.005780
0.048763
0.008998
-0.080671
-0.043800
-0.117371
0.084086
0.037915
-0.053901
0.101725
0.067796
-0.072710
-0.087277
-0.043177
-0.009521
0.040093
0.071569
0.047710
0.094070
-0.057631
0.073737
-0.059085
-0.033723
0.081736
-0.064027
0.070300
-0.117847
-0.098778
0.105528
-0.109015
0.048868
-0.101789
-0.038311
-0.010442
-0.026826
-0.027590
-0.069451
0.082036
-0.096635
0.103441
-0.019940
0.008577
0.078385
-0.032610
-0.089086
-0.011979
-0.085058
0.070361
-0.019569
-0.063541
-0.051013
-0.039962
-0.039360
-0.117798
0.007246
-0.111007
-0.085026
-0.095447
0.006274
-0.114921
0.106766
-0.067966
0.030986
0.100909
0.091961
-0.049053
-0.061823
0.049817
0.040746
0.030882
-0.060956
0.062302
0.114565
0.072625
0.059391
0.092326
0.022395
-0.105082
-0.051533
-0.082312
0.037088
-0.006621
-0.032103
0.102955
0.017086
0.052536
0.025901
-0.032014
-0.025072
0.009532
-0.093034
0.107266
-0.032988
0.093620
0.096561
-0.098717
0.021359
-0.072544
0.002242
-0.010134
-0.102333
0.019765
0.033015
-0.118003
0.108063
0.076161
-0.111943
-0.014529
0.028941
0.064280
0.014571
0.109688
-0.106397
0.084200
-0.072763
-0.028235
-0.067040
-0.084056
0.096330
0.006883
0.105274
0.034805
-0.048998
-0.062799
-0.071655
0.006428
0.034924
0.060661
-0.028067
-0.065415
-0.020749
-0.110044
0.103044
-0.001056
0.042306
0.060753
0.107765
0.041712
-0.031715
-0.023058
-0.080289
-0.011098
0.037348
-0.103119
-0.002048
-0.051098
-0.031955
0.027090
0.080549
0.109189
-0.078181
-0.017181
0.016642
-0.103981
0.061773
0.015962
0.051380
-0.042401
0.074190
0.072537
0.074844
-0.033662
-0.092703
-0.050536
0.096114
-0.047978
-0.074193
-0.107076
0.050199
0.060124
-0.085407
0.112379
-0.097954
-0.060704
0.044966
0.079753
0.024354
-0.002736
-0.084488
0.006792
-0.025688
0.000639
-0.065751
0.105446
-0.055642
0.048082
-0.076535
0.079502
-0.086400
-0.101167
-0.045885
0.085543
-0.041083
-0.081064
0.112265
0.002734
0.064335
-0.004550
-0.113081
-0.040940
0.101803
-0.081803
0.086486
0.082407
-0.114431
-0.027773
-0.017148
-0.033534
0.116746
0.011768
-0.000132
-0.003560
-0.099207
-0.093669
0.016345
0.084363
-0.048421
0.045003
-0.044029
-0.098946
0.095288
-0.068159
-0.024866
-0.003953
0.028412
-0.017114
0.074648
-0.005579
0.104715
-0.070508
-0.055696
-0.008668
0.022151
0.116972
-0.013592
0.100070
-0.014691
0.083312
-0.070088
-0.043198
-0.074458
-0.081516
-0.048205
0.098552
0.114103
0.033048
0.067080
-0.065587
0.063904
0.027129
-0.086888
0.054439
-0.105836
-0.089556
-0.035850
-0.073517
-0.016188
-0.114176
-0.040771
0.099755
0.095053
-0.032894
-0.017339
0.083501
0.049227
-0.036457
0.006431
0.063140
-0.068018
0.022592
0.011527
0.008966
0.018540
0.084253
0.088362
-0.114837
0.066666
0.037266
-0.012139
0.088120
0.008773
-0.046827
0.008133
0.084573
-0.030387
0.112613
0.001562
-0.017677
-0.065675
-0.042725
0.097280
0.044298
-0.061972
-0.073457
0.057618
0.044565
-0.054911
0.042794
0.040699
0.081196
-0.062700
-0.026804
-0.057275
0.025330
-0.012601
-0.032616
-0.042280
-0.109922
-0.082452
0.076200
-0.114273
-0.114588
0.015736
0.027720
-0.074194
0.012261
-0.057844
0.020096
0.023093
0.030122
-0.053717
0.051773
0.048575
0.076468
-0.045308
-0.071759
-0.075665
0.018205
0.039573
0.042979
0.051656
-0.066850
0.011372
0.006045
-0.063296
0.087964
-0.107467
-0.098337
0.030598
-0.064500
0.092865
-0.046660
-0.117971
0.017055
0.004452
0.009567
-0.016176
0.079070
-0.114224
0.046889
0.000145
0.031756
-0.116255
0.111990
-0.051456
-0.061075
-0.115373
0.058144
0.025608
0.037731
0.084198
-0.021026
-0.063196
-0.046900
-0.033887
-0.110104
0.039726
-0.112362
-0.020324
-0.074918
0.025884
0.097804
-0.060504
-0.069242
0.005553
0.034651
0.041727
0.096510
0.116564
-0.111811
0.106402
0.074297
0.095886
0.056807
-0.098869
-0.074731
0.029552
0.074751
0.090698
0.086295
0.099487
0.035353
0.024629
-0.103576
0.003200
0.010872
-0.095381
-0.102454
0.031991
0.116464
-0.067027
0.003830
0.016535
-0.009698
-0.069573
0.080265
-0.098672
0.014049
0.060011
-0.070009
-0.112503
0.115196
0.050296
0.013521
0.099408
-0.015489
-0.077869
0.117817
0.043234
0.065469
-0.047480
-0.063374
0.023011
-0.092044
0.021919
0.014508
-0.052136
0.080099
-0.010814
-0.062138
0.054707
0.008210
-0.015925
-0.036332
0.003845
0.047652
0.033449
0.088526
0.071709
0.016291
-0.056136
-0.020380
-0.054776
0.033190
-0.108095
0.029992
-0.066530
-0.004426
0.034428
-0.108883
-0.079079
0.035657
0.089963
-0.072938
0.044147
-0.096126
-0.092860
-0.071721
0.068574
-0.100583
-0.047464
0.031245
0.117731
-0.065561
-0.071542
0.114092
-0.037332
0.062487
-0.110999
-0.049300
-0.057301
0.016406
0.036942
0.091598
0.091906
-0.098823
0.030434
-0.002809
0.092003
0.069814
0.116001
0.016326
0.107669
-0.093612
-0.013374
-0.007425
0.032437
0.055275
0.092312
0.053569
-0.094782
-0.111771
0.027349
-0.088385
-0.015708
-0.040280
0.110982
-0.018813
0.008815
0.112549
-0.084973
-0.017203
0.032686
-0.037767
0.020623
-0.004373
0.030900
0.034076
-0.103276
-0.046681
-0.008633
-0.080376
-0.100859
0.056123
0.106065
-0.097195
-0.031256
-0.088158
-0.022485
0.065297
-0.062825
0.028097
-0.018124
0.088824
0.072864
0.007804
-0.064432
-0.012930
-0.030560
0.069953
-0.052622
-0.113453
0.054068
0.043994
0.059568
-0.016185
0.068881
0.027631
0.111562
0.094197
-0.096161
0.067941
0.044928
0.062107
0.113211
-0.107853
0.069654
-0.089505
0.108631
-0.008517
-0.005490
-0.014762
0.045134
-0.051916
0.096982
-0.030419
-0.037955
0.083966
-0.007363
-0.094758
-0.068250
0.013714
0.117653
-0.074677
-0.072694
0.045339
0.040771
0.075069
0.013316
0.105280
0.056588
-0.032772
-0.011925
0.083054
0.093818
-0.060169
0.011913
-0.081843
-0.032413
0.096443
0.090253
0.009022
-0.109935
-0.082109
0.084089
0.075139
0.015830
0.035022
0.103995
-0.107936
0.036639
0.068236
-0.100118
-0.113227
-0.037590
0.064041
0.002246
-0.010414
0.014452
0.038045
0.039603
-0.107814
0.039250
-0.008446
-0.035155
0.028749
-0.044305
-0.103406
0.109343
0.044940
0.011896
-0.050766
-0.094767
0.114154
0.049425
0.026809
-0.109608
-0.036886
0.080579
-0.101599
0.021662
-0.014720
0.105186
-0.098814
0.098019
-0.092455
0.093403
-0.035736
0.064144
-0.082041
0.114301
0.045283
0.051794
-0.081267
0.044229
-0.117774
0.053626
0.020672
0.071944
-0.108031
-0.088981
0.103655
0.049801
-0.093008
0.007708
-0.057122
-0.079325
-0.022741
0.091993
-0.085422
-0.014823
-0.042610
0.041584
0.014279
-0.087526
-0.090196
0.089535
-0.108222
0.094954
-0.013469
-0.078049
0.020171
0.068941
-0.033105
-0.101995
0.068604
0.051519
-0.044331
-0.068161
0.025055
-0.029780
-0.087006
0.053649
0.114666
0.105326
0.005868
-0.012262
0.073726
-0.061281
0.109485
-0.033254
-0.090785
-0.060993
0.088523
0.024737
0.086565
-0.089990
0.000526
0.091829
0.107540
-0.114231
0.021286
-0.061480
0.113416
0.117803
-0.053947
0.037473
0.062601
0.048683
-0.082354
-0.083378
-0.031821
0.048026
0.067979
-0.111639
-0.057739
0.078153
-0.049420
-0.065341
0.070398
-0.083490
-0.014529
-0.034518
0.047965
0.032389
0.021831
0.042352
-0.084442
0.068708
-0.034106
-0.084986
-0.043084
0.075187
0.052104
0.040883
0.025738
-0.088427
0.043839
-0.088665
0.046624
0.117353
0.101630
0.056325
-0.055219
0.056972
0.114489
-0.013060
0.044415
0.095700
-0.023429
-0.111872
0.028152
-0.067689
-0.004157
0.013717
-0.092636
-0.007962
0.114670
-0.008860
-0.013345
0.089201
0.101351
0.012907
-0.031263
-0.007293
-0.110429
-0.026051
0.097216
0.097896
0.027801
-0.052927
-0.038768
0.020681
0.084346
-0.111743
0.099333
-0.108463
0.012010
0.085009
0.025139
-0.010628
0.053272
-0.060168
-0.054807
-0.036817
0.004951
-0.079690
0.106296
0.058706
0.068007
0.111559
-0.115932
-0.059574
0.032064
0.081932
-0.066087
0.097590
-0.011280
-0.038579
-0.041732
-0.010529
0.060047
0.082008
0.027177
0.033694
0.101113
-0.033781
-0.042892
-0.116400
0.104712
0.102896
-0.011096
-0.058404
-0.054931
0.057971
0.042148
0.029619
-0.043227
0.073520
-0.001533
0.112054
0.007568
-0.026657
-0.102956
0.092696
0.038781
-0.117110
-0.054491
-0.053942
-0.084164
-0.052645
0.042421
0.002168
-0.049183
-0.010150
-0.053711
-0.019735
0.082536
-0.058714
0.116019
-0.076577
0.068837
0.023391
-0.010941
0.027767
0.067257
-0.079575
-0.072855
-0.018016
0.115633
-0.065983
-0.039791
-0.029368
0.058198
-0.100071
0.108978
-0.051763
0.047158
-0.077749
-0.000635
-0.103056
-0.001563
0.052238
0.030553
-0.074909
0.042214
0.019352
-0.050109
0.082670
-0.030793
-0.107835
-0.047564
0.001057
-0.082822
0.059617
0.037177
0.027768
0.046595
0.109421
0.116609
-0.053405
0.107960
-0.000789
-0.063332
0.052839
-0.038344
-0.004938
-0.094460
0.107194
0.081393
-0.062560
-0.051902
-0.087695
0.104008
-0.036730
0.086966
0.021180
-0.041428
0.013657
-0.042973
-0.051280
-0.079003
0.044216
-0.013714
-0.024518
0.080761
0.050734
0.073702
0.014780
0.084327
0.045478
0.040880
-0.084152
0.042972
-0.011527
-0.056983
0.072204
0.013024
-0.097974
0.096112
-0.051663
0.085324
-0.045557
0.068187
-0.013107
0.011854
-0.019698
-0.065512
-0.040067
-0.035120
0.105470
-0.093601
-0.009080
-0.035550
0.054920
-0.057405
-0.003563
0.023295
0.075761
0.059914
-0.111418
0.000077
0.028346
0.030246
0.039629
-0.079991
-0.047117
-0.007226
-0.094554
-0.110150
-0.109341
0.052812
-0.005481
-0.093648
-0.023474
-0.108676
0.043237
0.038240
0.112376
0.006192
0.104010
0.010631
0.046653
-0.082376
-0.002191
-0.085776
-0.076874
0.038144
0.077734
0.027598
-0.110440
-0.031576
-0.000132
-0.107613
-0.073469
0.062304
-0.048534
-0.021788
-0.096384
-0.034217
0.090494
-0.099801
0.028381
-0.097532
-0.098634
-0.054917
-0.101037
0.060681
-0.042554
-0.018448
0.018631
-0.001360
-0.041970
0.031142
-0.039176
-0.076898
0.108933
0.055966
0.042861
0.075088
-0.015496
0.110011
0.028861
-0.020859
0.051091
-0.060915
-0.072552
0.044100
0.049347
0.024614
0.072516
0.077107
0.058669
0.112294
-0.083733
-0.010836
-0.059690
0.026489
0.067512
-0.109204
0.103908
-0.100552
-0.037587
-0.077280
0.062308
-0.080907
-0.034294
0.080037
-0.021900
-0.113189
0.069653
0.051128
-0.012482
0.085318
-0.105932
-0.016695
0.093481
0.020304
0.013689
0.016866
0.043594
0.059362
-0.071912
-0.027495
-0.099302
0.108357
0.035914
-0.005722
-0.097510
0.086115
-0.093775
-0.007504
-0.042794
-0.083036
0.007623
-0.012916
0.059472
-0.116821
0.041139
-0.036866
-0.029013
-0.077216
-0.111539
0.087249
0.051600
-0.118031
0.090097
-0.088602
-0.060100
0.054669
-0.049024
-0.077927
-0.116261
-0.020054
-0.036543
-0.037816
0.085147
-0.042583
-0.097085
-0.059240
-0.105485
-0.032074
-0.089276
-0.107153
-0.038594
0.002825
0.087895
0.066721
0.090088
-0.050853
-0.056668
-0.010598
-0.019539
0.086377
-0.029875
-0.065560
0.039690
0.115168
0.022402
0.043523
0.011675
0.057336
0.095507
-0.098181
0.098775
-0.067582
-0.028791
0.017407
0.038531
0.018345
-0.011335
0.089332
0.057399
0.047928
-0.053328
0.098156
-0.106316
0.076553
-0.063607
0.014886
0.084528
0.034021
-0.000438
0.010411
-0.095210
-0.086523
-0.040411
-0.089547
-0.111507
0.017747
-0.060805
0.007885
-0.056049
-0.083503
0.086205
-0.035252
0.083145
0.092176
0.098350
-0.038597
0.054158
0.063917
-0.035306
0.033219
-0.089776
0.075129
0.036068
0.021549
-0.037723
-0.028152
0.112586
-0.088928
-0.113627
-0.066945
-0.061284
0.081946
-0.108539
-0.097111
0.072318
-0.113604
0.005240
0.032137
0.066922
-0.099822
0.064398
-0.110668
-0.103730
0.056056
-0.035623
-0.023567
0.043859
0.021547
0.030981
-0.036462
0.000588
-0.049852
0.114329
-0.006708
-0.099944
0.002768
0.035584
0.087556
0.008872
0.087874
-0.110914
-0.023260
-0.030193
0.001382
0.103879
-0.093306
0.021231
0.012288
0.003081
0.020373
-0.110423
-0.075930
0.083024
-0.063903
-0.068327
-0.094172
-0.065131
-0.051988
0.056039
-0.062654
-0.021228
0.052748
-0.062673
-0.087593
-0.106375
-0.058376
0.098631
-0.044635
0.102170
0.004530
-0.103506
0.112027
-0.056213
-0.095788
-0.003405
-0.052670
-0.063816
-0.018037
0.117375
-0.058618
0.083907
0.116327
0.036445
0.068975
-0.036407
0.085790
-0.086710
0.004745
-0.075198
0.021968
0.017308
0.053729
-0.000893
-0.007031
-0.115704
0.041354
-0.113343
-0.070948
-0.092644
0.116195
-0.019015
-0.117487
-0.082234
0.042350
-0.088392
-0.084389
-0.054318
0.000745
-0.033629
-0.057639
-0.083763
-0.079286
0.073642
-0.061256
-0.000953
0.111964
-0.031736
0.076489
-0.058945
0.046002
-0.113219
-0.102160
0.101759
-0.003800
0.050347
0.044745
-0.026203
-0.015827
-0.033749
0.112813
0.052573
0.002454
0.032813
-0.072832
-0.017210
0.093585
-0.095792
-0.062344
-0.107512
0.097117
-0.015093
0.031788
0.023380
-0.105516
0.092771
-0.104054
0.080396
0.116313
-0.017463
-0.088643
-0.106513
0.048136
-0.068547
0.065548
-0.046142
-0.016815
-0.051191
-0.081501
-0.022941
0.078956
-0.096858
-0.086642
0.099956
0.046692
-0.069867
0.098793
-0.099854
0.109281
-0.101340
0.046868
-0.038994
0.058857
-0.018945
-0.085676
0.019390
-0.063546
0.020121
0.110539
0.044743
-0.078300
-0.059885
-0.012127
-0.065192
0.019374
0.050893
0.105043
-0.071804
0.069842
-0.010520
-0.050873
-0.105080
-0.016778
0.103131
0.018748
0.093959
-0.064788
0.098876
-0.021479
0.095961
-0.104259
-0.101652
0.042797
0.084000
-0.008368
0.058786
0.038167
-0.020361
-0.102123
0.078788
0.033820
-0.005461
0.069356
-0.047855
-0.030786
0.084773
-0.044783
-0.039564
0.033964
-0.047475
0.095781
0.008466
0.051986
-0.056975
0.028921
-0.008926
0.096636
-0.062433
0.013496
-0.027114
0.019643
0.015911
-0.114540
-0.016350
-0.053490
0.034932
-0.041505
0.009126
0.025184
0.011218
-0.047526
0.039660
0.102952
-0.046390
0.017693
0.110384
-0.076656
-0.086844
-0.087771
-0.061859
0.048182
0.111919
0.035196
0.074500
0.005298
-0.069652
-0.025453
0.015324
0.039351
0.051572
0.090848
-0.080858
-0.089182
0.104011
-0.110036
0.045289
0.079093
0.101169
0.016529
0.038585
-0.037664
-0.028111
0.111747
-0.077271
0.102154
0.010015
0.057836
-0.013115
0.072640
-0.012454
0.015238
-0.004857
-0.029207
0.071493
0.115003
0.034141
-0.109064
0.063926
0.014188
0.079727
0.089327
0.053689
0.088777
0.051017
-0.053091
-0.011842
-0.106928
-0.032514
0.065715
0.031807
0.079751
0.005987
-0.057872
0.061516
0.066661
-0.078911
-0.019266
0.011959
0.113593
0.094707
-0.104922
-0.055446
0.113870
-0.024921
-0.061897
0.103556
-0.055175
-0.081119
-0.102279
0.050339
0.001092
-0.058057
0.088534
0.076358
-0.029303
-0.002992
-0.036688
0.057741
-0.063331
-0.102458
-0.098112
0.015170
-0.033969
0.089274
0.104179
0.116682
0.040075
-0.010745
-0.101732
0.116320
0.075197
-0.073402
-0.040919
-0.056487
0.034795
0.071958
-0.060815
0.015846
-0.007957
-0.106048
-0.019417
0.037477
-0.039430
0.078579
-0.104916
0.056558
0.071504
0.032664
-0.075132
-0.101146
-0.107373
0.016628
-0.022417
-0.087373
-0.017325
-0.072256
0.028634
0.014968
0.041404
0.002139
0.011507
-0.017828
-0.085310
-0.071790
0.039344
0.060136
0.085371
-0.027286
0.111373
-0.096697
0.018257
0.085005
0.027269
-0.098907
0.111494
-0.104363
0.062418
0.062931
-0.101253
0.030930
0.053114
-0.071088
0.000241
-0.027195
-0.015635
0.001332
0.007742
-0.101177
0.043111
0.080508
-0.095107
-0.014521
0.112801
-0.053814
0.079900
-0.048191
0.049370
-0.084714
-0.039803
0.011434
0.015009
-0.020617
0.077537
0.020268
-0.009605
-0.115532
0.099827
0.037258
-0.058621
0.097075
0.111824
0.096254
0.106925
-0.099006
0.008376
0.005683
0.078277
0.060504
0.019285
0.080718
-0.045583
-0.092765
-0.095673
-0.078276
0.070023
-0.105365
-0.081462
0.042834
-0.110347
-0.037641
-0.078680
-0.110316
-0.026801
0.114130
0.055330
0.024433
-0.112138
0.025131
0.062312
0.061172
0.008223
0.075698
-0.083208
-0.000482
0.006081
-0.070328
-0.029487
-0.067850
0.062029
-0.015589
-0.105130
-0.052847
-0.116319
0.041406
0.094778
-0.003702
0.077851
-0.040284
0.102499
-0.085002
0.059315
-0.000166
0.050347
-0.103057
0.108379
-0.001708
0.117105
0.031873
-0.089375
0.048236
0.018302
0.113204
0.046447
-0.098983
0.048252
-0.114171
0.040746
-0.000569
0.109146
-0.086603
-0.015954
-0.099925
0.035158
0.056971
0.115716
-0.027871
0.101583
-0.018681
-0.002877
-0.099338
0.005111
-0.113951
0.032892
-0.113039
-0.073060
0.113049
-0.021415
-0.113816
0.045692
0.056078
-0.046486
-0.021655
0.042972
-0.053881
0.023545
0.079233
-0.115601
0.020663
0.114498
-0.019450
0.049481
0.003962
0.084303
0.058965
-0.109872
0.061785
-0.005116
0.009102
0.091560
0.054226
0.014696
0.024008
0.083516
-0.024518
0.033069
0.040677
-0.011130
-0.103885
-0.100994
0.010048
0.118014
-0.041743
-0.078643
-0.068688
0.109603
0.032248
0.077181
-0.110200
0.019638
-0.032180
0.016760
0.017030
-0.053073
-0.014251
-0.088047
0.112509
0.117182
-0.068622
-0.039134
0.066083
0.019340
0.096581
-0.001779
0.061404
-0.056082
-0.002131
0.092374
-0.079485
0.034270
0.115871
-0.027371
-0.078478
-0.035282
-0.023060
-0.101060
-0.014257
0.089831
-0.053634
0.057568
-0.001365
0.111075
0.063444
0.063849
0.065322
0.085959
0.045313
-0.019991
-0.035015
-0.082281
-0.094765
-0.012969
-0.091403
0.100944
-0.041813
-0.051816
-0.008339
-0.058312
-0.030079
0.047932
-0.057149
0.000961
0.000660
0.055639
-0.037189
0.039781
0.092527
-0.093528
0.109629
0.002119
-0.002223
-0.099767
-0.049462
-0.054129
-0.089827
-0.001809
0.100430
-0.008419
0.107092
-0.041761
-0.095246
-0.050241
0.025021
-0.031164
-0.042293
0.030432
0.044962
-0.040737
-0.038802
0.105145
0.103304
-0.091803
-0.036738
0.017411
0.080840
0.103820
0.052183
0.001171
-0.003081
-0.063557
-0.093364
0.095901
0.080038
-0.066872
-0.030671
-0.056499
0.097543
0.017397
0.045774
0.033710
-0.017126
-0.101504
0.093935
-0.011868
0.016026
-0.107694
-0.087496
-0.067114
0.080806
0.001578
-0.044545
-0.088661
0.076666
-0.045476
0.027572
-0.019066
-0.012011
-0.099906
0.050812
-0.091758
-0.054214
-0.004267
-0.006628
-0.010295
-0.082667
-0.100370
0.093551
0.001989
-0.079520
-0.034745
-0.037233
-0.105168
-0.027058
-0.053455
-0.031005
0.038158
-0.102244
-0.049467
0.035516
0.018874
-0.021176
0.105997
0.038677
0.017704
-0.063239
0.049532
0.112326
-0.013828
0.005194
-0.087058
-0.080904
0.010188
0.029310
-0.099326
-0.033028
-0.056187
-0.007630
0.096857
-0.063611
-0.101559
-0.022604
-0.081610
0.076657
0.036082
0.027806
0.051445
0.100947
-0.092742
-0.102843
0.005427
0.005638
0.092072
-0.049342
-0.078713
0.082816
-0.086140
-0.016142
-0.005014
0.114650
-0.027378
-0.114209
0.114883
0.004976
0.040968
-0.051274
0.066879
0.044592
0.095016
0.074068
0.103624
-0.014235
0.117756
0.033797
0.028374
0.051943
0.069825
0.078654
-0.043130
0.004250
-0.078967
0.029935
0.085740
0.090986
-0.064922
0.062398
-0.115532
-0.051346
0.079797
-0.057069
-0.085800
0.094707
0.007230
0.056570
0.081961
0.105132
0.035750
0.086231
0.092705
0.086548
-0.045279
-0.108880
-0.033603
-0.013747
-0.001149
0.117235
-0.087412
-0.113734
-0.020083
0.036620
-0.022494
-0.036819
-0.065067
0.079587
0.004932
0.058629
-0.009641
-0.115059
0.017577
0.036618
0.070932
0.062310
0.074271
-0.106692
-0.024204
-0.009438
0.065863
0.097627
-0.042089
0.059481
-0.008446
0.000493
-0.115444
0.080060
-0.035833
0.079891
-0.047494
-0.108153
0.113845
-0.113702
-0.104975
0.041541
-0.117879
-0.111801
0.002921
0.067573
0.027001
-0.013339
0.065842
0.116888
0.088380
-0.015445
0.023965
0.025049
-0.054254
-0.078770
0.047483
0.052967
-0.107060
0.010720
0.106298
0.072261
-0.001672
-0.080195
0.110496
0.020567
0.031549
0.052710
0.071980
-0.027743
-0.012530
-0.044280
0.057712
0.050791
0.114990
0.029851
0.065636
0.041982
-0.106367
0.049409
-0.028110
0.105107
0.102674
0.021312
-0.099751
-0.018430
0.093856
-0.028643
-0.103411
0.014576
0.003875
-0.089165
-0.079522
-0.082908
0.066321
-0.054664
-0.048581
0.071314
-0.045336
-0.055633
-0.073673
0.032033
-0.032636
0.022025
-0.058635
0.050370
-0.059519
0.074147
0.021880
0.085800
-0.091492
-0.080766
-0.068584
-0.063076
-0.104079
-0.065303
-0.087988
0.086014
0.006067
0.082831
0.058617
-0.056657
-0.112977
-0.005342
-0.069947
0.111463
0.049957
-0.105463
0.094790
-0.008980
-0.106965
-0.094926
0.006964
-0.042858
0.006713
0.016678
-0.006151
0.062859
0.091844
0.053674
-0.067459
0.082155
0.006768
0.068457
0.024437
-0.032295
0.117353
-0.076798
0.080856
-0.037722
0.044062
0.047002
0.017704
0.045248
-0.008653
0.034631
-0.097724
0.001958
0.084876
-0.047489
0.079537
0.006557
-0.106630
0.084069
-0.102536
-0.025459
0.095442
-0.001869
0.015783
-0.039107
-0.045490
0.016437
0.112551
0.006178
0.094131
-0.031591
0.008823
-0.067998
-0.042284
0.088969
0.089175
-0.088591
0.001510
0.069596
-0.069034
0.078438
-0.035077
0.085019
-0.077447
-0.045819
0.116365
-0.042505
0.013700
-0.083636
0.064092
-0.026362
-0.090389
0.081713
-0.025477
-0.073784
0.113532
-0.099017
0.101277
0.061073
-0.039923
0.071497
-0.070665
-0.053584
-0.094375
-0.053398
0.028816
-0.087830
-0.089754
0.038542
-0.057214
0.085857
-0.095510
0.077173
0.030594
-0.054363
0.059841
-0.051635
-0.026222
-0.045165
0.040644
-0.052622
-0.030521
0.020521
0.044965
-0.033730
-0.109063
-0.108215
-0.075654
-0.009840
0.027836
-0.073667
-0.089169
0.096849
0.030613
0.070024
0.054914
-0.018730
-0.038991
-0.042961
0.037534
-0.029831
-0.064447
0.045063
-0.042553
-0.052731
-0.055387
0.024042
0.046934
-0.055766
-0.086711
0.027691
0.023336
0.031343
0.030310
0.063544
0.094941
0.013440
-0.026344
-0.055056
-0.104926
-0.096510
0.009308
-0.108013
0.045461
-0.060124
0.007632
-0.096442
-0.107337
-0.101151
-0.065455
0.003965
-0.009213
-0.095517
-0.051683
-0.035989
0.090946
0.085566
-0.077843
0.066964
0.027363
-0.066329
-0.017723
-0.056624
-0.033712
-0.098121
0.028508
0.102113
0.100185
0.055544
-0.101198
-0.099743
-0.086033
-0.104869
-0.050807
-0.071748
0.038254
-0.070335
-0.056711
0.006889
0.055536
-0.051391
0.064623
0.087366
-0.114900
0.117618
0.046419
-0.017190
0.050772
-0.013838
0.026604
0.023520
-0.091633
0.084736
0.002007
-0.107159
-0.009088
-0.035917
0.046799
-0.037377
0.064730
-0.024670
-0.009730
0.066146
-0.002431
0.012058
0.082343
-0.039439
-0.002182
0.105129
0.069783
0.011336
-0.031758
-0.079923
0.016570
-0.005080
0.044470
-0.061582
0.107777
0.052208
-0.082753
-0.081274
0.021328
0.100524
0.107402
-0.008886
0.008353
0.076103
-0.108093
0.108833
0.104317
0.070592
-0.103423
0.038479
0.091870
-0.097082
0.076066
-0.040976
-0.010757
-0.068898
0.005012
0.000389
0.092135
-0.031021
0.028933
0.092677
-0.000263
-0.087824
0.008946
0.056743
0.084792
0.098758
-0.082301
0.029850
-0.058626
0.000187
0.008763
-0.113596
0.042957
-0.071792
0.036885
0.064852
0.089716
-0.105614
0.100220
0.113718
-0.102079
0.101231
-0.113887
-0.032855
0.057834
-0.012699
-0.113121
0.040207
0.026815
-0.053718
0.026463
-0.015673
0.114937
0.009813
-0.091244
0.114956
0.052610
0.100695
-0.035093
0.012763
0.033523
0.108811
-0.050135
-0.047665
-0.070176
0.069029
0.105965
0.039894
0.066375
-0.066282
-0.089021
0.017155
-0.096384
0.063255
-0.101749
0.097457
0.001406
0.044377
0.117187
-0.062452
0.011704
-0.053117
0.090835
-0.078219
-0.062913
-0.009521
0.102202
0.067799
-0.025535
-0.048066
0.112255
-0.110766
-0.052456
-0.088027
-0.058954
0.008707
0.098396
-0.032562
-0.065869
0.006141
0.090995
-0.115835
0.017109
-0.036511
-0.115152
0.109782
-0.067488
-0.110730
-0.007035
-0.082290
-0.113491
-0.030293
-0.012611
-0.100420
-0.016361
0.110056
0.092511
-0.027119
-0.028644
0.063091
0.033455
0.058867
0.115292
0.020136
-0.104990
0.066610
0.074896
-0.057360
-0.048126
-0.043744
0.029310
-0.078157
0.089824
0.013217
-0.105987
-0.016594
0.016957
0.032814
-0.005025
0.087338
-0.066260
-0.010695
-0.059140
-0.042836
0.030422
0.007999
-0.058240
-0.041695
-0.043156
-0.055078
-0.084999
-0.112442
-0.060027
-0.038296
0.007919
-0.005234
-0.079305
0.099678
-0.015075
-0.055287
-0.002269
-0.071965
0.036106
0.063195
0.109589
0.117959
-0.110777
0.062800
0.074688
-0.083211
-0.088533
-0.029075
-0.069285
0.113958
0.082753
-0.117715
0.080446
0.013328
0.105085
-0.057106
0.030884
0.072983
-0.059304
0.075285
0.035044
0.089784
-0.083061
0.074924
0.101059
0.047516
-0.080186
0.007248
0.039910
-0.102235
-0.054538
-0.024333
0.040685
0.041268
0.024767
0.104752
-0.027388
0.013900
-0.014541
0.038607
-0.001816
0.012487
-0.018965
0.058729
0.009286
0.041047
-0.058406
0.069997
-0.078100
-0.046337
0.012027
0.032063
0.097384
0.081475
-0.054804
0.054765
0.082313
-0.048141
-0.109262
-0.053061
-0.083282
0.078143
-0.062629
0.013382
0.044634
0.050749
-0.017968
0.095429
-0.049882
-0.021516
-0.077436
0.047832
-0.060131
-0.098601
0.090276
0.103032
-0.057836
-0.025620
0.109342
-0.003563
0.111218
0.085905
0.102962
0.057156
-0.057694
0.117799
-0.097849
0.106940
-0.035947
-0.109707
0.026552
-0.092522
0.095777
0.021175
0.060406
-0.054619
-0.041898
-0.060265
0.078508
-0.106709
0.090796
-0.088087
0.093497
0.103122
0.114383
-0.104350
0.107419
-0.094840
-0.027704
0.070537
-0.075074
-0.068606
-0.022575
0.106247
0.047766
-0.093290
0.010204
0.014652
0.061975
0.053622
-0.006443
-0.024272
-0.072024
0.037209
-0.089303
-0.034869
-0.091373
0.110196
-0.049850
0.041053
0.011121
0.007133
0.001766
0.015883
0.049172
0.105164
0.024621
-0.051244
0.117392
0.074792
0.078849
-0.042013
-0.106226
-0.060342
-0.113043
0.019833
-0.045485
0.050728
0.072149
-0.078236
0.000952
-0.070196
-0.089012
0.028122
-0.040156
-0.096811
0.017271
-0.089840
-0.073450
0.110512
0.043607
0.074868
-0.040909
-0.065118
0.100879
-0.021096
0.075350
-0.057944
-0.088281
-0.072116
0.032231
-0.101706
-0.017496
0.033313
-0.073389
0.095763
-0.065440
-0.018390
0.108488
0.012302
0.021990
0.056325
-0.034210
0.026366
-0.106828
-0.030600
0.056816
-0.085243
-0.001089
0.034016
-0.109743
0.061943
-0.072468
-0.042270
-0.007558
-0.039736
0.065750
-0.017139
-0.013405
0.097652
0.012539
-0.078605
0.019089
0.013980
0.008224
-0.079679
0.038316
-0.108775
0.032495
-0.014816
-0.024015
-0.033098
-0.065316
0.059405
0.099883
-0.110045
0.017556
-0.018971
0.045835
0.114255
0.037786
-0.069932
-0.066947
0.022571
0.090278
-0.074760
0.097005
0.115630
-0.084957
0.028621
0.100657
-0.041862
-0.015531
0.078598
-0.086009
-0.110464
0.105048
0.095567
-0.035057
-0.048871
0.066502
0.007150
-0.102855
-0.069978
-0.100300
0.092565
0.105627
0.005924
0.029663
-0.084243
-0.066775
-0.049797
-0.035170
0.010469
-0.075438
-0.101207
-0.010924
-0.007717
0.094375
-0.067643
-0.018340
-0.111303
0.080223
0.103173
-0.000005
-0.024226
0.099555
-0.031255
0.102970
0.002520
-0.067198
0.070506
0.072842
-0.088725
-0.056358
-0.093832
-0.031208
0.072099
-0.073952
-0.114135
0.117118
0.085274
0.070925
-0.032612
0.065894
-0.047402
-0.114110
-0.058369
-0.023769
0.069421
-0.109905
0.101258
0.054795
0.016227
0.051278
0.089963
-0.067696
0.106483
-0.112785
0.077989
0.086885
-0.000599
-0.085486
-0.017757
-0.033530
-0.010464
0.020945
0.070506
0.056198
-0.105649
-0.058773
0.084672
-0.107983
0.100014
-0.087733
-0.017921
0.000953
-0.041687
-0.050847
0.107828
0.003647
-0.032491
0.094526
0.116584
-0.049169
-0.035818
-0.091599
0.018229
-0.035989
-0.089621
0.104074
-0.058516
-0.111009
-0.058118
0.093648
0.113903
0.073082
-0.098424
-0.056815
-0.052619
0.104707
0.052031
-0.055930
0.048484
-0.088388
0.007040
-0.086987
-0.097030
-0.025355
0.083147
-0.037020
-0.049247
-0.083563
0.100207
-0.039189
0.028202
-0.047220
-0.063951
-0.049072
-0.045116
0.083686
0.016390
-0.076126
0.000911
0.049088
-0.060241
-0.105597
-0.088348
-0.037331
-0.027200
-0.091609
0.069729
0.097387
-0.117699
0.045013
0.034032
-0.044472
0.064194
0.029429
-0.113131
0.109048
0.019503
0.117722
-0.008023
-0.029623
0.065590
-0.049655
0.048854
0.028647
-0.073636
0.043549
0.014057
0.027353
0.099929
-0.041604
0.022761
0.061019
-0.105956
0.017345
0.005740
-0.074660
-0.048525
0.073884
0.029650
-0.027955
0.052630
0.083900
0.045132
-0.027591
0.087176
0.020807
-0.040720
0.052680
0.095919
0.077337
0.069391
0.037804
0.110579
0.078923
0.004654
-0.047044
-0.032232
0.065015
-0.114079
-0.033050
-0.095413
-0.041481
0.073624
-0.029025
0.083495
-0.113193
0.075113
-0.096523
-0.091510
-0.104012
-0.054223
-0.061804
-0.006066
-0.037991
0.094221
-0.006480
0.102396
0.037846
0.107542
0.112789
-0.105658
0.097272
-0.029917
-0.008149
-0.043045
-0.017713
-0.026183
0.004356
-0.093196
-0.080037
-0.112000
0.010259
0.105732
0.114867
-0.035356
0.060911
-0.109645
0.090981
0.085844
-0.035611
0.090684
-0.056529
-0.102027
0.016598
0.058398
-0.092663
-0.013277
0.097881
0.066908
0.107774
-0.007446
0.113392
-0.086071
0.112486
-0.109617
0.054878
-0.025355
0.010055
0.009974
0.049322
0.115522
-0.047043
-0.023352
-0.028557
-0.060669
0.019447
0.020972
0.012838
0.062497
0.012945
-0.083908
0.116543
-0.109547
0.031432
-0.063283
-0.019513
0.038704
0.030175
0.019950
0.043517
0.026375
-0.020293
-0.079760
-0.066809
-0.036711
-0.000820
0.052720
0.082484
-0.052819
-0.044405
-0.044962
0.077224
0.052898
0.074663
-0.106758
0.019069
0.040516
-0.061816
-0.082179
0.098338
-0.037925
-0.019102
-0.023941
0.024268
0.095740
-0.053671
-0.046535
-0.022012
0.091274
0.084977
-0.100293
-0.069503
0.033913
-0.078719
0.034717
-0.013172
0.021332
-0.003439
-0.015717
0.055547
-0.016706
-0.053223
-0.102081
-0.102970
-0.018797
-0.065939
0.014305
0.079970
0.005289
0.081510
0.039326
0.116281
0.094282
-0.098017
0.079746
-0.002584
-0.081051
-0.069820
0.114777
0.080575
-0.062381
0.062873
-0.028459
-0.102404
-0.043678
-0.038219
0.094614
0.009074
-0.048679
0.114150
0.104164
-0.058848
0.049786
0.024279
0.085493
-0.089159
-0.048270
0.029135
-0.044113
-0.059939
0.004799
0.117982
-0.020660
0.112630
-0.107865
0.074606
-0.036767
-0.006711
0.044170
0.030796
0.022825
-0.024083
-0.011599
-0.019897
-0.077039
0.001511
-0.087754
0.069653
-0.087723
-0.091004
-0.049224
0.115140
0.070477
0.032648
-0.113785
-0.049338
0.048209
0.018442
-0.096499
-0.004343
-0.041177
-0.077187
-0.088125
-0.058275
-0.035625
0.021794
-0.025392
-0.072269
0.103963
-0.080207
0.082828
-0.031825
-0.089126
0.116278
-0.019345
0.002385
-0.021481
0.053551
-0.041440
0.084479
-0.014883
0.076962
-0.068798
0.004265
0.042180
0.039092
0.024407
-0.015558
0.073990
0.090575
-0.011366
0.100934
-0.113080
-0.009686
-0.011965
-0.071623
-0.101433
0.076282
0.093398
-0.005375
-0.056575
-0.080616
0.047317
0.057497
0.030068
-0.010218
-0.067026
0.093841
-0.013876
-0.022681
-0.014175
0.068854
-0.091500
0.031509
-0.074679
0.101181
0.069592
0.060144
-0.038564
-0.099108
-0.117666
-0.038484
-0.032988
0.116891
0.058807
0.051762
-0.100660
-0.021974
0.071388
-0.090523
0.092914
-0.042267
-0.081358
0.054210
-0.058826
-0.015941
-0.103972
-0.117178
-0.005932
0.107591
-0.003961
-0.074035
-0.117700
-0.085063
0.036665
0.017198
0.005856
0.064868
0.062835
0.016964
-0.056794
0.017547
-0.029723
0.090273
0.114179
0.003501
-0.052222
0.006847
-0.072305
-0.060556
-0.000486
-0.027846
0.054395
-0.051980
0.020307
0.106272
-0.053148
0.052043
0.001518
0.106860
-0.072809
0.083127
0.095006
-0.087462
-0.092177
-0.056256
-0.101607
0.025822
-0.093041
-0.007168
0.022706
0.036181
0.049091
0.099453
0.086451
-0.055871
0.097388
0.043472
0.024721
-0.107506
0.085660
0.107680
0.103282
0.077559
-0.090449
-0.034273
0.083219
-0.111284
-0.017077
0.048286
-0.079519
0.117057
-0.054329
-0.023379
0.009600
-0.031052
-0.043241
-0.053169
-0.009531
-0.116781
0.007501
0.020185
-0.084044
0.076652
-0.067563
-0.025705
-0.057865
-0.062076
0.025669
0.009667
-0.015844
-0.017531
0.105814
0.032311
-0.088066
-0.045958
-0.058046
0.075108
0.117020
-0.003837
-0.036325
-0.082130
0.021814
0.103836
0.097008
-0.095016
-0.010426
-0.042963
0.113465
-0.048317
-0.076460
-0.086333
0.003491
-0.023805
0.007636
-0.080636
0.041077
0.033435
-0.114359
-0.038597
-0.065416
-0.074910
0.094941
-0.076916
-0.067768
0.043872
0.059792
0.090418
-0.053186
-0.042872
-0.105623
0.038686
0.073897
-0.045749
-0.029329
0.115877
-0.021438
0.051981
0.003483
0.064542
-0.086016
-0.035659
-0.043159
0.088830
0.104905
0.011526
-0.085658
0.061747
-0.098255
0.111974
0.038098
-0.025776
0.060724
0.028270
0.007644
-0.057816
0.068332
0.005961
0.037890
0.107293
0.017693
-0.093528
-0.090446
0.001949
0.075390
-0.022290
-0.034340
-0.064918
0.019111
0.090597
0.025060
-0.018037
-0.108839
-0.089881
0.047391
-0.044010
-0.009987
-0.040014
0.074976
-0.093785
-0.081273
-0.012240
0.092873
-0.113398
-0.027982
0.104866
0.064728
0.112683
0.056040
-0.093609
-0.033406
-0.013773
0.114241
0.096367
-0.019358
0.072403
-0.073511
0.113894
0.019087
0.047553
0.072953
0.017611
0.001147
0.005118
0.009261
0.081204
0.114679
-0.038349
-0.052016
0.040729
-0.001882
0.047952
0.055387
0.019141
0.108417
0.098286
-0.111706
0.058530
0.082624
-0.022051
-0.095473
0.038050
0.092946
0.011003
0.086030
-0.070685
-0.082877
0.025076
0.037007
0.024009
-0.031040
0.041381
0.023753
-0.015255
0.083670
0.022686
-0.059551
-0.006556
0.088605
-0.036948
-0.075296
-0.066218
0.076459
0.104286
-0.045937
0.068473
-0.066067
-0.062711
-0.088090
0.081777
-0.024593
-0.023868
0.005092
-0.103875
0.029541
-0.061295
-0.039026
-0.020926
0.116542
0.073130
0.080619
0.038637
-0.088108
0.008916
-0.043670
0.060612
-0.039341
-0.018322
-0.093523
0.021021
0.097183
-0.062067
0.031828
0.092965
-0.024718
-0.078303
-0.089277
0.020795
0.066896
-0.022448
0.024725
0.065837
-0.055663
-0.040272
0.085120
-0.079818
-0.030826
-0.031763
-0.013391
0.022156
0.002234
-0.025274
-0.064469
0.091429
0.043716
-0.064372
0.065208
0.071651
-0.099082
0.014266
-0.054660
-0.021796
-0.071068
-0.070091
0.003031
-0.084727
0.058965
-0.045926
0.073119
-0.100326
0.083581
-0.055283
0.095223
0.032739
-0.037342
-0.090070
0.068052
-0.101675
0.039258
0.087716
0.057816
0.054130
-0.027388
0.069574
0.100962
0.059439
0.002944
0.103333
0.105375
0.068574
-0.095847
-0.099560
-0.086247
0.009730
0.054978
0.117973
-0.054376
0.108897
-0.036747
0.051677
0.045379
-0.024931
-0.062367
0.034251
-0.098420
0.044348
0.112343
-0.109122
-0.024442
0.090452
-0.104342
-0.060527
-0.096525
0.029994
-0.029819
-0.077148
-0.032235
0.041861
-0.002885
-0.088244
-0.019230
0.017528
0.068068
-0.017436
-0.051721
0.110131
-0.087491
0.112384
0.093480
-0.010937
-0.075345
-0.018146
-0.081009
-0.085320
0.066330
-0.073296
0.033450
0.005059
0.088020
0.037882
-0.030585
-0.111926
0.062470
-0.027649
-0.080999
0.028877
-0.060436
-0.051087
0.046740
-0.044271
-0.105959
-0.033931
0.114627
-0.114035
0.036747
-0.035100
-0.010806
-0.042356
0.108489
-0.026768
0.081924
-0.106346
-0.108005
-0.054316
0.062217
0.054254
0.114900
0.105629
0.031207
-0.034183
-0.060018
-0.013034
-0.099646
-0.077570
0.059262
-0.114959
0.037865
-0.038383
-0.050823
0.063658
-0.039214
0.012276
0.050049
-0.034484
0.005106
-0.017689
-0.096583
0.015963
-0.007779
0.024668
0.026449
-0.036119
0.052344
-0.018309
0.036194
0.032940
0.100540
0.011784
-0.010550
-0.061250
-0.074410
0.093953
0.038564
0.056265
0.099182
0.053017
-0.095617
-0.035265
0.014975
0.042732
0.057458
-0.072667
-0.108630
0.105215
-0.041766
-0.100776
0.102808
-0.057613
-0.007941
0.050948
-0.021385
0.024144
-0.062698
0.113893
-0.021450
-0.054770
0.064499
-0.066664
0.045190
-0.003477
-0.043551
0.080273
-0.067019
0.079422
-0.081811
-0.013158
-0.093025
-0.081761
-0.007492
0.044700
