-0.104397
0.007307
-0.110031
-0.119075
-0.090109
-0.014062
-0.089519
0.044531
-0.099258
0.101119
0.115042
-0.117282
0.045680
0.086428
0.077302
0.065968
0.022758
0.038809
0.109539
-0.051747
0.109401
-0.068925
0.045918
-0.002897
-0.112133
0.049195
0.113282
-0.007610
-0.023989
-0.104165
0.083713
-0.109603
-0.022962
-0.031901
0.005393
0.023689
0.075330
-0.030725
-0.086877
-0.013134
-0.060908
0.033124
-0.020545
0.020881
0.020337
0.048925
0.085740
-0.083663
0.070987
0.018471
-0.074397
0.099293
0.106346
0.035136
0.007503
-0.028660
-0.018427
0.028360
-0.089366
-0.017508
0.014450
0.016608
-0.060135
0.010391
0.018593
-0.049983
0.038675
-0.036729
0.063319
-0.001814
0.058613
0.016121
-0.113052
0.026502
-0.030908
-0.095337
-0.004324
0.022168
0.079133
-0.064448
0.101485
-0.016323
0.077151
-0.050448
-0.010492
-0.115753
0.021743
0.098125
-0.088316
0.061043
-0.030885
0.107414
0.109751
-0.067685
-0.115482
0.076837
0.008451
-0.041413
-0.025787
0.002636
-0.094125
-0.060147
0.032137
-0.033424
0.012399
-0.042187
-0.066614
0.088643
0.034854
0.005882
-0.098287
-0.103971
0.106538
-0.078351
-0.024753
-0.010831
0.022986
-0.094619
-0.117284
0.014321
0.093156
-0.054874
-0.104829
0.003148
-0.002969
-0.094804
0.019512
-0.003933
0.068066
0.006861
-0.025561
0.042794
-0.098254
-0.013481
0.089868
0.055185
-0.089004
-0.053794
-0.056813
0.028231
0.082212
-0.076606
-0.048956
0.034254
0.005667
0.078823
-0.107179
0.038431
-0.108362
-0.111785
-0.076375
-0.009163
-0.024879
0.022412
-0.032172
0.042110
-0.079417
0.010487
0.081367
0.073087
-0.099095
0.092122
0.080400
0.021272
-0.001713
-0.116109
0.050326
0.050292
-0.073572
-0.076697
-0.009383
0.076025
-0.040212
0.047637
0.008280
0.037258
-0.039181
0.040443
0.088498
0.052293
-0.018798
0.050632
0.098202
-0.108928
-0.059544
0.032324
-0.073552
0.089478
0.013263
-0.058680
0.063060
-0.035662
-0.098504
-0.065633
-0.086816
0.102081
-0.022341
-0.054043
-0.080343
-0.007110
0.041796
0.076368
-0.104994
0.023380
0.104467
-0.097504
0.094529
0.061620
-0.061462
0.023868
-0.061185
0.105003
-0.107914
0.060165
0.031821
0.109311
-0.036233
0.065516
0.069702
-0.058707
0.001101
0.104733
0.114562
0.023460
0.004848
0.041309
-0.113566
0.024512
-0.039199
0.083528
0.004562
0.012654
-0.113849
-0.040448
-0.056256
-0.072208
0.011646
-0.062198
0.005246
0.007575
-0.059481
-0.035654
-0.036142
0.054522
-0.044274
0.030686
-0.018238
0.009696
-0.089178
0.069553
-0.084656
-0.044664
-0.051180
-0.039812
0.041099
-0.052244
0.024620
-0.023857
-0.002009
-0.092486
0.015325
0.057776
0.026789
0.081097
-0.027946
0.115848
-0.014338
-0.053191
0.068819
0.051632
0.114416
0.117861
0.023722
-0.052092
-0.064768
-0.013482
-0.035080
-0.054371
-0.115864
-0.116837
-0.054454
-0.103433
-0.059697
-0.025532
0.017941
0.007490
0.036214
-0.061419
0.003990
-0.056169
-0.048949
0.003125
0.074161
-0.070039
-0.094840
0.019302
0.088378
-0.011966
-0.010598
-0.030440
0.093693
-0.100848
-0.118230
0.096120
0.093253
-0.079702
-0.064561
-0.015852
0.083375
0.055253
-0.010184
0.042556
-0.035338
0.005667
-0.028713
-0.022775
-0.032876
0.022331
-0.079932
0.058429
0.040781
-0.064579
0.075892
0.061010
-0.104765
-0.082435
0.070540
0.068878
0.006754
0.005227
-0.031008
0.054163
0.113786
-0.003329
0.076410
0.049476
0.093910
-0.033497
-0.097501
-0.075403
0.114586
-0.006577
0.065631
0.091496
0.013790
0.075171
-0.023435
-0.068069
0.027967
0.066946
0.088457
-0.003271
0.114956
-0.062788
0.073325
0.046805
0.097383
0.112067
-0.091354
-0.058067
-0.070592
0.084266
-0.114138
-0.020886
-0.007688
0.016615
-0.110291
0.087449
-0.006363
-0.072082
0.031407
-0.004978
0.066590
-0.108957
-0.054236
0.089042
0.048638
0.020772
0.097582
0.112569
-0.010796
-0.097468
-0.091045
-0.072717
0.004996
-0.058213
-0.090855
-0.000064
-0.109593
-0.030269
-0.008432
-0.048447
0.096974
0.091800
-0.065474
0.057081
-0.098669
0.080163
-0.033698
-0.031356
0.052785
-0.037842
-0.046686
-0.000371
0.095488
-0.088526
0.039436
0.058068
0.088529
-0.066384
0.105451
0.090228
-0.068649
0.019633
-0.109780
0.021787
0.052520
-0.028045
0.098713
0.084084
-0.013063
-0.081524
-0.118924
0.110061
-0.106236
0.055926
0.056249
0.105877
0.087752
-0.037509
0.108000
-0.007511
-0.006833
0.055420
0.082295
-0.019380
0.045905
-0.047414
-0.110873
-0.031462
-0.073404
-0.100605
-0.053989
-0.053962
0.048277
-0.083052
0.030669
-0.041186
0.036560
-0.105312
-0.091254
0.011616
0.116957
0.007073
-0.096585
-0.114680
-0.105669
-0.058603
-0.114780
-0.111185
0.105768
0.052671
0.097654
-0.025714
-0.062100
-0.034254
0.107991
-0.074859
0.004688
0.117006
-0.025428
-0.093056
-0.043612
0.026250
0.108476
-0.036512
0.006931
0.059033
-0.031357
-0.038454
-0.091822
-0.103867
0.099780
-0.093431
-0.098967
-0.040345
-0.074207
0.037724
0.048974
0.069720
-0.010631
0.067395
0.106029
0.028162
-0.055684
-0.016697
-0.013045
0.071640
0.112536
0.075562
-0.019026
-0.090981
-0.040107
-0.065848
-0.068624
0.100035
-0.074963
-0.003374
0.057450
0.104615
-0.023317
0.007276
-0.047148
0.073427
0.028951
-0.006859
-0.054714
-0.110903
-0.088777
-0.069256
0.001981
-0.067237
0.090383
0.073187
0.052352
0.013257
-0.071299
0.103360
-0.095096
0.040660
0.100981
-0.070485
0.007748
-0.091175
0.046019
-0.012111
0.103177
-0.017741
-0.033258
-0.013963
-0.034083
-0.092937
0.076171
0.082433
0.112042
-0.016972
-0.070308
0.037848
0.099028
0.011134
-0.104202
-0.101002
-0.114952
-0.098522
0.000982
0.114641
0.072992
0.010307
0.078115
-0.058334
0.075543
-0.071273
-0.033480
-0.081484
-0.054362
-0.102700
0.022627
0.092591
0.048746
0.050266
0.004237
0.048261
-0.010301
-0.038819
0.064181
0.070156
0.041486
0.014426
0.006274
-0.062041
0.093612
0.007733
-0.015598
-0.086247
0.033746
-0.014769
-0.055659
0.014711
-0.040427
0.058119
-0.011929
-0.066938
-0.003919
0.077192
0.087139
0.073619
-0.075083
0.058741
0.108724
0.066474
0.030308
0.036798
0.087011
0.063621
0.114387
0.060390
0.013562
-0.044348
-0.068526
0.110336
0.082509
0.020661
-0.084185
-0.107929
-0.024782
0.041195
0.063094
0.088018
0.066886
0.037259
-0.046944
0.086031
0.104149
-0.024991
-0.039534
-0.026232
0.047171
0.058516
0.112430
-0.110760
0.041135
0.107428
-0.003560
-0.101151
-0.099256
0.059037
0.079578
-0.107113
-0.037083
-0.078294
-0.088337
-0.049384
0.052781
0.065058
0.074668
-0.112596
-0.077758
0.012631
0.081689
0.092439
0.017582
-0.090625
0.053516
0.016296
0.073075
0.091817
0.080337
0.036946
-0.114009
0.015686
0.014483
-0.089433
-0.096510
0.040885
0.037112
-0.005032
0.012672
-0.098391
0.088748
0.071669
0.007765
-0.000475
0.041679
0.050177
-0.108104
-0.009630
0.066010
-0.069012
0.110119
-0.074993
0.019716
0.020274
-0.068729
0.097360
-0.031416
-0.020923
0.073451
0.076848
-0.063027
-0.048366
-0.105677
-0.015807
0.070433
0.083016
0.063185
0.092894
-0.014770
-0.074636
-0.028153
-0.096359
0.104548
0.092036
-0.014059
0.098446
-0.096528
-0.046825
0.065306
-0.052878
-0.093901
0.014287
-0.097010
-0.013565
0.115998
0.026945
0.044374
0.021307
-0.060409
0.002831
0.079861
0.058425
-0.060907
0.065283
-0.019937
-0.069722
-0.004504
0.054517
0.115898
0.118096
-0.024905
-0.104638
0.115315
-0.083584
-0.111729
-0.046973
-0.096093
0.008338
0.007352
0.100392
-0.062792
0.040803
0.004775
0.043670
-0.033105
0.090617
-0.083853
0.016245
-0.030822
-0.099701
-0.103084
0.026571
-0.069960
0.086029
0.042463
0.029834
0.115307
-0.022026
-0.114834
0.105195
-0.000542
-0.016980
0.112647
-0.022237
0.057641
-0.029746
0.048818
-0.005489
0.007959
0.040448
-0.020460
-0.009186
0.007719
-0.081320
-0.080855
0.057821
-0.029552
0.087326
-0.059952
-0.001057
0.089129
-0.048631
0.054072
-0.019178
0.043162
0.091989
-0.009290
0.100912
-0.008546
-0.011316
0.025702
0.087717
0.073719
0.086301
0.067138
0.046167
0.090917
-0.078612
0.082146
-0.060447
0.005864
-0.093981
0.074924
0.047795
0.074088
0.010831
-0.068875
-0.031520
-0.000218
-0.111404
0.003069
0.063120
-0.100442
-0.081516
0.019412
-0.116554
0.097040
-0.008075
-0.019540
-0.010971
-0.088402
0.042040
0.044507
-0.043667
-0.112125
-0.031669
-0.011864
0.092384
-0.040498
-0.019288
-0.025656
0.086287
0.057209
-0.033292
-0.021355
0.066364
0.026870
-0.052684
-0.066927
-0.000461
0.023772
-0.062941
-0.055045
0.050522
0.055088
0.013564
-0.071925
-0.037010
-0.038703
0.066049
0.118157
0.114243
0.042942
0.081080
0.038131
0.079682
-0.071258
0.110296
-0.075992
-0.074778
-0.083122
0.072580
-0.070551
0.107839
0.100531
-0.116894
-0.048328
-0.045595
-0.012849
0.088614
-0.011507
-0.016722
-0.103527
-0.063846
0.010028
-0.005806
-0.028050
0.078626
0.045573
0.099352
0.051796
-0.059550
-0.081004
-0.018455
0.095783
0.115780
-0.025970
-0.056331
-0.085845
0.011711
-0.004548
0.029940
0.040897
0.084916
-0.112973
-0.059006
-0.067685
0.110476
-0.105947
-0.078899
-0.095763
-0.094004
0.114513
0.054055
0.117933
-0.043574
0.025007
-0.010504
0.049941
0.073204
-0.025730
0.097038
-0.114871
0.011940
-0.074099
-0.085075
0.061989
-0.001910
-0.024334
0.112541
0.014127
0.086332
-0.062236
0.078639
-0.047252
0.059492
0.084496
-0.004320
0.113898
0.118350
-0.040298
-0.044562
-0.109717
-0.086987
0.029306
0.066954
0.010532
-0.056092
0.041104
0.089525
0.109625
-0.046586
-0.060996
0.090479
-0.035651
0.035050
-0.045563
0.037316
0.057793
-0.066852
-0.065787
-0.088412
0.111098
0.047697
-0.030898
-0.057545
0.018889
0.048247
-0.013118
-0.015353
0.050156
-0.025453
0.010181
0.071619
0.111453
0.021644
0.028032
0.073715
-0.004303
-0.003591
0.036055
0.066197
0.026023
0.085869
0.070842
0.105059
0.070199
0.009454
-0.018931
0.000126
0.039352
0.094720
0.047376
-0.009179
-0.041494
-0.000628
-0.018327
0.030119
0.107024
-0.061133
-0.115482
0.069473
0.040121
0.095458
0.066132
-0.028198
0.084546
0.077106
0.089917
0.030985
-0.000410
0.049132
0.095816
-0.045938
0.026704
-0.073895
0.025607
0.035526
-0.015462
0.076938
-0.001600
-0.083253
0.108329
-0.034746
0.010940
-0.067010
0.105066
0.031340
0.062752
-0.026630
0.050958
-0.088522
0.000942
0.116943
0.057279
0.039165
0.104988
0.044305
-0.008763
0.039439
0.048776
-0.039305
0.016720
0.003842
0.038204
0.087619
0.025140
-0.019720
0.013070
0.065689
-0.095011
0.073396
-0.100517
0.029129
0.114496
0.030833
-0.100446
0.003256
-0.027799
-0.108886
-0.092025
-0.095899
0.022102
-0.019155
0.070352
-0.048823
-0.028123
-0.011523
-0.039824
-0.091730
0.017140
0.036219
0.116841
-0.008314
-0.033405
0.003605
0.009494
-0.016955
0.091931
-0.065668
-0.027589
0.047016
-0.118478
0.107827
0.091053
-0.067855
0.080855
-0.030160
-0.023522
0.054380
-0.114176
0.113955
0.034345
0.006074
0.021274
0.047809
0.067582
-0.081196
0.000869
-0.071361
-0.108059
-0.100549
0.071319
0.025376
0.034419
-0.065943
0.057188
0.116832
0.012311
-0.066825
0.076674
0.034804
-0.080746
-0.025422
0.019195
0.109978
0.061457
-0.030940
0.110577
-0.099226
0.088333
-0.012404
0.008505
-0.030119
-0.105230
-0.109273
0.068664
-0.014779
0.000775
0.099223
0.061646
-0.041946
-0.113220
-0.086705
-0.078299
0.019849
-0.085264
-0.000403
-0.066905
-0.045054
0.108071
0.046203
0.023710
-0.032797
-0.041296
-0.055193
0.036278
-0.111094
-0.080944
0.008059
0.045058
0.027301
-0.039912
-0.003371
-0.049958
-0.109444
-0.070131
0.049186
0.064737
-0.113663
-0.109675
-0.038954
-0.026311
-0.060394
0.073820
-0.021095
0.039557
0.043916
-0.101569
0.116968
0.032910
-0.091843
-0.047057
-0.031684
-0.015056
-0.009471
-0.108933
0.090825
0.010641
-0.034398
0.106507
-0.078455
0.092996
-0.047204
0.027346
-0.085517
-0.071737
0.081923
-0.051427
-0.027709
0.089036
-0.010457
-0.000483
-0.028413
-0.033441
-0.008326
-0.035757
-0.023893
0.014932
-0.039177
0.072770
-0.081706
0.062148
-0.092715
-0.071976
-0.059942
-0.034758
-0.045102
-0.103317
-0.036914
0.081022
0.000992
-0.091204
0.092345
-0.060062
0.074776
-0.050305
0.022583
-0.092040
0.095645
0.101493
-0.070921
-0.055865
0.088372
0.088314
0.005126
0.030732
-0.089524
0.025374
0.041401
0.039431
0.112881
0.032083
0.028382
-0.076807
-0.007357
0.041369
-0.023026
-0.047992
0.051951
-0.063029
0.024736
-0.010387
-0.077684
-0.065010
0.104813
0.116480
-0.029147
0.008113
-0.101081
-0.016564
-0.084532
-0.018236
-0.043521
0.004823
-0.109691
0.092081
-0.096649
0.063065
0.021662
-0.047365
-0.088914
0.023795
0.096520
0.083318
-0.075759
0.034378
0.007438
-0.009100
-0.093857
0.007928
-0.028129
-0.009351
0.029653
0.004980
-0.109523
-0.107216
-0.031040
-0.101757
-0.068050
-0.114197
0.105358
0.057091
0.039102
0.097946
0.110947
-0.072103
0.061820
0.004044
0.035214
-0.110081
-0.097001
-0.024964
0.099841
0.038030
-0.037512
-0.049542
-0.005343
0.061052
-0.011485
-0.104198
0.067133
0.002869
0.051836
0.041025
0.022235
0.103799
-0.069198
-0.061601
0.026558
0.008242
0.034222
-0.072652
0.069540
0.037366
0.092281
0.084048
0.115966
0.059649
-0.003594
0.064967
0.064981
-0.074224
-0.064416
-0.013876
0.064474
-0.057813
0.113776
0.115742
0.086016
-0.023177
-0.026576
-0.115334
-0.000758
-0.110303
0.115372
-0.086018
0.051614
0.072588
-0.102536
-0.107565
-0.040431
-0.025912
-0.118611
-0.004431
-0.096622
0.105366
-0.054150
0.084991
0.116124
0.044934
0.057510
-0.088609
-0.027364
0.092256
0.061177
0.061259
0.087666
0.099178
-0.070960
-0.010356
0.086228
-0.026156
-0.033650
-0.066804
-0.035875
-0.091825
-0.107898
-0.033422
0.020995
0.079058
-0.097475
-0.062103
0.019630
-0.097513
-0.019082
-0.107624
-0.096132
0.041303
0.009191
0.054787
0.054778
0.004653
0.116690
-0.084164
-0.097207
0.087534
0.008214
0.085552
-0.049428
0.080011
-0.094957
0.052964
0.087788
0.017681
-0.025068
0.073918
0.003956
0.072698
0.076082
-0.035212
0.009929
-0.005339
-0.042721
-0.061647
-0.096154
0.054206
-0.104415
-0.031920
0.117804
0.096487
-0.055197
0.012517
-0.104172
0.061797
-0.011501
-0.113802
0.089680
0.074248
0.059547
0.051298
0.034444
-0.102614
0.046321
-0.026305
0.061831
0.028798
0.094503
0.053022
-0.089842
0.076991
-0.103482
-0.060690
0.108184
0.034057
0.034016
0.081876
-0.096414
-0.014423
0.055879
0.047783
0.104822
0.046275
-0.078652
-0.011578
0.065653
-0.092650
-0.088968
-0.046659
0.008622
-0.005365
0.072764
0.060249
-0.073588
0.098903
0.103491
-0.065476
-0.042052
0.051988
-0.015435
0.078535
-0.102448
-0.021112
0.084229
-0.096914
-0.053049
0.045900
0.044896
-0.042093
-0.116023
0.071390
0.054813
-0.051074
-0.059899
0.004464
-0.035051
0.088530
0.007362
0.108071
-0.115876
0.024876
-0.015699
-0.051621
-0.003438
-0.006998
0.103409
-0.113552
0.092600
0.049064
-0.002505
0.087575
-0.006291
0.093720
-0.007292
0.007056
-0.038985
-0.116170
-0.012435
-0.027128
-0.045470
-0.052579
-0.014624
-0.028248
-0.015312
0.008241
0.092465
0.006550
0.068214
0.101887
0.017443
0.046332
0.111315
-0.028586
-0.099428
-0.029903
-0.104433
-0.095962
0.003121
-0.063596
0.054921
0.065363
-0.075666
-0.031595
0.111700
-0.004309
-0.035176
-0.083358
-0.101137
-0.113090
0.001665
-0.020517
-0.106122
-0.057399
0.028755
-0.010716
-0.051424
-0.022476
0.054440
0.048395
0.011764
-0.007030
0.094496
0.063319
0.115974
0.063093
0.040999
-0.050139
0.060552
-0.062334
0.062333
0.098250
-0.114296
-0.055677
-0.008238
-0.103974
0.036736
-0.058162
-0.071409
0.091080
0.067525
-0.060014
-0.064422
0.052481
-0.089508
-0.006619
0.027026
0.052790
0.030664
0.003410
0.109085
-0.096403
-0.018319
-0.101305
0.071519
0.031860
-0.026933
0.066607
0.048414
0.079722
0.016682
-0.041910
0.035900
0.003095
-0.098534
0.065220
0.077718
-0.116491
-0.061001
-0.002509
-0.018214
0.116812
0.019175
0.075527
0.042093
0.038224
-0.063841
0.023050
0.071550
0.091962
-0.090366
-0.032490
0.015828
0.117495
-0.111840
-0.043815
0.011538
-0.038576
0.035145
0.103757
-0.041426
0.018671
-0.117016
0.047342
-0.113874
0.060230
0.021528
-0.006131
0.023627
-0.002123
0.099683
0.030717
-0.037551
-0.091194
-0.097149
-0.014498
0.087088
0.040536
0.065578
0.119013
0.052728
0.009597
0.002360
-0.035552
-0.086738
0.085117
0.070144
0.040777
-0.028143
0.043044
0.050521
-0.057296
0.090676
-0.002433
-0.046647
-0.049143
-0.074798
-0.069167
-0.037885
-0.043412
-0.077012
0.038507
0.006542
0.022504
0.003780
-0.113194
0.075083
0.080971
-0.083842
-0.032045
-0.009158
0.038071
0.097441
0.001714
-0.036160
-0.065466
0.041691
0.016160
-0.084593
-0.105101
-0.079276
0.077314
0.072175
0.072042
0.066774
0.073999
0.027212
0.072787
0.115501
-0.068207
-0.019806
0.031071
-0.022275
0.010285
-0.076643
0.092326
0.020466
0.081399
0.116662
-0.074526
-0.081467
0.053149
-0.030521
0.070998
-0.034984
-0.115527
0.097728
0.059830
0.075426
0.065822
0.049984
-0.074311
-0.011932
0.007410
-0.107067
0.009032
-0.103867
-0.088153
0.103152
-0.085706
0.007762
0.037672
-0.071395
0.113689
0.117279
-0.034594
-0.087658
-0.062729
-0.054279
-0.113131
0.042325
-0.025688
-0.016033
0.034812
-0.068753
0.079339
-0.028790
0.017408
0.084660
-0.086630
0.080456
-0.100216
-0.049598
0.054115
0.002770
-0.031592
0.051184
-0.019461
0.087772
0.109978
-0.093290
-0.110026
0.096201
0.031049
0.083133
-0.062416
-0.038877
-0.059077
0.081669
0.099459
-0.044303
0.083797
0.073683
0.003899
0.088242
-0.018055
0.019177
-0.115328
-0.095735
-0.041906
0.082840
0.030238
-0.023031
0.025259
0.117199
-0.039033
-0.078758
0.040245
0.070874
-0.111803
0.090037
-0.058414
0.016052
-0.065010
-0.026265
-0.005649
-0.080154
-0.018430
0.080619
0.118558
-0.025867
-0.085664
-0.097171
-0.117485
0.055878
-0.014246
-0.097683
0.013427
-0.046668
-0.045482
-0.030598
0.070278
-0.052807
0.066969
0.101865
0.028796
0.042021
-0.043797
-0.013747
0.017853
-0.070710
0.043122
-0.073790
-0.070240
0.047396
0.005864
-0.061894
-0.058784
0.074547
-0.050466
0.006838
0.002358
0.074478
0.116454
-0.076578
0.057488
0.088273
-0.017465
-0.056018
0.078106
-0.025701
-0.037361
-0.100211
-0.059954
-0.082137
-0.055655
-0.014352
-0.080095
0.091612
0.115098
0.081173
0.036209
0.088205
-0.041576
0.015510
0.072245
-0.016341
-0.034201
-0.093161
0.075570
-0.068934
0.037764
0.001802
0.062360
-0.003686
-0.045805
0.078097
0.045601
0.113669
0.046866
-0.073855
0.058899
0.024076
0.032484
0.000458
-0.092974
0.048089
0.026764
-0.070332
0.113079
0.028493
0.021270
-0.099608
0.028549
-0.100081
0.109325
-0.022167
-0.029669
-0.015571
-0.086430
-0.088924
-0.069259
0.109764
0.075311
0.074572
-0.103836
-0.082989
-0.094017
-0.032773
-0.066478
0.039627
-0.064827
-0.088334
-0.045444
0.021029
0.099614
-0.096826
0.078458
0.064422
-0.022992
-0.035669
0.014069
-0.010710
-0.032745
-0.007876
0.025115
-0.083391
-0.096126
0.012326
0.099301
-0.113557
-0.102196
-0.072895
-0.009194
-0.053263
-0.054425
0.067149
-0.081234
0.068943
-0.004125
0.057980
-0.015771
-0.009924
0.035882
0.079809
-0.012828
-0.053592
-0.026370
0.107365
-0.110456
-0.082446
0.062506
0.035309
-0.020529
-0.078884
0.036780
0.086990
-0.044488
-0.030506
-0.061874
0.023649
0.004083
-0.004590
0.103837
-0.008645
0.040946
-0.019578
-0.048847
-0.115057
0.015264
0.100008
0.012899
0.077410
0.055363
-0.004708
0.081020
0.077045
0.100133
-0.047222
0.107273
0.071521
-0.096817
0.060731
0.074871
0.074867
-0.106951
-0.087716
0.075960
0.000595
-0.032928
-0.099631
-0.052133
-0.107040
0.089092
0.075187
-0.026815
0.004163
0.015673
0.018366
0.109778
-0.112135
-0.103262
-0.017912
0.054212
-0.068994
-0.024229
0.090181
-0.105957
-0.097187
-0.100998
-0.105198
-0.015015
0.044407
0.089088
0.062140
-0.007002
-0.089059
0.070513
0.008546
-0.010026
0.026437
-0.036666
-0.053541
-0.106538
0.033505
0.068383
-0.034936
-0.105595
-0.024009
0.036331
-0.048873
0.048330
-0.092393
0.048677
-0.093374
-0.006897
-0.016310
0.014066
0.079613
0.103686
-0.038425
0.051622
0.103734
0.021355
-0.006181
0.063483
0.098462
0.103658
0.099679
0.071331
-0.058403
0.108580
0.018005
-0.076384
0.034506
-0.000839
-0.103604
0.110246
0.070193
0.049895
0.083257
0.069286
0.031176
0.107725
-0.035028
0.104273
0.111656
0.002266
-0.046483
-0.076243
0.059825
-0.026854
-0.016096
0.095981
-0.006445
0.072085
-0.033464
-0.006772
-0.038412
-0.105012
0.053740
0.049161
0.006860
-0.035966
0.078461
-0.114636
-0.060302
-0.076247
0.020845
-0.009991
-0.002477
0.094041
-0.105735
-0.116148
0.009103
-0.022552
0.110584
0.096867
-0.035485
-0.052778
0.103237
0.090028
-0.101418
0.067040
-0.099066
0.069262
-0.023421
0.049043
0.020969
-0.008282
0.100990
-0.074798
-0.108772
-0.012694
0.003903
0.049225
-0.054737
-0.114582
-0.092715
0.054795
0.111864
-0.016753
-0.023521
-0.016730
-0.008601
0.062085
0.023107
-0.016682
-0.061574
0.086595
-0.060868
-0.051077
0.091825
0.010556
0.093086
0.053485
-0.072827
0.063168
0.002830
-0.052734
-0.003728
0.100562
0.087296
-0.040528
0.012649
-0.075269
0.106957
-0.106956
-0.106191
0.081516
0.018693
-0.075205
0.029514
-0.052386
-0.115631
0.020805
0.018936
-0.040883
-0.000109
-0.000360
0.114239
-0.064096
-0.011592
-0.083969
-0.106875
-0.053741
0.078497
0.107636
-0.094100
0.070243
0.031570
-0.006414
0.073002
0.105105
0.031569
-0.065096
-0.017409
-0.029220
-0.055146
-0.061154
0.051085
-0.030247
0.039987
0.101506
0.110519
-0.115034
-0.109557
0.060301
0.023744
0.016189
-0.104927
0.024044
-0.003313
0.030567
-0.028433
0.077198
-0.030520
-0.049408
0.044627
0.003416
0.034393
-0.114421
-0.083948
0.082757
0.069108
-0.033228
0.053301
-0.078936
-0.091564
-0.035834
0.076660
0.012920
0.044039
-0.072073
0.095106
0.014658
0.034306
0.043463
0.083295
0.061889
0.089583
0.028318
0.085634
-0.062572
0.101252
0.027581
0.022826
-0.057905
0.035839
-0.059712
0.098664
0.020538
-0.044504
0.018968
0.055941
-0.054783
0.076320
-0.104313
-0.004636
-0.066521
-0.034278
0.004076
-0.065823
-0.043821
0.051587
0.007327
-0.050112
0.010201
-0.102776
0.021434
0.086860
0.043899
-0.036976
-0.048253
0.039181
-0.045405
0.064597
-0.094214
-0.049557
0.031345
0.101232
-0.048684
0.036427
0.047725
0.110807
-0.089489
0.040692
0.062445
0.019306
0.077456
0.109608
-0.005566
0.038122
-0.086791
0.042759
0.118208
0.093593
-0.046386
0.071798
-0.111006
-0.076645
0.021145
0.106436
0.043757
-0.108482
0.033077
-0.106910
-0.043890
0.069573
0.087040
-0.033047
0.058701
-0.044919
-0.041419
0.079912
0.104820
-0.046965
-0.015901
-0.101678
-0.114982
0.081639
0.027100
-0.083782
-0.053682
-0.040583
0.051351
0.007474
-0.118556
0.021865
-0.102698
0.088140
-0.036224
-0.102559
0.054879
-0.115299
-0.008516
0.026625
-0.000425
-0.049641
-0.091821
0.014390
0.052396
-0.056550
-0.096852
0.046983
0.085254
0.066833
-0.034753
-0.049354
0.086179
0.103406
-0.016648
0.020804
0.082033
0.033808
0.049738
0.008921
-0.073581
0.094216
-0.008582
0.048619
0.086829
0.101037
-0.100186
0.007695
0.047072
0.115687
0.016944
-0.071108
-0.056418
-0.054954
0.055641
0.091009
-0.103602
0.100886
0.010528
0.096184
-0.108709
0.039017
0.011678
0.070926
-0.034549
0.013817
0.099741
0.103257
0.048286
0.086721
0.081854
-0.035219
-0.042019
0.028263
-0.003682
-0.099313
0.089362
0.079597
-0.066328
-0.115892
0.023958
-0.074329
0.114526
-0.103330
-0.049958
0.076915
-0.094338
-0.031675
-0.045895
-0.114951
0.097628
-0.087935
0.094174
0.090211
-0.111063
0.039626
0.084905
0.024349
0.034196
-0.008282
0.058455
-0.109490
-0.024370
0.088169
0.057884
-0.053250
-0.084713
0.056394
0.104739
0.029097
-0.030353
-0.005005
0.013793
-0.006770
-0.011449
-0.086952
-0.021667
-0.108719
0.106400
-0.104255
0.025574
0.035708
0.060944
-0.052287
0.084744
0.072308
-0.107170
0.109211
-0.034479
0.081846
0.091793
-0.065226
0.038942
-0.010720
-0.107873
-0.100775
-0.082667
0.075342
0.035297
0.072745
0.003162
-0.061668
-0.002481
0.087169
0.000799
-0.076532
0.089644
-0.080538
0.053659
-0.086900
0.097001
0.038341
-0.056116
0.010260
0.025273
0.037416
0.097629
-0.091444
0.025719
0.025897
-0.029205
-0.061367
-0.045996
0.073972
0.104414
-0.114083
-0.075211
-0.107395
0.060938
-0.104324
0.087616
0.112790
-0.017785
0.081918
-0.099454
0.028803
-0.031089
0.092320
-0.063283
-0.079897
-0.101326
-0.110130
0.082991
-0.043900
0.012097
0.010928
0.041728
0.020991
-0.000178
-0.105524
0.108978
0.048866
-0.116398
0.040031
-0.017000
-0.073544
0.044482
-0.021549
0.049468
-0.065696
-0.068611
0.040169
0.114818
-0.004276
-0.025943
-0.094639
0.025079
-0.066758
-0.115955
-0.029556
0.004396
0.080319
-0.062737
0.068624
0.045001
0.015654
0.050957
-0.109236
-0.047814
0.043768
0.105861
-0.003513
-0.064398
-0.053600
-0.077906
0.106409
0.025397
0.039966
0.108145
0.100046
-0.031192
0.018058
0.010999
-0.002556
0.064609
-0.001977
0.089632
0.088483
-0.030205
-0.065005
-0.080592
-0.097688
0.107343
0.076957
0.065095
0.025671
0.069015
0.073524
-0.022524
0.080721
0.012083
-0.076016
0.042602
0.050453
0.116312
0.041742
-0.112825
0.003594
0.049015
0.023193
0.100009
-0.047417
-0.009367
0.012215
0.038558
0.010925
0.015111
-0.101406
0.095123
-0.060103
0.098793
0.102832
0.008992
0.027221
-0.014063
0.098978
-0.113599
-0.015932
0.080217
0.008964
-0.031218
-0.011470
-0.022937
-0.108062
0.082904
0.007985
0.028401
-0.062578
-0.079609
0.060660
0.097630
0.037677
0.008111
0.047101
-0.078855
-0.103442
-0.022279
0.055509
0.083454
-0.038398
-0.002259
-0.003593
0.092599
-0.045282
-0.030800
0.039393
-0.038076
-0.052376
-0.022693
0.019525
-0.026002
0.074384
0.024342
-0.026085
-0.036232
0.108298
0.102029
0.056986
0.069238
-0.111001
0.073541
0.095888
-0.012839
-0.103022
-0.003328
0.025746
0.067703
0.053908
0.107358
0.040352
0.106054
-0.014620
-0.006463
-0.043285
-0.117053
-0.059943
-0.029382
0.088135
-0.054647
0.047726
-0.110643
0.079826
0.076190
0.023995
-0.055156
-0.074733
0.077830
-0.031015
0.076354
0.091710
0.092259
-0.109176
0.007123
0.004917
0.044030
-0.039616
0.114833
0.039768
-0.053170
0.075926
0.088327
-0.053513
-0.019340
-0.021247
-0.049119
0.046518
-0.022955
0.009133
0.006889
0.017592
0.036910
-0.035511
0.045008
0.036391
0.110354
0.030135
-0.007880
0.097341
0.005149
-0.111793
0.096829
-0.111053
0.066283
-0.116202
0.039549
0.013705
0.090626
-0.067270
-0.072487
-0.053889
-0.052120
-0.054520
0.057756
-0.116230
0.074437
-0.092363
0.063717
-0.102269
-0.060074
-0.075757
-0.062781
0.066656
0.044355
-0.026170
0.104450
-0.057234
0.071393
0.024944
-0.051594
-0.088518
0.108952
0.023764
0.042607
-0.101955
0.025363
-0.099287
-0.032392
0.005038
0.108857
0.060764
0.007579
0.041475
-0.023549
-0.065323
0.098063
-0.097837
-0.075023
0.021812
0.028757
0.110396
0.019265
0.027784
0.058585
0.057006
-0.114073
-0.084252
0.113534
-0.077349
0.039701
-0.085571
-0.021025
0.042881
-0.105427
0.101560
0.017776
0.011825
-0.025289
-0.023281
0.106698
0.061452
0.050261
-0.089227
-0.044445
0.093131
-0.012915
-0.007766
0.111008
0.051989
0.104975
0.095443
-0.047694
0.028554
0.002366
-0.031170
-0.109771
0.040768
-0.030551
-0.108250
0.074634
0.100290
0.016473
0.080417
0.052164
0.097448
-0.029487
-0.016047
0.114473
-0.023775
0.095956
-0.043349
-0.011273
-0.056721
-0.060303
0.083023
0.109251
-0.072560
0.105772
0.056644
0.090690
0.060063
-0.024144
-0.035367
0.108514
-0.066165
0.105901
0.116218
0.026294
-0.023560
-0.057260
0.052850
-0.098837
-0.090560
-0.056241
0.091836
-0.061238
0.099730
0.011237
0.005746
-0.038403
-0.070578
-0.112023
0.057718
-0.020479
0.013737
0.015719
-0.009029
0.080852
0.064678
0.082650
0.032925
-0.076389
0.046377
0.008822
0.056924
0.082044
-0.060348
0.102716
-0.091724
0.032681
0.087551
-0.020382
0.041198
0.034085
0.018278
-0.093793
-0.035427
0.077859
-0.095486
0.060049
0.014475
-0.105317
0.059686
-0.056955
0.094791
-0.039616
-0.022889
-0.081443
0.098492
-0.013065
-0.044998
0.088591
-0.103051
-0.054866
-0.009692
-0.000580
-0.031092
0.000414
0.021283
-0.087686
-0.064105
-0.087970
0.061131
-0.011454
-0.031788
-0.050230
-0.104670
-0.050085
-0.105064
0.020183
-0.103693
0.019833
-0.077304
0.038253
0.085937
-0.108812
0.108932
-0.001972
0.092767
0.015876
-0.071389
0.057780
0.036337
0.045512
0.101955
0.073697
0.070960
0.115563
0.045838
0.024374
-0.094795
0.082839
-0.040548
0.080288
-0.068444
0.001878
-0.004654
0.063157
-0.025238
-0.027754
-0.010441
0.110453
0.037240
-0.062363
-0.118577
0.055383
0.115449
-0.025798
0.084892
0.030105
0.009610
-0.109036
0.045979
-0.092724
-0.098386
0.024637
-0.026455
0.106784
-0.006378
-0.006003
0.068998
0.040515
0.085529
-0.041352
0.086659
0.100082
0.056384
-0.079765
0.028324
-0.102777
0.047461
0.116813
-0.061881
0.087120
0.077949
-0.022852
0.054567
-0.027614
0.117626
-0.115580
-0.098674
0.099928
-0.041442
0.103614
-0.074136
-0.107575
0.116930
-0.081119
-0.059145
-0.097166
0.104222
-0.078716
0.108168
0.035931
0.090149
-0.098309
-0.044990
0.067326
0.107249
0.020480
0.037121
0.027058
0.069327
-0.014054
0.106890
0.028376
0.001391
0.003202
0.008064
-0.116332
-0.045458
0.086047
0.048835
0.017384
0.105184
-0.112005
0.102814
-0.109155
-0.062510
-0.065873
0.061650
0.033556
-0.074777
0.042103
0.029072
0.073919
0.005576
0.047272
-0.009280
0.058745
-0.008058
0.071102
-0.005254
-0.043766
-0.081918
0.079060
-0.110831
0.072120
-0.012994
-0.075890
-0.018864
-0.066591
0.066426
0.109725
0.080063
-0.102453
0.044392
-0.089672
-0.063482
0.017508
-0.084649
-0.016169
-0.098950
0.000752
-0.048359
0.063641
0.002248
0.089020
0.048138
-0.084257
0.072235
-0.069116
0.028267
-0.109477
0.042533
0.096530
-0.004398
-0.102210
0.075038
-0.062219
0.052844
-0.068113
-0.042319
-0.085776
0.002671
0.100337
-0.104950
0.026852
-0.089943
0.093604
-0.027481
-0.041330
-0.068777
-0.018797
0.056649
0.024993
0.095521
-0.022171
0.006239
0.109083
-0.118462
0.017064
0.078505
0.029198
0.094764
-0.010766
0.000413
0.014844
-0.088955
-0.061206
-0.109788
0.012687
-0.089454
0.028463
-0.111872
-0.010768
-0.075565
-0.083500
-0.051891
0.009983
0.111132
0.044671
0.099701
0.056339
-0.078986
0.028029
0.017809
-0.096272
0.021862
0.047114
-0.005942
0.068067
-0.086933
-0.079182
-0.060414
-0.084171
0.029393
-0.112871
0.011174
-0.024299
-0.050292
0.066772
-0.097945
-0.032308
0.003328
-0.085767
0.067569
-0.075724
0.075890
0.030044
0.084546
0.094256
-0.063610
-0.084930
0.073926
-0.032065
0.098466
-0.087117
0.116277
0.078869
-0.010372
-0.087150
0.035483
-0.085328
0.107894
0.058171
0.079678
0.078614
-0.020250
-0.037400
0.061912
-0.002214
0.061855
0.073918
0.071922
-0.055669
0.062641
-0.081180
-0.103605
-0.048149
0.061488
-0.079889
0.105612
-0.050379
-0.024334
0.106128
0.015028
0.022068
0.048620
-0.054889
-0.045213
0.052077
0.014124
0.028137
0.084442
-0.035455
-0.008731
0.039352
-0.012897
0.071735
-0.044954
-0.115740
0.055191
0.094188
0.017339
0.019204
0.057196
0.113889
0.014586
-0.059635
0.057307
0.021046
0.047898
-0.074974
0.100630
0.022869
-0.005632
0.036971
-0.084001
-0.010074
-0.028569
0.106492
0.072328
0.063660
0.054664
0.042495
-0.079413
-0.067464
0.061751
-0.011815
0.065864
0.007864
0.032667
0.052263
0.110688
0.071454
0.032115
0.094159
0.021195
-0.081091
0.020355
-0.099528
-0.091648
0.098144
0.005339
-0.104361
0.073081
0.025270
-0.029961
-0.082721
0.070207
-0.025946
-0.018606
0.116574
-0.082182
-0.071427
-0.046963
0.097880
-0.046647
0.048730
-0.029880
0.030344
0.065392
0.106270
-0.081948
-0.063114
-0.047353
0.091046
0.098501
-0.093482
-0.005453
-0.046520
0.062366
-0.100020
-0.083286
0.060637
-0.012328
-0.057623
-0.029396
0.014243
0.108609
-0.068828
0.114303
-0.115028
-0.069381
0.043465
-0.105583
0.038943
0.116525
-0.069076
-0.008022
-0.017541
0.007777
-0.076255
0.109851
-0.043877
-0.048832
0.112637
-0.078923
-0.116044
-0.055055
-0.115494
0.099566
-0.064373
0.089875
0.102435
0.018519
-0.080560
-0.024711
0.038465
0.047929
-0.055603
-0.080822
-0.007671
-0.050203
-0.009153
-0.112117
0.007005
-0.003250
0.096243
-0.100094
-0.042302
0.013637
-0.042873
-0.049789
-0.078792
0.083095
-0.006280
0.004839
0.025282
0.041006
-0.067395
-0.114311
-0.023651
0.021446
0.025074
0.055490
0.000269
-0.086262
0.047009
-0.115729
-0.061883
0.060871
0.114676
0.048778
0.054146
0.047697
0.068558
0.044680
0.012921
0.108352
0.021647
0.033862
0.116575
-0.108247
-0.045839
-0.038052
-0.010773
0.112666
0.022831
-0.096683
0.012065
-0.109178
-0.030594
0.080175
-0.041767
0.079252
0.094031
-0.013726
-0.080721
-0.007182
0.114018
0.072581
-0.112052
0.067190
-0.054330
-0.057777
-0.077139
-0.112288
0.113324
0.050152
-0.097385
-0.064271
0.074228
-0.027489
0.015958
0.041066
0.053983
-0.114591
-0.061909
-0.101093
0.116742
-0.063517
-0.047151
0.083258
-0.054332
-0.067429
0.085655
0.115755
-0.070024
0.011018
-0.109787
-0.095900
-0.087238
0.116759
0.064412
0.016776
0.055191
-0.095486
0.095010
0.065061
-0.006143
-0.110029
-0.088581
0.097343
0.005990
-0.057028
0.078737
0.078558
0.078986
0.046305
-0.024126
-0.049269
0.019323
0.092284
0.079540
-0.056972
-0.064123
-0.111367
0.033045
-0.001538
0.038514
-0.051141
-0.096977
0.005987
-0.071246
-0.020495
-0.110884
0.102486
-0.056330
0.092253
0.066257
0.063950
-0.046422
-0.056447
0.049614
0.092294
-0.010662
-0.057110
0.042282
0.003410
-0.078469
-0.015473
-0.038349
0.078932
0.068377
0.111991
0.111824
-0.083049
0.039120
-0.110231
-0.009492
0.108728
-0.106372
-0.106164
0.116093
-0.025821
0.033456
-0.016459
-0.082104
-0.088124
-0.004832
-0.009473
0.012439
-0.073855
0.105954
-0.002066
0.046465
0.005367
-0.107316
0.030897
0.018718
-0.100649
0.005366
0.028462
-0.022593
0.108365
0.076631
0.088026
-0.000068
-0.100193
-0.101584
0.005270
0.086490
0.055751
-0.079731
-0.113400
-0.027195
0.000980
-0.043192
-0.034623
-0.049127
-0.074479
0.001370
-0.055846
-0.064211
0.047246
0.004696
-0.053178
0.024652
-0.102464
-0.086027
0.085105
0.073543
-0.051064
-0.034240
-0.007559
-0.087284
-0.027076
-0.045122
0.044744
0.096304
0.004035
-0.056171
-0.116119
0.096785
-0.089812
-0.017247
0.084573
0.035831
-0.004706
0.080147
0.113826
-0.030550
-0.068579
0.098369
0.033800
0.096592
-0.060752
0.107767
0.020829
-0.006401
0.023607
-0.080216
0.114655
0.007707
-0.003997
0.050017
-0.098071
0.014133
0.043801
-0.094391
-0.023181
0.100012
-0.117691
0.054278
0.016658
-0.010133
-0.099246
-0.096187
0.011271
0.028161
0.051733
-0.060334
0.042269
0.076224
0.066547
-0.060131
0.048516
-0.071113
0.068431
0.042445
-0.084696
0.091336
0.097408
-0.043747
-0.115955
0.093762
-0.062582
0.023341
0.072562
-0.049411
-0.060030
-0.111310
0.077876
0.009668
0.079300
0.064631
0.111948
0.055658
0.072137
-0.044051
0.099422
0.075444
0.074496
0.019244
-0.086425
0.013848
0.000878
0.027519
-0.033820
0.040812
0.030590
0.042028
0.053101
0.033350
0.113652
-0.104997
0.008649
-0.010345
0.065291
-0.029782
-0.060541
-0.042531
0.057030
-0.027448
0.003286
-0.080388
0.046672
-0.025439
0.001554
0.115705
-0.077360
-0.076473
-0.091401
0.027819
-0.076181
0.033134
0.094821
0.029839
0.044373
-0.072124
-0.063450
-0.069827
-0.042146
0.107989
0.030069
-0.061323
-0.106763
0.047226
0.053146
0.000511
-0.031918
-0.058126
-0.116236
0.033724
0.037452
-0.079270
-0.005833
0.048126
-0.043060
0.107630
-0.001108
-0.049857
0.074730
-0.028721
0.002220
-0.082873
0.000428
0.104964
-0.047929
0.005638
0.077909
-0.001881
0.008702
-0.076075
0.012888
-0.002379
-0.017358
0.001991
-0.045899
0.095206
0.079312
-0.118453
-0.103904
-0.112571
-0.097783
0.070320
0.116144
-0.031813
-0.077367
0.088395
-0.078167
0.001135
0.038680
-0.088484
-0.068748
0.061877
0.067111
0.035715
0.043217
-0.091120
0.100802
0.024216
0.061765
-0.011390
-0.103749
-0.031865
0.020656
0.049633
-0.044950
-0.025635
0.019957
0.007786
-0.083427
0.025146
-0.029513
-0.004922
0.052609
0.051433
0.011408
-0.010784
-0.006639
0.090633
0.008923
-0.091260
0.012751
-0.097260
-0.088904
0.008043
-0.075577
0.081295
-0.033476
-0.036728
0.071031
0.011421
0.025955
-0.003514
-0.106384
0.045743
0.084355
0.043286
0.016659
-0.008602
-0.089747
0.085297
0.096067
-0.040327
-0.062773
-0.079751
0.099359
-0.041901
0.087309
0.074984
-0.107397
-0.001473
0.043178
0.031301
-0.077150
0.002620
0.073724
-0.069779
0.073253
0.103554
0.112897
-0.029042
0.025782
-0.049151
-0.097230
0.067761
0.070158
0.089454
-0.012596
-0.046006
0.112248
0.019334
0.090346
-0.098613
-0.074904
0.095344
-0.075547
0.024470
0.012934
-0.100887
-0.098862
0.091340
-0.117938
0.113537
0.005831
0.073097
0.074466
0.026091
0.076628
-0.112573
0.008200
0.001369
-0.093992
-0.031026
-0.084610
0.043065
-0.068987
-0.051117
0.103443
0.034663
-0.027461
0.041444
0.040768
-0.020474
-0.044306
-0.067273
-0.091406
-0.052479
-0.005583
-0.020098
0.021176
0.089404
0.057428
0.067075
0.076480
0.097885
-0.046448
0.064920
0.001045
-0.012785
-0.028253
-0.079520
-0.056313
-0.000193
0.010155
-0.112112
-0.114942
-0.068495
0.064462
0.036860
-0.028481
-0.017881
0.049844
-0.086589
0.078700
0.014842
-0.059721
-0.013228
-0.078275
-0.092488
-0.052133
-0.001679
-0.095998
-0.047443
-0.058571
0.027907
0.068288
0.062177
-0.092815
0.080800
0.114700
-0.007358
-0.080550
0.012019
-0.082504
-0.062953
0.062700
0.040682
-0.008367
-0.042847
0.101631
0.118342
0.066488
-0.015487
0.040329
-0.109674
-0.010330
-0.079721
0.076299
-0.003679
-0.106294
0.052435
0.007793
0.049093
-0.034286
0.108511
-0.021399
0.004229
-0.045604
-0.000222
-0.108745
-0.023715
-0.056821
0.029943
-0.000222
-0.047573
0.024670
-0.007579
-0.006255
-0.079471
0.100056
-0.058664
0.055157
-0.027731
0.045546
-0.004279
-0.112500
-0.022450
0.049673
0.058561
0.069501
-0.099678
-0.057253
-0.023526
0.081103
0.004019
-0.084922
-0.010455
0.022303
0.094971
-0.099251
0.025266
-0.097457
-0.095526
-0.061881
-0.108542
0.054917
0.048522
0.078834
0.056376
-0.012917
-0.080247
0.056770
0.082285
-0.068263
0.031290
-0.092182
-0.029279
0.006046
0.072931
0.093447
-0.094670
-0.075771
0.004974
-0.092638
0.071008
0.068233
0.016890
-0.086739
-0.050388
0.052386
-0.035611
-0.097407
-0.071978
-0.001775
0.065006
-0.020025
0.057963
0.078145
0.113508
0.098007
-0.102779
-0.074400
-0.069573
0.106466
-0.065162
0.010637
0.005019
0.036531
0.111846
-0.078398
0.031345
0.040236
-0.010689
0.085511
-0.078795
0.010568
-0.007908
0.057375
-0.101246
0.084188
-0.101850
-0.051634
0.095105
-0.046489
0.085447
0.023006
0.075806
0.076418
-0.018440
-0.100506
-0.017925
0.026580
0.058190
0.091993
0.008694
0.073531
-0.038909
-0.086346
-0.090477
0.033082
-0.080684
0.038104
0.013294
-0.030286
-0.072461
-0.033077
-0.077961
-0.028136
0.043537
-0.050371
-0.070668
0.008311
-0.056760
-0.050068
-0.102655
-0.056174
0.044296
-0.037225
0.014879
0.102219
-0.078367
0.117195
-0.089097
0.001386
-0.042513
0.028982
-0.065018
-0.048875
-0.074785
0.069527
0.005770
0.051825
-0.096921
0.080370
0.003524
0.097809
-0.048875
-0.090632
-0.087740
0.003995
0.099406
-0.102737
-0.009775
0.016559
-0.069891
-0.098115
-0.016284
-0.069099
0.002237
0.100027
-0.009752
0.051994
-0.079782
-0.023336
0.029953
0.004101
0.060094
0.040609
0.040139
0.077025
-0.001112
-0.001537
0.086954
-0.027863
0.024401
-0.014559
-0.095061
0.085545
-0.021173
-0.059905
0.008820
-0.082297
-0.054446
-0.083271
-0.107943
-0.112586
0.021359
0.041733
0.112039
0.074275
-0.086269
0.072942
-0.044090
-0.109100
-0.037329
-0.031572
0.082327
-0.083924
-0.061204
-0.104480
0.067147
-0.051878
0.017694
-0.026676
0.025933
-0.105343
0.101478
-0.096217
-0.001709
-0.034173
0.069427
0.057910
-0.031905
-0.013099
0.038178
-0.030076
-0.035086
-0.106531
-0.104398
-0.015074
0.112565
-0.036079
0.009602
0.003435
-0.004874
-0.073260
0.117195
0.032255
-0.056579
0.063466
0.056823
0.052364
-0.018670
0.016380
0.028177
0.058619
-0.077824
0.072621
0.071289
-0.116504
-0.026803
0.095692
-0.089777
-0.032553
0.086408
0.117890
0.025777
0.037634
-0.057873
-0.070564
-0.060821
0.116585
-0.037926
-0.035653
0.000350
-0.009507
-0.048746
0.092959
0.028772
-0.086658
0.093485
-0.083891
-0.086158
-0.052638
0.049427
0.026003
-0.014123
-0.001810
0.086191
0.031018
-0.118765
-0.012944
0.105287
-0.021728
-0.000609
-0.020719
0.009294
0.091617
-0.100823
0.020781
0.004016
-0.105281
-0.115154
0.094959
-0.098333
0.043073
0.038751
0.058602
-0.006561
-0.090251
-0.103290
-0.032508
0.024257
0.102251
0.114405
0.026874
-0.075028
-0.010301
-0.058070
-0.021065
0.043340
0.080837
-0.081557
-0.116102
0.040219
-0.032661
-0.053039
0.076685
-0.060817
0.024764
0.027163
-0.103983
-0.087572
0.052017
-0.105010
-0.031209
-0.048735
0.050706
