0.041449
0.097254
-0.080562
-0.071037
0.020629
0.111417
-0.052314
-0.082033
-0.070902
0.075719
-0.046791
0.007677
0.116996
0.043196
-0.035935
0.091729
0.058294
-0.098467
0.056296
0.070099
-0.054424
-0.083670
0.012071
0.016014
0.050598
0.059819
0.004949
-0.031276
0.043481
-0.012884
-0.013289
0.117046
-0.053708
0.115212
-0.044813
-0.061189
-0.106587
0.116006
0.067885
0.022818
0.075848
0.109902
-0.082060
-0.007937
0.080434
-0.046660
0.012661
-0.030647
0.107302
0.083359
-0.076112
0.000127
0.061674
0.117241
-0.015803
0.031913
0.087334
0.103630
-0.040948
0.041899
-0.054873
-0.100169
-0.027276
0.052606
0.028356
-0.093110
0.109018
-0.021273
-0.054980
0.097865
-0.067584
0.093157
0.029091
-0.044746
0.052298
-0.097969
0.040448
0.030569
-0.105153
-0.087053
0.091412
-0.105875
0.063161
-0.027819
-0.012762
0.003700
-0.000907
-0.008844
0.011538
-0.094691
0.015646
-0.061189
-0.047407
-0.078278
0.002048
-0.006703
-0.038797
-0.050782
-0.007632
0.033308
-0.073489
0.081491
0.071526
0.023996
0.075976
-0.023537
-0.030013
0.022454
-0.079680
-0.018663
-0.030893
-0.074054
-0.020497
-0.085355
-0.091403
-0.072548
0.012033
0.009676
0.015545
0.062437
-0.033192
0.089635
-0.099947
0.072334
0.066412
0.109896
0.016981
0.101328
0.034825
0.073652
-0.005060
-0.058750
0.051549
0.047760
-0.085573
0.104920
-0.057161
0.093675
-0.077098
0.018948
-0.029771
-0.063108
-0.036351
0.009361
-0.014635
-0.025788
-0.112248
0.067116
-0.049395
-0.005618
0.010159
0.040561
0.002574
-0.000258
0.085650
-0.093560
-0.018316
0.034790
0.007169
0.090843
0.036793
0.084271
-0.023074
-0.026011
-0.023564
-0.047182
-0.040482
-0.088631
-0.040181
0.021158
0.052597
-0.000496
-0.029745
-0.102872
-0.042923
-0.067146
0.004375
0.008642
-0.064039
-0.027988
-0.103817
0.053573
-0.091153
0.069176
0.042792
-0.115702
0.074543
0.084641
0.073386
-0.057637
-0.109261
-0.043940
-0.022305
0.053530
-0.093419
0.023609
-0.033670
0.080870
0.015182
-0.070469
0.072969
0.073809
0.100151
0.042857
0.022638
-0.102640
-0.053192
0.100360
-0.030339
0.007736
0.036785
-0.033320
0.093080
0.011471
0.105889
0.092251
0.013732
0.002302
0.116609
-0.103986
0.067941
-0.000310
0.025808
0.004698
-0.070254
0.088099
-0.002295
0.112046
0.104110
0.103303
-0.039231
0.049342
-0.101961
0.009171
-0.112642
0.093752
0.090010
-0.081635
-0.039716
-0.061525
0.019044
0.012789
-0.004926
0.024131
0.059511
0.007947
-0.086266
-0.032807
0.035529
0.091565
0.107129
0.092062
-0.061996
-0.109338
-0.111287
0.017939
0.003592
-0.022986
0.081990
-0.083691
0.076502
0.097169
0.006411
-0.061601
-0.113863
0.008619
0.046069
-0.018615
0.068514
0.005786
-0.085637
0.086905
-0.040872
-0.075139
-0.070090
-0.002740
-0.026628
0.049279
0.000548
0.058665
0.059582
0.008679
-0.047458
-0.021308
-0.062035
-0.062320
0.037342
0.073694
-0.105780
-0.043809
-0.013313
0.029099
-0.106439
0.039612
0.071875
0.081449
-0.055078
-0.113896
-0.024926
-0.083849
-0.031158
0.048063
-0.029091
-0.009760
0.006759
0.056368
-0.054044
0.037513
0.063145
-0.053676
-0.098980
-0.067903
0.080094
-0.066755
-0.061632
-0.065571
0.090732
-0.042321
-0.096421
0.096019
-0.096896
-0.076803
0.069347
-0.110504
0.077507
0.087838
0.114497
0.098659
0.094452
0.006554
0.031706
-0.030025
-0.000817
-0.062446
0.077996
0.059617
0.032062
0.072215
0.070665
0.075347
-0.061100
-0.072848
0.063542
-0.089667
0.021177
0.012880
-0.041118
-0.057012
-0.110261
-0.108524
0.059889
-0.049870
-0.067431
-0.022664
-0.092234
0.028176
0.032559
0.110825
0.115168
0.080277
0.032820
0.092859
0.009234
0.116971
-0.072872
-0.028399
0.058619
-0.108197
0.110844
-0.007247
-0.039111
-0.100161
0.047120
0.000800
0.039022
-0.070164
0.089030
0.109440
0.041846
0.023536
-0.011580
0.115794
0.067442
0.116319
0.052943
-0.072458
0.088392
-0.081447
0.062431
-0.111012
0.098609
0.106893
0.093935
-0.052307
0.094461
-0.012951
-0.078911
0.019486
0.014262
0.036002
0.047744
0.011662
-0.061122
-0.062848
0.066211
-0.110355
-0.058965
0.086779
0.057585
0.039063
0.082758
0.066757
-0.117427
0.065003
0.051012
-0.053398
-0.018305
-0.109828
-0.025877
0.082185
0.059893
-0.068484
-0.015612
-0.099213
-0.028974
-0.049569
-0.026408
0.058348
-0.013835
-0.096554
-0.070416
0.024161
-0.088436
-0.111832
0.059242
0.008030
-0.040585
0.084505
0.084030
0.063866
0.064213
-0.103953
-0.019418
0.017041
0.042901
0.114361
0.109288
-0.043289
-0.044189
0.073934
0.038060
0.083229
0.069253
0.097619
-0.097944
-0.045568
0.052185
-0.065093
-0.068345
0.017719
-0.115289
0.019142
-0.052826
-0.031835
-0.001987
-0.074783
-0.070075
0.061196
-0.097713
0.072863
0.049912
-0.097175
-0.052771
-0.048615
0.049730
0.098622
-0.039638
-0.115579
0.062719
0.037572
-0.054628
0.080143
0.066954
-0.020172
-0.045088
-0.057849
0.007716
0.110965
-0.013903
-0.009338
0.019642
0.052346
0.023723
0.030975
-0.017778
0.074648
0.082124
0.040290
0.026668
0.045132
-0.039387
0.114036
-0.064226
0.022390
-0.052183
-0.053674
0.004654
0.032571
-0.064332
-0.097551
0.095642
0.046873
-0.059310
0.084827
0.021713
0.056101
-0.080349
-0.116544
-0.041565
-0.006126
0.062442
-0.009881
-0.074777
-0.075456
0.114658
0.061377
-0.053320
0.005313
0.063052
-0.071187
-0.051122
0.000897
0.099544
0.001612
0.045078
0.070916
-0.025725
-0.052600
0.067443
0.073546
-0.115787
0.114369
-0.068630
-0.045545
0.101672
0.039904
0.081210
0.035437
0.092737
-0.041778
-0.082695
-0.101623
0.097059
-0.010499
-0.004313
0.041873
0.080858
-0.104538
0.018085
0.068795
-0.104349
0.083067
-0.001277
-0.010232
-0.086034
-0.029597
-0.114728
0.107809
0.058067
-0.097508
-0.015579
0.080412
0.053313
0.005304
0.008739
-0.038895
0.090889
-0.059774
-0.062574
0.104387
0.052339
-0.097837
-0.085580
-0.038313
-0.037448
-0.049606
-0.000020
-0.025695
-0.026246
-0.037315
0.075017
0.068191
0.022894
-0.059237
-0.001641
0.058117
-0.109423
0.035419
0.105689
-0.107921
0.067970
-0.090239
-0.030691
0.071374
-0.007045
0.115333
-0.108929
0.082236
-0.059973
-0.009890
0.034567
-0.023151
-0.004076
-0.102192
-0.039447
-0.014074
0.040003
-0.070758
-0.069404
-0.088773
0.100004
0.068274
0.111563
-0.051630
0.105742
0.089954
0.048866
0.001809
0.025904
-0.037478
0.087683
0.048507
0.008446
0.111197
-0.033081
0.034534
0.074537
0.089792
0.105160
-0.078103
-0.011908
0.074344
0.065090
0.074166
-0.113031
0.078512
0.050353
0.070812
0.069285
-0.060115
0.019085
-0.098469
0.043882
0.111392
0.072722
0.037892
-0.008334
-0.036741
-0.003639
-0.105966
-0.061165
-0.065774
0.090268
0.007104
0.104651
0.043590
0.055004
-0.015192
-0.056462
-0.080185
-0.107921
-0.073436
-0.004928
-0.007654
-0.035845
-0.008234
-0.103976
-0.091542
0.056557
0.037366
-0.093386
-0.015762
-0.037743
-0.080810
-0.019985
-0.099504
-0.078780
0.062468
-0.049774
0.005417
0.042388
0.001423
0.032459
0.002928
-0.091952
0.018184
0.019901
0.050758
0.035201
-0.100846
0.058005
-0.044766
0.112914
-0.054678
0.111593
-0.116383
-0.032802
-0.029581
-0.077808
-0.031036
0.083223
-0.068973
-0.010924
-0.117791
0.032988
-0.107135
-0.069202
0.009041
0.061599
-0.106922
-0.002127
0.073275
0.058435
-0.103086
0.096514
-0.045710
0.044056
0.115610
-0.082336
0.086922
-0.073461
-0.036360
0.076907
0.035316
0.094240
-0.069306
-0.044371
-0.019120
0.106477
0.096435
0.046190
0.055714
0.060542
-0.011284
-0.113896
0.057133
0.089988
-0.018604
0.080996
0.038732
0.103000
0.090789
0.086105
-0.031888
-0.051403
-0.038513
-0.010194
0.003136
0.115058
-0.000588
-0.030914
-0.013726
-0.086849
-0.021106
0.005480
0.038451
-0.112096
0.101418
0.071225
-0.053303
-0.004579
0.009343
0.027793
0.018713
0.016868
-0.024660
-0.058931
-0.057684
-0.080411
-0.055718
-0.043073
-0.023776
-0.078372
-0.115081
0.038169
-0.042794
0.088554
-0.042940
0.084006
-0.071620
0.064254
-0.092989
0.027277
-0.110563
0.012562
-0.036645
0.101184
0.037229
0.077944
-0.113286
-0.065867
0.042873
0.089164
0.065769
0.020062
0.087881
0.011039
0.000866
0.080756
-0.032006
0.017082
0.071107
0.021611
-0.008315
-0.111514
-0.113181
-0.106174
0.102292
-0.027002
-0.091308
0.019975
-0.055386
-0.079046
0.096223
0.023366
-0.072228
0.023277
-0.092383
0.050022
0.083577
0.042169
-0.038493
-0.109148
0.063039
-0.063072
-0.062445
-0.098015
-0.001045
0.100692
0.028949
0.044604
0.053986
-0.000436
-0.020899
0.110903
0.091853
0.103438
-0.082490
-0.020588
-0.039168
-0.060361
0.095219
0.039219
-0.041312
0.087633
-0.108559
0.089742
-0.109507
0.020038
-0.107448
-0.116865
-0.066257
-0.069266
-0.031906
0.106460
0.093570
0.006172
-0.101562
-0.026259
-0.003313
-0.058781
-0.022328
-0.012263
-0.017497
0.065993
-0.044045
-0.001441
0.082064
-0.044925
-0.077623
-0.033558
-0.072483
-0.107047
0.060952
-0.072239
-0.008321
0.111819
-0.032790
0.041729
0.052500
0.043414
-0.089702
-0.072518
0.022119
-0.006660
0.018059
-0.004719
-0.085297
0.117826
-0.040876
-0.108795
-0.090892
0.112569
0.107472
-0.066065
-0.026485
-0.048479
0.076354
0.103515
0.104026
0.063786
-0.093137
-0.051354
-0.070511
0.069852
0.072214
0.020456
-0.079114
-0.083519
-0.051363
-0.108117
-0.075439
-0.110640
0.055084
0.078018
-0.072755
0.115594
-0.066142
0.042664
0.113494
0.041552
0.002719
-0.053155
-0.091753
0.014517
0.114600
-0.062101
0.113933
-0.038191
-0.112023
-0.013155
0.022661
-0.021997
-0.002689
0.010861
0.061613
0.005355
-0.084475
0.019821
0.097202
0.036903
-0.030224
0.107952
-0.043045
-0.101608
0.013416
0.013787
0.003634
0.102498
-0.069491
-0.017857
-0.040580
0.021559
-0.096427
0.008349
0.040709
-0.047575
0.096154
-0.083401
-0.102727
-0.014386
0.000628
0.044915
0.073642
-0.075788
0.067261
0.027809
-0.021473
0.078216
-0.018500
0.059343
-0.009514
-0.019867
0.063068
0.048714
0.095908
0.083064
-0.087669
-0.028254
-0.098445
-0.092233
0.079594
-0.059986
-0.080845
-0.049097
0.029804
-0.060029
-0.073813
0.102720
0.003929
-0.000533
-0.110086
-0.044862
0.094900
-0.083246
0.003324
-0.086510
-0.044881
0.104506
-0.113348
0.063043
-0.110229
0.031217
0.005831
-0.086967
-0.099019
0.021130
0.015141
0.026087
-0.041816
-0.086941
0.001975
-0.082598
0.064481
0.094059
-0.079606
0.022630
-0.059366
-0.106333
0.033573
-0.103639
-0.034105
-0.099580
-0.098242
-0.026531
-0.086366
0.057132
0.060611
0.081312
0.050725
0.106246
-0.044907
0.047558
-0.061157
0.105880
0.029411
-0.026755
0.056049
-0.116533
-0.099593
-0.029597
0.020037
0.087829
0.107261
-0.019837
-0.002570
0.006552
0.049512
-0.051392
0.019421
0.035378
0.041715
0.087304
0.019310
0.065020
-0.042521
0.107090
0.033906
0.072075
0.022758
-0.004329
-0.007470
-0.050202
-0.067771
-0.082792
0.082653
-0.016004
0.104728
-0.048366
-0.111511
0.041534
0.007411
0.000204
-0.026705
-0.049482
-0.074807
-0.045748
-0.004477
0.024810
-0.074949
-0.031399
-0.014698
-0.023423
-0.022160
0.040459
0.021108
-0.041409
0.068623
0.040106
0.005128
-0.069492
-0.021985
-0.011969
0.071043
-0.051985
0.008443
-0.113804
0.100079
-0.020141
0.022089
-0.034084
-0.014212
0.106715
0.074574
-0.009935
-0.017705
-0.017346
-0.107011
-0.040766
0.023617
0.032536
-0.075312
0.039267
0.104005
-0.090737
0.038202
0.082785
-0.057577
-0.036772
0.049183
-0.013819
-0.000437
0.090302
0.057407
0.017389
0.073392
0.029277
0.049371
-0.076483
0.076853
0.028454
-0.019050
-0.026324
0.004742
0.051923
0.094143
-0.106323
-0.026136
-0.016607
0.069166
-0.078485
-0.044264
-0.111501
0.036104
0.052741
0.060118
0.113373
0.097820
-0.046572
-0.111963
-0.090969
-0.009314
-0.084749
0.048816
-0.004692
-0.067937
-0.079012
-0.000767
-0.077785
-0.108088
0.018980
-0.112499
0.084429
-0.082000
0.072911
-0.100295
0.045741
-0.073023
-0.030421
0.034832
-0.104595
0.054655
-0.049328
-0.107760
-0.027099
0.045184
-0.073587
0.025213
-0.059506
0.032712
0.117278
0.031316
-0.022847
-0.026258
-0.019242
0.058049
-0.102369
0.027417
-0.107708
0.101149
-0.004582
-0.030788
-0.051369
-0.089113
0.023086
0.003257
-0.072309
0.014525
0.057491
0.086042
0.106603
0.064613
0.065824
0.018245
0.002639
0.037701
0.014560
0.021259
-0.063803
0.054596
-0.072010
0.016038
-0.076387
-0.003694
0.031652
0.113150
-0.060452
0.112023
-0.091563
-0.043770
-0.024613
-0.037391
-0.102978
-0.039542
-0.073902
0.108886
0.075788
0.002786
0.042656
-0.018361
-0.014636
-0.105149
-0.039513
-0.079281
0.006622
0.087645
0.066797
0.107553
0.006604
-0.007097
-0.108674
0.103729
0.091437
-0.048501
0.077280
-0.103794
-0.117342
0.009414
0.014873
0.092432
0.104834
-0.070019
0.007750
0.065970
-0.102493
-0.084186
-0.065713
0.011948
0.017132
0.002554
0.097175
-0.006188
-0.009732
0.005978
-0.017520
0.033252
-0.063968
-0.060632
0.067361
-0.108766
-0.054767
-0.104260
-0.018983
0.016132
-0.111676
0.110613
0.077328
-0.060609
0.107312
-0.083613
-0.017957
0.040586
-0.017816
0.047000
0.099332
0.110231
0.031915
-0.053071
0.078977
-0.024655
0.048302
0.077958
-0.086225
0.096306
0.030373
-0.045523
-0.074407
-0.020908
0.003091
0.004424
-0.084043
-0.072119
-0.053685
-0.103442
0.109090
0.043680
-0.108954
0.118021
-0.021527
-0.000055
-0.070081
0.097011
-0.045617
0.103124
-0.001290
-0.075961
0.025709
-0.041592
0.101386
0.019462
0.061586
-0.106738
0.056492
0.026219
-0.103989
-0.101117
-0.026585
-0.003711
-0.049972
-0.006409
0.087732
0.078680
-0.076476
-0.085520
0.086915
0.053884
0.105058
-0.083133
0.112565
-0.088521
-0.036349
0.024468
-0.061542
0.046082
0.033002
-0.086232
-0.094023
-0.059245
0.117843
0.039505
0.023384
0.080812
-0.099481
-0.049878
0.049442
-0.065179
-0.050036
-0.039372
-0.011655
-0.011028
-0.066933
-0.059896
0.083952
-0.095133
-0.097011
0.091084
-0.056660
-0.110356
0.055311
-0.011622
-0.037298
0.000537
0.078987
-0.016917
0.000045
0.026623
0.056745
-0.011566
-0.102700
0.025859
-0.049032
-0.084440
-0.048174
0.095939
0.086905
-0.036896
-0.045991
-0.042007
0.059828
0.035932
0.077080
-0.071338
0.041252
0.030592
0.000133
0.068213
-0.034077
-0.009372
-0.006683
-0.040440
-0.007661
0.072310
-0.070894
0.069676
0.085774
0.016641
0.004684
0.009596
-0.009103
-0.074924
0.100781
-0.074133
-0.086699
0.048603
-0.107888
-0.038109
0.009364
0.040270
-0.096843
-0.050990
-0.005190
0.055948
0.073370
0.109589
-0.089987
0.043902
-0.078178
-0.006244
0.060157
0.060355
-0.083776
0.053295
-0.035292
-0.010716
-0.041124
0.077238
-0.038153
-0.018329
0.064637
0.001750
-0.035121
0.014459
0.037685
0.079185
0.115364
0.042111
0.113499
-0.073114
-0.041105
0.092919
-0.042728
-0.021248
0.028185
-0.112768
0.086079
-0.005733
0.063575
-0.051967
0.087630
-0.012030
-0.037856
-0.051100
0.041497
0.088392
-0.099620
0.021101
-0.032168
-0.087615
0.112503
-0.018047
-0.015785
0.025528
0.039585
0.021758
0.024464
0.022602
0.012306
0.004188
0.045049
-0.063729
0.035549
0.021785
0.071022
-0.076811
0.027526
0.107192
0.099637
0.101756
0.069317
-0.011860
0.073509
0.037407
0.032522
0.111486
0.104763
0.022100
-0.024948
0.015673
-0.064042
-0.103270
0.025327
-0.056666
-0.022612
-0.024151
0.054447
-0.107880
0.108487
-0.076609
-0.090813
-0.104939
0.074033
-0.102891
0.065166
0.030153
-0.069207
-0.047098
-0.079688
0.060877
0.037671
0.112638
-0.057462
0.039012
-0.030932
-0.091893
-0.017472
-0.028449
0.003114
0.115499
0.011756
0.021758
-0.029871
0.029416
-0.093992
0.107935
0.049048
-0.086356
-0.078120
0.037102
0.094626
0.111139
-0.075013
0.033149
-0.070278
-0.013755
0.111038
0.084020
0.111944
0.009384
-0.060605
-0.054471
-0.051185
0.073179
-0.017013
0.016869
-0.059161
0.063344
0.042763
-0.004326
-0.075884
0.104431
-0.035162
0.096327
0.029842
0.056927
-0.043087
0.077982
-0.109800
0.077059
-0.117768
-0.060944
-0.084461
-0.068840
0.075321
-0.065498
0.066300
0.038540
0.075278
0.014552
-0.104632
-0.041619
0.092345
-0.000317
0.077489
0.018013
-0.019329
0.084802
-0.020342
-0.042481
0.022326
-0.034906
0.018016
0.097484
-0.045963
0.063058
0.019893
-0.033738
-0.023198
0.046228
-0.006565
-0.087099
-0.074341
-0.055187
0.033335
-0.029995
0.052223
0.027234
0.038148
-0.083004
-0.069869
0.084387
-0.008451
-0.020177
0.031136
-0.049877
-0.064261
0.014201
0.083429
0.022267
0.056588
-0.015290
0.062399
0.070279
-0.072340
-0.010014
0.081140
0.071586
0.053815
0.068337
-0.056942
-0.042606
-0.114273
-0.000539
0.001513
0.013054
-0.078587
-0.044932
-0.082277
0.028194
-0.007541
-0.039515
-0.092242
0.053177
-0.105920
0.061821
0.007418
0.090135
-0.093216
-0.117954
0.112847
-0.096364
-0.092755
-0.085230
0.016314
-0.004265
0.018835
0.096393
-0.083126
-0.039791
0.084527
-0.022381
-0.104161
0.064776
0.048054
-0.048334
0.033828
0.068232
-0.105889
-0.112330
-0.036215
0.111975
0.063644
-0.042823
-0.073054
0.076937
-0.010051
0.000883
0.059512
-0.046860
0.026885
-0.086578
-0.060860
0.092482
0.006598
-0.030532
0.012950
-0.060548
0.016955
0.102531
0.026948
0.047642
-0.105015
0.028962
-0.004989
-0.077186
0.070218
-0.114286
0.001983
-0.090333
-0.035157
0.082711
0.076954
-0.090201
0.069855
-0.074074
0.016064
0.034619
-0.055831
-0.080786
-0.039135
-0.025985
-0.113464
0.004178
0.053758
-0.030715
0.103663
0.079930
-0.035310
0.087216
-0.034010
-0.110476
-0.097163
-0.099423
-0.053952
-0.015207
0.028200
-0.089919
-0.073644
-0.049002
-0.024994
0.069614
0.059265
0.007868
0.044755
0.081142
0.057399
0.093858
0.084473
0.015225
-0.019915
-0.010848
-0.020775
0.030489
-0.041912
-0.103747
0.053378
0.046113
0.003422
0.081702
0.044191
-0.076120
-0.059545
-0.075733
0.008287
0.096537
-0.004880
-0.017081
-0.109697
0.099714
0.091936
0.079331
-0.108331
0.004845
-0.061780
0.002884
-0.045443
0.033030
-0.109206
0.003863
-0.020208
-0.083913
-0.056478
0.106056
-0.057236
0.070645
-0.035485
0.089822
0.043221
-0.037223
0.059820
0.066037
-0.084519
-0.009954
-0.069697
-0.086131
-0.003115
0.100525
0.024748
-0.033711
-0.091196
0.046258
-0.086961
0.031247
0.087708
-0.038592
-0.014257
-0.018067
0.021487
0.066143
0.035679
-0.080967
-0.098446
0.063503
-0.094697
-0.088171
0.045417
-0.008443
0.055938
0.114317
0.029258
0.117966
0.103275
-0.009553
0.113622
0.067304
-0.028149
0.101925
-0.045093
0.065440
-0.003637
0.094215
-0.111351
-0.084961
-0.002161
0.117922
0.090931
0.106212
0.073524
0.010450
-0.031860
-0.035727
-0.110785
-0.052377
0.042859
0.085433
0.074778
-0.069845
-0.068583
-0.036736
-0.033963
-0.000835
0.092784
0.046522
-0.071217
-0.020026
0.024969
0.054616
0.056557
-0.083506
0.053494
-0.031229
-0.113787
0.034759
-0.044238
0.100165
-0.113312
0.020288
0.038086
0.018194
0.026468
-0.050188
-0.109105
0.021697
-0.002341
-0.050476
-0.072622
0.063349
-0.034143
0.044365
0.087416
-0.042073
0.031012
0.023998
0.091065
0.003850
0.108654
-0.097005
-0.023002
-0.073941
0.075570
0.001746
0.066061
-0.036813
-0.107759
0.095861
-0.034272
0.047837
0.108791
0.038461
-0.030722
-0.002722
0.062241
-0.078553
0.034202
0.022455
-0.007543
-0.074832
-0.013776
-0.011003
-0.033907
0.033301
0.000762
0.001191
-0.007506
-0.023937
-0.021156
0.047049
-0.108279
-0.063153
-0.067039
-0.014092
-0.061943
-0.094338
0.051477
0.019874
-0.041175
0.074507
0.028473
0.075380
-0.014947
0.044072
0.043089
0.047385
0.096095
0.057199
-0.007379
-0.022629
-0.113177
-0.087284
0.009233
0.020934
-0.090433
0.093491
-0.116111
0.097788
-0.106882
0.003669
0.118010
0.030589
-0.115804
-0.031626
0.106478
0.105802
-0.044163
-0.103872
-0.087031
-0.060983
-0.026653
0.089337
-0.085934
0.108613
0.082722
-0.097802
0.012885
0.040281
0.047298
-0.048940
0.057689
-0.001511
-0.017605
0.046759
0.006268
0.092147
0.063587
-0.086789
0.088258
-0.097962
-0.064930
-0.003981
-0.033622
0.041743
0.113476
-0.066204
0.001222
0.062849
0.029703
-0.049186
0.081599
0.105946
0.061152
0.046577
-0.068004
-0.024470
-0.113711
-0.062809
-0.057131
-0.035123
0.074255
-0.021166
0.003606
-0.012402
0.096404
0.054177
-0.028444
-0.041075
0.106728
-0.080068
-0.036597
-0.086256
-0.029084
0.038000
-0.026358
0.017295
0.026111
-0.019581
-0.040156
-0.073679
0.108543
-0.057366
0.076789
-0.065957
0.028873
0.092996
-0.081866
0.091696
0.029301
0.023080
0.041439
-0.105457
-0.004775
-0.020235
0.070088
0.033722
0.067009
0.064858
-0.016702
-0.086585
0.003922
-0.117264
0.011647
0.108788
0.056264
-0.002680
-0.022433
-0.055192
0.115396
-0.041533
-0.004724
0.084322
-0.029569
-0.016905
0.042896
-0.017881
0.007311
0.019086
-0.060075
-0.080814
0.098074
0.076982
-0.046689
0.015386
-0.077351
0.045604
-0.087336
-0.062680
-0.082245
-0.116923
0.059237
0.115501
0.018632
0.013426
0.097475
0.012899
0.102206
0.117808
0.064828
-0.108841
0.116912
-0.053443
0.003773
-0.057314
-0.081196
-0.074944
-0.096203
-0.066349
-0.067237
0.020910
-0.066928
-0.036015
-0.017198
0.041017
0.036629
-0.111202
-0.002387
0.064950
0.023216
0.065439
0.003626
-0.049127
0.038437
0.091281
0.062324
0.053466
0.079702
-0.028115
-0.112267
0.045021
-0.001409
0.056789
0.106107
0.008895
0.009041
-0.030175
0.076160
0.078629
0.107809
0.055392
-0.056818
0.040265
0.025319
0.064735
-0.105501
-0.103003
0.098679
0.052342
0.056658
0.116689
-0.026513
0.049266
0.004370
-0.049708
-0.082570
-0.046119
-0.097251
0.024103
0.110395
0.041215
0.102562
-0.047819
0.080788
-0.009389
0.046625
0.117104
0.003688
0.108855
0.018138
0.065895
0.082378
0.087787
-0.061074
-0.013272
-0.043106
-0.070314
-0.104141
-0.044549
-0.011058
0.056372
0.034887
0.112338
-0.009440
0.045864
-0.105209
0.069618
0.001397
0.062424
0.001779
-0.063824
0.073825
-0.078135
-0.048381
-0.073854
0.061432
0.059085
-0.040373
0.019539
-0.035799
-0.032235
0.092215
-0.023579
-0.110449
-0.026738
-0.100556
-0.060636
-0.077382
-0.018781
0.071586
0.072358
-0.096928
-0.008852
-0.111120
-0.077922
0.034784
-0.092592
-0.108465
-0.099696
-0.096462
0.115670
0.001773
0.003535
-0.114826
-0.067661
-0.014132
-0.020002
-0.013340
0.070408
0.097575
-0.041362
-0.039763
-0.101330
0.117142
0.064651
-0.110349
0.031701
-0.010212
-0.051552
0.074913
0.004728
0.099617
0.023581
0.006905
0.102483
0.046989
-0.082143
-0.046611
0.106503
0.040903
0.044264
-0.093914
-0.027473
0.110941
-0.111352
-0.068632
-0.090180
-0.031700
-0.014091
0.026422
-0.016969
-0.008920
-0.066260
-0.003599
-0.072366
-0.060003
-0.073388
0.102156
0.030694
0.111020
0.049278
-0.036243
0.014364
-0.079741
0.094022
0.105083
0.090914
-0.052602
-0.058051
-0.040946
-0.039164
0.043208
0.015571
-0.115361
0.084403
0.031574
0.092150
-0.055207
-0.035257
-0.011881
-0.028532
0.040797
-0.058297
0.074578
0.092896
-0.091389
-0.022337
0.057363
0.073399
0.045176
0.045806
-0.099762
-0.014412
-0.033854
-0.084367
-0.079077
0.066429
0.108646
0.090718
-0.062827
-0.020435
0.058096
-0.072606
0.015413
0.100388
-0.102530
-0.048058
0.094430
-0.092079
-0.037695
0.075073
0.019605
0.042515
-0.095543
-0.027108
0.087123
0.012661
-0.067986
-0.063553
0.114980
-0.075199
0.032889
-0.026002
0.110515
-0.066889
-0.088442
-0.096804
0.082945
0.047436
-0.029407
0.055493
-0.051240
-0.102225
-0.063701
0.096801
0.075205
-0.104060
-0.064527
0.039221
-0.095216
-0.044396
0.106829
-0.088327
0.089044
0.077797
-0.028362
-0.102227
0.043235
-0.037309
-0.098103
-0.069260
0.080362
-0.083305
-0.054021
-0.040145
-0.065240
-0.011389
-0.054239
-0.114123
-0.059031
0.091396
-0.069172
0.051973
-0.014325
-0.047083
0.015887
-0.096226
-0.099650
-0.036249
-0.093670
0.065751
0.030436
-0.004615
0.002946
-0.056138
-0.021981
-0.100671
0.026979
-0.026383
0.077432
-0.052884
-0.058945
0.019189
-0.021346
-0.112857
-0.062698
-0.093957
-0.028682
0.063277
0.055502
0.106355
-0.010338
0.094623
-0.013547
-0.029825
0.007392
-0.091295
-0.033030
-0.105140
-0.012423
-0.008686
0.113403
-0.096689
0.081945
0.009266
-0.013962
-0.046641
0.045956
0.020324
0.104935
-0.016789
0.021556
-0.049657
-0.026064
-0.101219
0.079735
-0.115601
-0.050337
0.104100
0.036196
-0.086698
0.115115
-0.027360
0.103633
0.066399
0.088192
-0.067059
0.062446
-0.102198
-0.102665
0.083050
-0.025809
-0.117475
-0.023463
-0.010195
0.027997
-0.096447
0.114282
0.067198
-0.028692
0.097120
-0.048288
-0.071118
0.035877
0.102472
-0.068796
-0.072736
-0.051984
-0.021605
-0.116478
-0.103131
0.110811
0.076729
-0.078882
0.078078
-0.071620
0.074997
0.048166
-0.076114
-0.003082
-0.053804
-0.100611
0.048561
-0.047695
0.112961
-0.013892
-0.011345
0.065954
0.021183
-0.097592
0.085506
-0.092606
-0.022165
-0.063024
0.047933
-0.082550
-0.062842
-0.023834
0.079786
-0.047319
-0.098329
0.026522
-0.075726
-0.102184
0.088733
0.082676
0.032311
-0.082738
0.062327
-0.045641
-0.067249
0.114796
-0.008996
0.094962
0.054862
0.022832
0.042978
0.068881
0.087202
0.043564
-0.049120
0.048935
-0.060249
0.012304
0.071397
0.046371
0.114212
0.082200
0.061997
-0.117940
-0.099234
-0.107240
-0.043712
-0.104990
0.085097
-0.012370
0.022488
-0.030243
0.024189
-0.063156
-0.071394
-0.116092
-0.004762
0.056703
-0.103757
0.024268
0.056485
-0.072837
0.036158
0.032164
0.092936
-0.069019
0.018220
0.068302
0.014011
-0.016006
-0.064783
0.033468
0.076725
-0.047502
0.102311
-0.028209
-0.068849
0.083676
0.058736
0.004535
-0.006105
0.001136
0.074530
0.091210
-0.107103
0.071066
-0.011317
0.075328
-0.091046
-0.029450
-0.071531
0.037351
0.100182
-0.115182
-0.111619
-0.028502
-0.098840
-0.079253
-0.033459
-0.039886
-0.116540
-0.101094
-0.078964
-0.092995
-0.052755
-0.041213
0.001804
-0.068573
0.057316
-0.060822
0.015114
-0.110948
-0.106506
-0.046937
0.028870
0.032937
-0.009409
0.108698
-0.007499
0.048339
0.004839
-0.047698
0.081583
0.020018
-0.044924
-0.025856
-0.013537
0.073143
-0.110565
-0.041140
-0.095458
0.075955
0.020627
0.114762
-0.021665
0.005058
-0.069146
-0.007974
0.073314
0.072766
0.037177
0.003537
0.004801
-0.041256
0.034402
-0.008846
0.114264
-0.059984
0.085548
0.054536
-0.038020
-0.086710
-0.090171
-0.034638
-0.033567
-0.114826
-0.100062
0.040607
0.035235
-0.082356
0.094808
0.029372
-0.028975
0.052750
-0.064225
-0.032368
0.053557
-0.061116
0.083221
0.111129
0.004704
-0.109634
0.059621
-0.012964
-0.017763
0.060708
0.075528
0.037120
-0.059034
-0.063806
-0.117923
0.052115
-0.038408
0.003422
-0.012734
0.114617
-0.034329
-0.075329
0.106708
-0.045889
-0.013662
0.085285
-0.021042
0.056840
-0.027624
0.078213
0.079135
0.050500
-0.080402
0.089131
-0.005313
-0.107810
-0.041874
-0.079041
-0.031947
0.041913
0.074538
-0.111060
-0.000804
-0.084077
-0.068456
0.050367
0.058819
0.029885
-0.080190
-0.086336
-0.100550
0.064528
0.042560
0.105139
0.083471
0.008711
-0.063358
0.082875
-0.043229
0.023869
0.034653
0.087935
0.107793
-0.103807
0.059299
-0.100149
-0.018552
-0.098360
-0.107247
-0.108342
0.057158
0.038485
-0.008286
0.004204
0.056069
0.005481
0.062695
-0.090976
0.009468
-0.014200
0.112187
-0.062421
-0.115669
0.096555
0.060926
-0.081010
-0.022392
-0.011038
-0.015646
-0.099263
-0.013590
0.061073
0.084609
-0.057341
-0.081868
-0.036146
0.045476
0.039385
-0.060283
-0.019400
0.085225
-0.107348
0.017908
0.081398
0.065728
0.034875
-0.101584
-0.022576
-0.020387
-0.103964
0.062925
0.095646
-0.077379
0.098328
0.040163
0.080649
0.025798
0.091863
-0.089701
0.087543
-0.019863
0.027737
0.094293
0.112563
-0.065863
0.021865
-0.048321
0.103885
0.035636
0.051873
-0.091513
-0.047941
-0.112675
-0.039847
-0.075802
-0.100221
0.113409
0.056311
0.098598
-0.025566
-0.093818
-0.012486
0.097812
0.034178
-0.043168
0.059814
-0.114364
-0.053400
0.090712
0.057629
-0.038153
0.057878
0.043179
0.052211
0.070416
-0.109365
0.118013
-0.022997
-0.086082
-0.021607
0.078858
0.089978
-0.020208
0.015922
0.025834
0.080295
-0.041152
0.047580
0.019913
0.072103
0.001100
0.068381
-0.072601
0.117866
0.056743
-0.030722
0.007065
0.074838
0.014199
-0.023606
-0.065723
-0.095413
-0.012233
0.101202
0.079622
-0.087859
-0.105382
-0.054260
0.011662
0.057480
0.000611
-0.057417
0.011488
0.113497
-0.058871
0.071069
0.041812
0.012586
-0.082377
-0.001014
0.044897
-0.064005
-0.050674
0.068302
-0.029308
0.105164
-0.063076
0.077684
-0.031960
0.025051
0.007911
0.043357
0.046353
0.101811
0.048317
0.037125
-0.000106
0.041042
0.001239
-0.059660
0.100606
0.074709
-0.033048
0.069579
0.010191
0.004599
-0.083979
0.099927
0.001160
-0.116332
-0.031894
0.011639
-0.013388
-0.034899
-0.005743
-0.083192
-0.008933
0.029658
0.104157
-0.045200
0.074070
0.048536
-0.026102
0.011006
0.003635
-0.054738
0.020822
0.116655
0.105424
0.109507
-0.085172
-0.078252
-0.115604
0.102887
0.116257
-0.023786
-0.081870
-0.055692
-0.089615
0.026728
0.089371
-0.042365
0.116804
0.081072
0.081396
-0.009057
0.058685
-0.114145
0.041045
0.014019
0.077953
-0.088530
0.030147
0.107207
-0.015434
0.106854
0.102762
0.099735
0.086521
0.001250
-0.036811
-0.025992
-0.051934
-0.080233
0.080093
-0.113164
-0.003600
-0.082214
-0.093435
0.059523
0.039595
-0.040246
0.014541
-0.003524
-0.067080
-0.014130
0.008397
-0.108509
0.108825
0.031984
-0.053225
-0.050673
0.093907
-0.017997
0.056858
-0.012699
0.015580
0.014325
-0.050050
-0.073627
0.098046
0.052398
-0.046699
0.109520
-0.080173
-0.109483
0.012416
0.004075
0.090838
-0.002517
0.101372
0.021030
0.098928
-0.063410
0.056589
-0.035352
-0.055066
0.031999
-0.003380
-0.037886
0.044429
-0.041440
0.085039
0.069104
0.058704
0.114793
-0.077257
0.051307
0.036695
-0.026108
0.018727
0.067240
0.051675
0.023932
0.076570
-0.034812
-0.061500
-0.004024
0.069455
0.033807
0.040805
0.026603
0.114996
0.006472
0.057547
-0.074205
0.036303
0.047953
0.085983
-0.023214
-0.000097
-0.050788
0.095295
-0.023511
-0.057358
0.069139
-0.001776
0.057039
0.030365
-0.039359
0.008141
-0.088617
0.090384
0.052989
0.108139
0.099793
0.102252
-0.023312
0.014641
0.111980
0.095693
0.095134
-0.019236
-0.105434
-0.032980
0.078018
0.046005
0.006207
0.038869
0.010183
-0.040127
-0.077148
-0.028600
0.035528
0.066817
0.025666
-0.015561
-0.010929
-0.015998
-0.098347
-0.031920
-0.079613
-0.058857
-0.008138
0.102057
-0.071408
0.110375
0.100211
0.037351
0.051131
0.075697
-0.099836
-0.081487
0.081179
0.032716
-0.022012
-0.041066
0.002551
-0.105856
0.038792
0.116178
-0.068346
-0.022353
0.021917
0.056785
-0.076504
0.098260
0.008413
0.024949
-0.013030
0.050073
-0.017457
-0.044211
-0.078020
-0.015036
0.062991
-0.069559
-0.109157
0.013810
0.087047
0.009097
0.083258
-0.086156
-0.055118
0.024584
-0.111410
0.055940
0.106919
0.007726
0.117859
-0.011391
-0.068255
-0.033114
0.113989
0.007743
0.009649
-0.033163
-0.005860
0.049704
-0.082988
0.013539
0.013061
-0.080050
0.062098
0.029902
-0.013103
-0.101361
-0.059190
-0.033781
0.024476
0.112754
0.066146
-0.089706
-0.091980
-0.038844
-0.078144
-0.060733
-0.043265
-0.020586
-0.077267
-0.022088
0.116995
-0.106934
0.033531
-0.069664
-0.018843
0.078492
0.014294
-0.045455
-0.057662
0.099125
-0.078990
0.078157
-0.037419
-0.106065
0.091393
-0.040572
-0.070873
-0.077015
0.058702
-0.011007
-0.061754
0.048348
0.109971
-0.031671
0.070443
0.001922
0.056849
0.006804
-0.061769
-0.028296
-0.092513
0.083865
-0.087606
0.017622
-0.049319
-0.042318
-0.106837
-0.014608
-0.016158
-0.065031
-0.038211
-0.114572
-0.007379
0.027261
-0.056868
0.005226
0.011572
-0.105348
-0.014802
-0.023115
0.104623
-0.060183
0.094001
-0.093063
0.092652
0.035354
0.007793
0.063082
-0.114578
0.075925
0.037596
-0.051932
0.104532
0.018999
-0.024283
0.099660
-0.040482
-0.116884
-0.055148
0.048945
-0.111992
-0.012331
-0.013656
-0.115045
0.011737
0.019775
0.112424
-0.043635
0.076640
0.023004
-0.089491
0.011926
-0.091754
0.048365
0.042257
-0.092165
0.094449
-0.062666
0.025475
0.078085
-0.000602
0.034623
-0.019917
0.051499
0.049084
0.082927
-0.096783
-0.077471
-0.075193
-0.107799
-0.067434
0.056223
0.019779
-0.098899
-0.074731
0.104747
0.022229
0.075342
0.079534
-0.043300
-0.098270
-0.060814
0.101458
0.043044
0.035822
0.111487
0.096897
-0.115111
0.079789
0.018733
0.111224
0.109861
-0.012100
0.079677
-0.073013
-0.016701
-0.088510
0.006153
0.012416
-0.112985
-0.060666
-0.095874
-0.064161
0.079456
-0.005920
-0.088537
-0.057784
0.040447
0.044719
-0.000989
-0.055482
-0.071051
-0.036998
-0.089896
-0.042459
-0.084460
0.063950
-0.034774
0.027508
0.052866
0.094464
-0.031973
0.073199
0.097534
-0.060691
0.051693
0.016788
-0.046586
0.045533
0.034654
-0.006025
-0.018328
0.011777
-0.068003
0.011059
0.054492
-0.065071
0.041111
-0.037411
-0.069630
0.000597
0.064126
0.098929
-0.067107
0.081476
0.005922
0.035794
-0.065732
-0.069383
0.025740
0.009694
-0.110232
-0.047825
-0.076865
-0.036210
0.016533
-0.114017
-0.050061
0.039183
-0.055638
-0.034855
-0.116974
0.093117
-0.092543
0.055549
0.083759
0.093375
0.117540
0.086279
-0.066963
-0.017266
0.025388
-0.076572
0.004922
-0.104899
0.000507
0.016082
-0.000416
0.037795
0.029282
-0.110472
0.060698
-0.077522
0.116906
0.047906
-0.061619
-0.117016
0.092455
-0.054347
-0.089435
-0.030203
-0.035554
-0.025270
-0.056194
-0.097366
0.048343
0.057739
0.109397
0.020538
0.039715
0.008833
0.100889
-0.030724
-0.014453
0.115872
-0.035930
-0.050495
-0.043736
0.046732
0.046555
-0.032966
0.013435
-0.090130
-0.094532
0.097593
0.113735
0.008286
0.006239
-0.062130
0.049265
-0.114200
-0.017781
-0.050109
0.030744
-0.106329
0.018367
-0.031904
0.060797
-0.085102
0.067207
0.108237
0.034585
0.040929
-0.037585
0.002214
0.098267
0.015889
-0.072384
0.084984
0.100167
-0.020924
0.031500
-0.063358
-0.116794
0.102659
-0.021017
0.062133
-0.028945
-0.070658
0.079274
-0.008956
0.073123
-0.047746
-0.068574
0.057451
0.047082
0.086464
0.000535
-0.070765
0.038977
-0.048191
0.056590
0.115490
-0.106908
-0.040143
0.096316
-0.004824
-0.113655
-0.005494
-0.023016
0.057737
0.012275
0.059112
-0.110416
-0.066643
-0.005668
-0.091493
-0.015034
0.094198
0.045353
-0.082136
-0.115513
0.094733
0.068259
0.029968
-0.023698
0.017097
-0.042630
0.048378
0.025251
0.047889
0.020061
0.064571
0.067383
0.116497
0.057361
0.114073
-0.103525
-0.100162
0.098293
-0.025287
-0.006518
-0.110729
-0.035217
-0.033529
0.017404
0.076763
0.009833
0.064583
0.048276
0.102793
0.008332
0.072476
-0.115759
0.022876
-0.106146
0.017682
-0.071961
-0.002630
0.010330
-0.076687
-0.051515
-0.068306
0.113630
0.102447
0.021767
0.073277
-0.064159
0.017187
0.030711
-0.042444
-0.068254
0.005970
0.015754
-0.093315
-0.098166
-0.029445
-0.115906
-0.105209
-0.085459
-0.078872
-0.080697
-0.011167
0.108616
-0.109989
-0.081514
-0.100844
0.113137
-0.022042
0.065866
0.003349
0.051100
0.108018
-0.081766
0.006949
-0.097499
0.052964
0.074303
-0.074488
-0.048965
0.033621
-0.067544
-0.034344
0.077324
0.105498
0.012838
0.078654
0.010646
0.039786
0.111413
-0.051715
0.069997
-0.099083
0.062212
0.068148
0.072062
0.002997
0.096783
0.117453
-0.030331
-0.001683
-0.008372
0.098819
0.114868
-0.113219
-0.045927
0.090662
0.085890
-0.060700
0.112936
-0.016163
-0.096872
-0.034008
0.063712
0.044404
0.116486
-0.051952
-0.054715
-0.013364
-0.096934
-0.083727
-0.070938
-0.031147
-0.019982
-0.084916
0.104253
0.076314
0.107715
-0.088582
-0.042442
0.013475
-0.080005
-0.072342
0.049222
0.088356
-0.091093
0.020763
-0.072586
-0.053778
-0.037926
0.089702
-0.088690
-0.026115
0.108670
-0.000077
0.102468
-0.098452
-0.099695
0.053815
0.113960
0.002457
-0.053918
0.048106
0.114155
0.077613
-0.093358
-0.037282
0.085539
-0.106393
0.066733
-0.117612
-0.031748
-0.099409
-0.014484
0.065867
0.026755
0.051923
-0.011490
-0.050211
-0.037411
0.016934
0.081798
-0.077900
-0.011210
-0.117833
-0.008518
0.082101
0.023115
0.117717
-0.040929
-0.111422
0.045096
-0.031076
-0.105853
0.093604
0.112712
0.104877
-0.088328
0.075622
-0.044916
0.047207
0.088984
0.044208
-0.113396
-0.056773
0.016684
0.035043
0.057042
-0.102349
0.101953
-0.050830
0.084941
-0.056462
-0.072649
0.004691
0.087050
0.059387
0.109776
0.111858
-0.098507
-0.055888
-0.034532
-0.107253
0.075842
-0.023209
0.040188
-0.009669
0.069901
0.111743
-0.099675
-0.045813
-0.067486
-0.062613
-0.059271
0.108390
0.051057
-0.043667
0.107906
0.079924
-0.016998
-0.071218
-0.100311
-0.022684
-0.083536
0.058991
-0.065715
0.005560
-0.005851
-0.036167
-0.115562
0.053447
0.037720
-0.041185
0.017040
0.011857
-0.013331
-0.098464
0.016307
-0.115413
-0.091129
0.106356
0.003586
0.005586
-0.011185
-0.024446
0.062855
-0.028197
0.032913
0.055028
-0.092185
-0.086381
-0.101207
-0.097544
-0.073835
0.017431
-0.027727
-0.038536
-0.106031
0.116113
0.000057
-0.115352
0.004913
0.055032
-0.080305
-0.079767
-0.017178
0.049872
0.096791
-0.077408
0.107450
-0.042058
0.082197
-0.016181
0.108022
-0.084177
0.019245
0.057212
0.035994
-0.022620
0.079673
0.057823
0.067344
0.077125
0.011214
-0.062742
-0.016988
0.037771
-0.056342
-0.049430
0.047601
-0.090204
-0.045312
-0.108232
-0.044788
0.117821
-0.100744
-0.006758
0.064818
-0.021333
-0.115458
0.072596
0.102533
-0.057025
-0.097626
0.116356
0.041486
-0.058990
-0.049969
0.093272
0.073943
-0.017293
0.051448
0.116123
0.058068
0.014910
0.085287
0.043109
-0.113069
-0.010575
-0.084012
0.046284
0.040642
0.002105
0.082749
0.092866
-0.002853
0.023029
-0.104812
-0.117340
-0.049947
0.046709
0.014948
0.010247
-0.117089
0.014705
-0.079677
-0.077163
-0.067719
-0.102173
0.098873
-0.048011
0.114023
-0.017658
0.072374
0.014243
0.022177
-0.089094
-0.011473
0.073678
-0.037339
-0.075981
-0.003008
-0.076649
0.101363
0.094523
0.042271
-0.035653
-0.034398
0.070126
-0.101894
-0.019226
-0.027476
-0.060437
-0.041128
-0.086137
0.046636
-0.056477
0.044903
-0.049192
0.104987
-0.081474
-0.030941
0.031265
-0.045420
-0.117687
-0.019645
-0.054696
-0.025679
0.107499
0.073071
0.081586
-0.089004
-0.055492
0.083385
0.046283
0.016125
0.057440
0.049794
0.045202
-0.105807
0.014045
-0.000319
0.068601
-0.020396
0.051112
0.111551
0.112618
0.068075
-0.000348
-0.052249
-0.040390
-0.024911
0.092362
0.047784
-0.079194
0.083023
0.110172
-0.049432
0.061350
0.117908
0.062514
0.004422
0.034902
-0.042919
-0.043304
0.068591
-0.059107
-0.071949
-0.096616
0.038326
-0.060739
-0.024742
0.109036
0.029278
-0.021879
-0.071424
0.028974
0.033075
0.060539
-0.025082
0.033107
-0.019275
-0.009214
-0.020203
-0.102815
-0.085956
-0.010738
0.106274
-0.113778
-0.074618
-0.046165
-0.098723
0.032432
-0.069847
0.077290
-0.034451
-0.007230
0.006988
0.094275
-0.089431
-0.023946
0.011496
-0.077767
0.023605
-0.084713
0.014015
0.038220
0.013412
-0.062679
0.107694
-0.056969
-0.084269
-0.061165
0.095212
0.022722
-0.059033
0.112680
0.083183
0.107045
-0.084489
-0.055158
0.054346
-0.015840
0.018137
-0.070357
0.117971
0.009560
-0.104392
-0.038520
-0.061256
0.105867
0.033039
-0.095898
-0.013571
0.066245
-0.095359
0.083032
0.054545
-0.034177
0.063566
0.002546
0.033671
0.069573
-0.001325
-0.029792
-0.082544
-0.072280
0.020522
-0.001010
-0.012594
-0.077215
-0.028136
-0.095420
-0.076708
0.077092
-0.019552
0.027016
0.028858
-0.021275
-0.011275
0.015291
-0.023536
0.019382
0.035389
-0.095887
0.017849
-0.053961
-0.016997
-0.117129
-0.014922
0.081575
0.066326
-0.072560
0.089353
-0.059715
0.095700
-0.038805
0.072187
-0.006154
0.034287
-0.013538
0.031760
0.042814
0.114643
-0.008827
-0.037608
-0.100877
-0.006443
-0.076003
-0.035131
0.054991
-0.090535
0.016358
0.116167
-0.047384
-0.027769
-0.071197
0.068294
-0.027587
-0.057915
-0.053179
0.058874
-0.052320
0.074088
-0.043378
0.042442
-0.090034
0.075466
0.112899
0.071450
0.094115
0.107300
-0.023015
0.021899
0.094607
0.028280
-0.093532
-0.105923
0.014256
0.073651
-0.010677
0.083410
-0.008245
-0.057838
-0.018380
0.073343
-0.107667
0.098147
0.108071
-0.072694
0.035102
0.114259
0.094302
-0.094602
-0.043129
0.082919
-0.041517
0.014946
0.054646
-0.014315
-0.104690
0.096701
-0.021321
-0.036474
-0.047841
-0.059326
0.077113
0.068261
0.056192
-0.100333
-0.045633
0.085216
0.022041
0.113946
0.000462
0.073845
0.113885
-0.032412
-0.099335
-0.010653
0.065365
-0.087371
-0.089792
0.016666
0.017188
0.006476
0.053794
0.038011
0.044862
-0.048054
-0.068461
-0.087907
0.113990
0.104984
-0.001718
0.102459
0.076537
-0.009145
0.025666
-0.043019
-0.058073
0.073214
-0.014989
-0.064830
0.016106
0.083454
0.082712
-0.090810
0.032432
0.005747
-0.110876
0.017748
0.027266
-0.002626
-0.095269
-0.050236
-0.022559
0.043599
-0.006080
-0.097739
0.059058
0.056147
0.009607
-0.034335
-0.041891
-0.044990
-0.046286
0.053095
-0.111349
0.080350
-0.045776
-0.090928
-0.038477
0.042625
-0.080500
-0.005818
-0.004506
0.092698
-0.016961
0.099175
0.013369
-0.002771
0.108431
0.003197
0.106015
-0.075966
0.101374
0.041222
