-0.019261
-0.005905
-0.021826
0.040211
0.040790
0.026962
-0.009551
-0.047866
-0.038204
-0.000064
0.077799
-0.078570
0.048593
0.094062
-0.044413
0.015027
-0.010788
0.006528
-0.030081
0.070586
-0.016110
-0.009034
-0.057687
-0.037358
-0.058876
0.042969
0.009753
-0.111608
-0.043530
-0.112160
-0.106517
0.010883
-0.044354
-0.026418
-0.098311
0.102904
0.092924
0.033255
0.086280
-0.057700
0.118411
0.018061
-0.052488
0.078684
0.068935
-0.042193
0.057188
0.072137
-0.043767
-0.063350
0.047868
-0.100747
-0.092700
-0.061635
-0.061066
0.109927
0.069274
0.024985
0.062405
-0.078682
0.106151
-0.073891
0.008827
-0.065406
-0.056206
0.061817
0.013501
0.074828
0.110263
0.043776
-0.092853
0.097397
-0.095156
0.008345
0.089093
-0.087983
0.009746
-0.099295
-0.041653
0.002053
0.008852
0.076386
0.094192
0.071129
0.097279
-0.079388
0.070189
0.114512
0.053547
0.063898
-0.056898
0.050922
0.110136
-0.014380
0.047568
-0.109367
-0.005679
-0.020055
-0.060752
0.041748
-0.024347
-0.024179
-0.099972
-0.091269
-0.098810
0.060934
0.074613
0.069097
0.067784
-0.045058
-0.052146
-0.106207
-0.109410
-0.090365
0.030749
-0.084363
-0.042850
0.027886
-0.025645
0.043118
0.094803
0.000061
-0.016062
-0.102930
-0.112252
-0.095810
0.028809
-0.076693
0.039644
0.093899
0.101625
0.079272
0.043551
-0.095269
-0.049830
0.114928
-0.079355
-0.006847
0.014939
-0.063643
-0.067003
0.116448
-0.086714
-0.010894
0.016877
0.076531
-0.038210
-0.084234
-0.068383
-0.010601
0.016131
0.059439
-0.001432
-0.069692
-0.017808
-0.041443
0.015144
0.017266
-0.003980
-0.089714
0.104066
-0.066391
0.051368
0.055951
-0.034683
-0.024554
-0.085187
-0.014677
-0.070651
-0.007095
0.086637
-0.101881
-0.084344
0.027329
0.079384
0.009146
-0.088380
-0.092126
-0.047708
0.097295
-0.066505
0.053532
-0.056867
0.053876
0.079008
0.084344
0.070116
-0.106491
-0.040815
0.106976
0.101171
0.022734
0.098409
-0.001171
-0.111323
0.053696
-0.023062
0.051952
0.012934
0.014414
-0.016237
0.032360
0.059225
0.079679
-0.118642
-0.058623
0.072132
0.012290
0.100095
0.052458
-0.016198
0.104920
0.029324
0.024103
-0.100346
-0.111997
-0.064792
0.033998
0.005409
-0.051268
0.104076
-0.051702
0.046684
-0.110598
-0.086140
-0.026804
0.081627
-0.007824
0.041841
-0.014677
0.052933
0.106746
0.073565
-0.037030
0.067059
0.033655
0.062622
0.043996
0.041491
0.095607
0.052101
0.070320
-0.112171
0.051621
0.041522
0.076772
0.067678
0.104207
0.052722
0.049649
-0.037329
0.004663
0.046624
0.092013
0.086142
-0.097201
-0.009447
0.071922
-0.044609
0.065376
-0.062155
0.076716
-0.021984
-0.080937
0.066863
-0.058479
0.008319
-0.080598
0.067936
0.094161
0.046959
0.060048
-0.033670
0.001106
0.064030
-0.046207
-0.064657
0.013042
0.094050
-0.083633
0.117506
-0.037245
-0.069283
0.067841
0.002982
0.074298
-0.009835
0.001711
-0.013520
-0.065825
0.074077
0.096653
-0.048643
0.091180
-0.081371
0.032060
-0.088174
0.069406
0.088340
-0.076902
-0.027843
-0.021250
-0.000155
-0.053339
0.049971
0.106749
-0.106726
-0.053683
0.025994
0.016430
0.047470
-0.066550
-0.026991
-0.032973
0.056340
-0.072088
-0.105114
0.004030
0.060332
-0.092240
-0.116445
0.044114
-0.080656
-0.003739
-0.067575
0.118663
0.093520
-0.031648
0.050596
-0.037944
-0.010699
0.086304
-0.037945
0.086909
0.051226
-0.048097
-0.048415
0.019570
-0.036529
0.019372
0.103780
0.102461
0.087528
0.049630
0.079696
-0.105045
-0.047242
0.074877
-0.030858
0.022130
-0.114175
-0.052154
0.075793
0.069908
0.002942
-0.100197
0.040170
-0.024453
-0.071579
0.115435
-0.096187
-0.021366
-0.111585
0.071165
-0.070309
-0.066923
-0.037048
0.021783
-0.014634
0.043757
0.039298
0.028863
-0.008452
0.073559
0.029643
0.084506
0.092405
-0.058134
-0.108372
-0.026279
0.102625
-0.070848
0.027797
0.074868
0.053196
-0.105559
-0.087773
0.053104
-0.068167
0.025378
0.013049
0.041573
0.097470
-0.014629
-0.109738
-0.114230
0.108155
0.077965
-0.082177
-0.052676
-0.106457
-0.016236
0.008405
0.079018
0.051318
0.086739
-0.117128
0.031788
0.021153
-0.044979
0.102166
-0.103380
0.034232
-0.015622
-0.014266
0.115140
0.091456
-0.013591
0.034546
0.040145
-0.091683
-0.075783
0.001446
-0.039669
-0.024765
-0.001635
0.007604
-0.001275
0.067060
-0.092968
-0.016862
-0.106929
-0.066626
0.034742
-0.081640
0.028919
-0.025269
0.054849
0.010149
0.026228
0.018166
-0.004552
0.077385
0.022773
0.022041
-0.092150
-0.104231
0.007284
-0.103102
-0.043958
-0.036937
-0.085063
0.064524
0.042285
-0.024786
-0.027679
-0.007199
-0.027926
0.005509
-0.066424
-0.064032
0.002955
0.083173
0.068547
-0.092294
0.079108
0.065528
0.108009
0.071105
-0.098499
-0.109717
-0.103149
0.050192
0.089035
0.116574
-0.107385
-0.057173
-0.021710
0.036453
-0.102320
0.082955
0.109178
0.052860
-0.027588
0.059110
0.023237
-0.112992
0.019159
-0.110401
-0.103671
-0.112804
-0.049684
-0.005233
-0.010949
0.059749
0.016874
-0.111483
-0.038102
0.033472
0.023611
-0.031879
0.068883
-0.105619
-0.054732
-0.013896
-0.070178
0.045139
0.094305
0.016767
-0.037041
0.068950
-0.086521
-0.004962
0.030607
-0.103895
0.106166
-0.038745
0.035697
-0.000379
-0.107402
-0.098209
-0.091334
-0.071403
-0.017026
0.043233
0.106651
0.068743
0.019598
0.100440
0.039880
0.087520
-0.011072
0.117697
0.001656
0.021874
0.015687
-0.094125
0.074333
0.077493
-0.047804
0.103465
-0.078605
-0.116118
0.022987
-0.025188
0.083853
-0.018019
-0.021813
0.018549
-0.103603
-0.114207
0.029832
0.068939
-0.078619
-0.021788
-0.070827
0.036334
0.092188
-0.057675
0.020060
0.034781
0.059394
-0.037516
0.074653
-0.057785
0.011534
0.116081
0.016229
-0.024352
-0.005892
0.093614
-0.109663
0.013560
-0.048429
-0.006010
-0.055989
0.049366
0.084444
0.111992
0.082865
0.083845
0.057896
-0.032484
0.068874
0.056039
0.078057
-0.011451
0.066031
-0.025832
0.086484
0.069946
-0.013409
0.089661
0.071668
-0.002605
-0.051832
0.059781
0.019727
-0.106992
-0.005544
0.050321
0.057303
-0.085707
-0.110132
-0.070174
-0.024891
-0.014899
-0.077644
0.094783
-0.003832
-0.022617
-0.047688
0.084942
-0.116008
-0.080409
-0.076412
-0.046375
-0.006426
-0.018308
-0.114605
0.064866
-0.088244
0.062164
-0.073338
-0.072559
-0.036384
-0.075038
-0.025978
-0.035236
0.057348
0.111800
0.009098
-0.102395
0.048757
-0.081568
0.048270
-0.078229
0.079329
-0.104370
-0.036190
0.084485
0.000225
-0.073921
-0.057323
-0.075239
-0.109199
-0.047513
0.065011
-0.058314
-0.008012
0.020292
0.008196
0.039187
0.015297
-0.045545
-0.060163
0.107629
-0.100931
0.085857
0.003523
0.114094
0.057428
-0.040764
0.041876
0.000427
0.073071
0.117317
0.104214
-0.023387
-0.056921
-0.065591
-0.036714
-0.112225
0.106039
-0.091669
-0.039052
-0.054814
0.092387
0.041609
0.101668
0.007776
-0.063133
0.047455
-0.034311
-0.080650
-0.030578
-0.109234
-0.083835
0.098716
-0.053425
0.017435
0.034822
0.087823
-0.025498
-0.106320
-0.018241
0.073982
-0.010594
-0.113003
0.016362
-0.092834
-0.057432
-0.044482
0.076867
0.074923
-0.017986
-0.070664
0.110536
0.023277
-0.016525
-0.056435
0.058401
0.064053
0.112702
0.107116
0.020250
0.055100
0.041631
-0.077082
0.047396
0.030982
-0.025144
0.103248
-0.013081
-0.079137
-0.021025
-0.027498
0.113160
0.017569
-0.082291
-0.041544
0.033080
0.032637
-0.048612
-0.114754
0.029328
-0.089723
-0.108344
0.033697
-0.102550
0.112700
-0.055210
-0.095264
0.067906
0.080912
0.080767
0.073200
-0.001042
-0.111886
-0.045608
-0.031495
0.094432
-0.021879
0.049012
-0.076787
0.052446
-0.031558
-0.111307
0.079250
0.034126
0.023674
-0.047312
-0.053765
-0.108240
0.007001
0.051825
0.056831
-0.110662
0.081214
-0.064323
-0.011336
0.094125
0.006730
0.079354
-0.091755
0.019906
0.066329
0.044517
0.021641
-0.116560
0.044619
0.067583
-0.060350
-0.000594
-0.053063
-0.070836
-0.089395
0.090158
0.092353
-0.026438
-0.061071
0.031108
0.086006
-0.095523
-0.103396
-0.048368
-0.107204
-0.109623
-0.088245
0.028060
0.098334
-0.027515
0.061655
-0.050381
-0.109070
-0.048641
-0.006649
0.014600
-0.043914
-0.030385
-0.109851
0.070092
-0.081514
-0.042555
-0.104485
0.060443
-0.040413
0.079903
0.007619
-0.050232
-0.071572
0.074440
0.017021
-0.105765
-0.067367
0.017811
-0.014254
-0.097631
-0.043129
0.110897
0.050777
-0.000344
0.095990
-0.097048
-0.038123
0.104660
0.098378
-0.074584
0.094503
0.073593
-0.012365
-0.108022
-0.062654
0.073655
-0.091673
0.041347
-0.097102
0.109462
-0.090333
-0.081966
-0.037704
-0.010424
0.102751
-0.040214
0.104887
-0.052918
-0.074250
-0.076073
0.095341
-0.018268
0.048860
0.049453
-0.102625
0.095657
-0.032735
0.089769
0.030979
0.033668
-0.112995
0.077320
-0.004118
-0.072570
-0.092387
-0.055375
-0.112039
-0.043673
-0.064615
0.040421
-0.018857
0.099566
0.098467
-0.027536
-0.090206
0.006240
-0.001178
-0.051413
0.104340
-0.075685
0.112292
0.053064
-0.062694
-0.045672
-0.037595
-0.038915
-0.115809
0.087940
0.073986
-0.015875
0.086361
0.020447
-0.110524
0.071352
-0.029534
-0.104658
0.008534
0.002680
-0.086940
0.047464
0.068756
-0.026476
0.055073
-0.075958
0.079817
-0.113558
-0.084002
-0.096310
-0.084044
-0.043916
-0.097997
0.102417
-0.089462
-0.016014
0.060921
-0.068450
-0.017994
-0.034636
-0.016494
-0.107138
0.020299
0.055241
-0.051737
-0.057685
0.097738
-0.078445
-0.071524
-0.028729
-0.069194
-0.090019
0.078697
0.083713
-0.012082
-0.110619
-0.116821
-0.092402
0.026998
0.082335
0.050053
0.092382
-0.008339
-0.062931
-0.040056
0.060509
0.041265
-0.026803
-0.001276
-0.103161
-0.045488
-0.088371
0.064276
0.019924
0.023276
0.063184
-0.102884
0.090015
-0.042741
0.015388
0.040714
-0.038840
-0.021680
0.052722
-0.040804
0.017209
0.008133
-0.007254
-0.088365
-0.028520
0.061042
0.014722
-0.006945
0.073869
0.066452
0.068781
-0.001659
-0.004340
0.043540
-0.059084
0.064697
-0.101811
-0.036107
0.042876
-0.032898
-0.053671
-0.029098
0.091402
-0.026809
0.112870
0.011582
0.035561
0.107135
0.108162
-0.064345
-0.056152
-0.066137
-0.071908
-0.000802
0.113725
0.106717
-0.017673
-0.088923
0.039199
0.095776
-0.085459
0.108013
-0.116636
0.071748
-0.108223
-0.034341
0.096511
-0.032624
0.086550
0.096565
0.019171
0.031931
-0.056261
-0.040567
0.083058
-0.061455
-0.077153
0.054635
-0.041690
-0.061963
-0.094373
0.010719
-0.101213
-0.017379
0.091613
0.016144
-0.046230
0.014342
-0.050534
-0.029958
0.091927
0.012457
-0.023517
0.056709
-0.063354
-0.002999
0.031062
0.108227
0.023534
-0.112369
0.002543
0.026672
-0.000517
-0.110725
0.100365
-0.045879
-0.014845
-0.012540
-0.101702
-0.099831
-0.079463
-0.067805
-0.074770
0.003072
-0.075865
0.011829
-0.102505
-0.017718
-0.008896
0.097193
-0.109763
0.012345
-0.025415
-0.046572
0.025306
0.028205
-0.061646
0.029410
0.002758
-0.039501
-0.040133
-0.033282
0.091383
0.031398
-0.065163
0.049607
-0.037677
0.043760
-0.050349
0.070953
0.059678
0.012393
-0.117254
0.089498
0.096529
-0.054251
-0.115594
-0.052460
0.087288
-0.042297
0.080437
-0.023953
-0.067612
0.112397
0.093221
-0.034557
0.070078
-0.106065
0.082427
0.064116
0.094625
-0.113236
0.091316
0.041392
0.051365
-0.075094
0.001445
-0.078321
0.025389
0.003260
-0.043644
0.091653
-0.024245
-0.088037
0.077326
-0.022828
-0.091652
-0.060411
0.062132
0.101197
0.057359
0.027235
0.070575
0.054235
-0.110014
0.111131
-0.016454
-0.077231
0.007075
-0.053537
0.062133
-0.033685
0.049400
-0.108179
0.062493
0.050203
-0.081209
-0.012613
-0.007440
0.101194
0.031499
0.109955
-0.052881
0.001276
-0.112510
-0.015392
-0.103090
0.067258
0.089498
0.029850
0.076205
0.102099
-0.103155
0.004342
0.098749
0.069140
-0.000258
0.077253
-0.064910
-0.051060
0.108724
0.067037
0.004909
0.087523
0.048102
-0.107144
0.081476
0.035787
-0.026995
-0.111033
0.024768
0.092106
0.103920
-0.033496
-0.092204
0.087075
-0.076828
0.099321
0.106042
0.023543
0.046980
-0.021293
0.066278
0.037602
-0.012401
0.039467
0.025084
0.114176
-0.096413
-0.052280
0.026001
0.103377
0.101272
0.104123
-0.092637
0.089659
0.049022
0.104497
0.091274
0.034486
-0.002788
0.043818
0.099332
0.076612
-0.106293
0.105049
0.025846
0.114342
0.099362
-0.065156
-0.041776
0.035445
-0.085064
0.113918
0.058162
0.053068
-0.112075
-0.044188
-0.110116
0.048798
0.025702
-0.094621
-0.020844
-0.042320
-0.093988
-0.063932
-0.073077
-0.059742
0.046276
0.008478
0.031180
0.099198
0.029831
-0.025672
-0.067467
-0.040080
-0.052369
-0.068117
0.003199
-0.113259
0.106640
-0.064013
0.108933
0.024998
0.101289
0.028849
0.011850
-0.079554
-0.063335
0.038091
-0.024725
0.102137
0.105402
-0.007650
-0.114178
-0.107907
-0.072035
-0.010097
-0.047857
0.048671
-0.013411
-0.118125
0.022570
0.028591
-0.071616
0.070363
-0.115484
0.022180
-0.039361
0.030153
-0.111683
-0.027293
-0.024625
0.093983
-0.043420
0.010342
0.002184
0.088151
-0.035845
0.065397
0.099033
-0.099499
-0.075425
0.035144
-0.033523
0.109710
0.069162
0.088192
0.105572
-0.004773
0.086392
-0.059555
-0.037542
-0.025744
0.026903
-0.080336
-0.062923
0.102434
0.116375
-0.041501
-0.048038
0.065818
0.023574
-0.045896
0.116339
0.081476
0.007698
0.093958
-0.036708
-0.081064
-0.048696
-0.011813
0.018681
0.053926
0.059944
0.085754
-0.039855
0.076586
-0.031489
0.012432
0.102393
-0.012808
0.009859
-0.110401
0.027680
-0.035378
-0.107466
0.082435
0.097963
0.084357
0.003980
0.043557
0.092657
0.094107
0.045281
-0.088652
0.087500
-0.049386
0.006624
0.034673
-0.025882
0.115713
-0.046717
-0.022425
0.053527
0.077169
-0.108527
0.020991
-0.017493
0.074846
-0.092492
0.106474
-0.057654
-0.096011
0.063938
-0.077133
0.008041
0.056450
-0.051085
-0.004161
-0.021032
-0.058426
0.053337
0.045693
0.107986
0.099323
-0.001254
-0.074829
-0.069407
-0.100558
0.034141
-0.033831
-0.071610
-0.014735
-0.094613
0.103899
-0.064322
-0.035107
-0.018449
-0.019232
-0.021270
0.060207
0.094893
0.050699
0.008129
0.056460
-0.106734
0.038614
-0.058542
-0.073147
-0.102404
0.034999
-0.030155
0.002077
0.081247
0.001528
0.050713
-0.005612
0.049262
-0.088737
-0.066149
0.034967
0.103040
-0.020914
0.095563
0.012764
-0.069129
0.105596
0.038293
0.072238
0.007774
0.050437
0.089245
0.038368
-0.067210
-0.003600
0.096933
-0.044466
-0.007022
0.027263
0.090607
-0.097434
-0.059581
0.044513
0.086288
-0.030203
0.092777
0.014083
-0.049545
0.052778
0.091493
-0.037291
0.102208
-0.088034
0.119116
-0.099348
-0.050350
0.036601
0.095839
-0.009816
-0.008810
0.072254
-0.066194
-0.080445
-0.005119
0.072780
0.087019
0.090256
0.114898
0.040431
-0.098477
0.102900
-0.082799
0.059398
0.034462
-0.026842
-0.024685
-0.112892
0.093184
-0.001625
0.035521
-0.001489
-0.032631
0.105059
-0.072499
-0.079614
-0.028776
-0.037094
0.018373
0.080859
-0.050542
0.007600
0.013402
0.024496
0.016052
-0.065709
0.104549
-0.045234
-0.085439
0.036043
0.079379
0.083408
-0.018660
0.074720
0.112059
0.088562
0.051589
-0.011392
0.023223
0.019228
-0.066491
0.094533
0.070696
0.031947
-0.106920
-0.102530
-0.107636
0.060622
0.046703
0.084756
0.052477
-0.110338
-0.100110
0.043860
-0.017284
0.012565
-0.115235
0.048460
-0.039200
-0.080091
-0.005333
0.027392
-0.061821
0.014233
-0.099205
-0.024490
-0.027688
0.041980
-0.091678
0.087070
0.070097
0.018082
0.024422
0.095968
-0.017536
-0.073110
-0.066515
0.062151
0.007876
0.070167
-0.012080
0.098218
-0.015370
0.011421
-0.035887
-0.031244
0.021531
0.102943
-0.037943
-0.035331
0.007567
0.074372
-0.101463
-0.010238
-0.111046
-0.007753
-0.075221
-0.074210
-0.058665
-0.021418
-0.043263
-0.057800
-0.040479
-0.027740
-0.084596
-0.039602
-0.057188
0.029515
-0.077032
0.073347
0.000133
0.116846
0.095871
0.014523
0.108401
-0.018867
0.004731
-0.023225
0.093077
-0.039665
-0.035549
0.059912
-0.056917
-0.093073
0.049998
-0.009609
-0.039933
-0.058943
-0.117973
0.104653
0.049374
0.109846
-0.117328
0.074242
-0.052006
0.104202
0.062334
-0.095662
0.036306
-0.068110
-0.002072
-0.068068
0.083192
0.051043
-0.077865
-0.080200
-0.048245
-0.109650
0.114265
0.103639
0.112308
0.045613
-0.009937
-0.065126
-0.028648
-0.081335
0.114096
0.073262
0.001270
-0.023735
-0.062056
-0.082931
-0.076998
0.104954
0.113211
-0.041142
-0.027377
0.018358
0.052243
-0.101937
-0.059064
0.014897
0.014350
0.031085
0.008282
0.097157
0.000013
-0.058691
-0.001445
0.116052
0.097528
0.080401
0.098356
-0.030301
-0.047424
0.095313
0.099648
0.052491
-0.029978
0.011352
0.052163
-0.101790
-0.101608
0.059588
0.086945
0.101936
-0.028086
-0.050856
-0.106887
0.095724
-0.040101
-0.058068
0.109652
0.033504
-0.016366
-0.100320
0.008739
0.077621
0.018274
-0.077134
0.111564
0.008740
-0.039448
-0.087138
-0.058024
-0.046776
-0.016785
0.027761
-0.111925
0.097980
-0.094450
-0.024855
-0.104731
-0.049249
-0.089170
-0.059605
-0.023919
-0.071997
0.000388
-0.032882
-0.083222
0.064099
0.023426
0.102110
0.018464
0.101691
0.055940
0.063233
0.102864
0.040253
-0.079084
-0.091192
0.084523
-0.043184
0.009830
0.089560
-0.015545
-0.084247
0.066321
-0.049394
0.049283
-0.077456
0.068373
0.066816
-0.076539
0.051887
0.035483
-0.075644
0.101168
0.070934
0.113502
0.062975
0.059296
0.048217
0.115214
-0.029691
-0.108327
-0.033266
0.015253
0.109519
-0.063826
-0.044565
-0.085412
0.012163
-0.090691
0.088823
-0.038952
-0.015077
0.080541
0.071246
-0.099005
0.104085
0.107689
0.006980
0.055500
-0.099040
-0.043933
0.111845
-0.060393
-0.089622
-0.025987
0.072384
0.042358
-0.000874
0.021025
-0.110309
-0.003237
0.105467
0.114383
0.020213
-0.099573
-0.114200
-0.013206
0.067224
0.041912
-0.014621
0.095150
-0.049495
0.104102
0.015367
0.070288
0.049188
0.075110
0.087940
0.045884
0.035504
-0.088385
-0.099240
0.034700
-0.030503
-0.114907
0.047109
0.054393
0.075591
0.038445
-0.086986
-0.087433
0.090534
0.087241
-0.105860
-0.034824
0.005083
-0.037821
0.033146
0.016017
0.036725
0.049068
-0.092602
0.041541
0.091406
-0.036017
-0.055375
-0.044423
0.048646
0.000712
0.048415
0.077903
0.047904
-0.059265
0.029632
0.084177
-0.003051
-0.001421
0.115990
0.080376
-0.096512
-0.047442
0.042403
0.031258
0.024716
-0.107403
-0.092358
-0.084424
0.079922
0.083641
-0.026101
-0.012727
-0.114578
-0.024484
-0.074945
-0.070912
-0.096182
0.016516
0.102652
-0.011785
0.024004
-0.105916
-0.080210
0.036797
-0.092831
0.113838
0.030040
-0.078083
-0.095141
-0.076619
0.046781
-0.076550
0.116748
0.046748
-0.021805
0.082683
0.112270
-0.002119
-0.014121
0.107672
0.037086
0.090722
0.091907
-0.104374
-0.104217
-0.043355
0.107669
0.047483
-0.080185
0.115641
0.082629
0.092695
-0.052203
0.007468
-0.036858
-0.113031
-0.030405
-0.083920
-0.062931
-0.016703
0.052542
0.014045
0.045662
0.105668
0.070712
-0.093176
0.086423
0.006309
-0.037866
0.098974
-0.061036
0.063806
0.094078
0.020561
0.010289
0.050517
-0.115611
0.047925
-0.054232
-0.030113
0.065291
0.115200
-0.033482
0.060675
0.014582
0.077170
-0.065466
-0.027510
0.000932
-0.110118
-0.050060
-0.034228
-0.012586
0.110584
-0.069795
-0.062343
-0.024862
-0.099365
0.101725
0.064141
-0.078610
0.037772
0.012702
0.112059
-0.042714
-0.110922
0.089024
0.084651
-0.027220
-0.113857
0.110510
-0.064277
0.050408
0.113288
-0.048945
0.057722
-0.116415
-0.055407
-0.077780
0.107789
0.020336
0.035296
0.094694
-0.060577
0.000113
-0.093892
0.086961
0.084366
0.048214
-0.002578
0.100841
-0.053943
0.045691
-0.042567
0.025485
0.092457
-0.094148
0.022957
0.098827
0.042131
-0.085789
0.105962
0.116484
-0.055354
0.001874
0.050361
-0.053071
0.114413
-0.026274
0.076833
0.072685
-0.067254
-0.049425
-0.064314
0.068210
-0.048641
0.071718
-0.077662
-0.103576
-0.078570
-0.004291
-0.064977
-0.048470
0.113683
0.047672
0.081013
-0.107238
0.039587
-0.088276
-0.080207
-0.086558
0.115376
0.110121
-0.050057
0.055579
0.108050
-0.045801
-0.058932
-0.003296
0.063365
0.059314
-0.019015
0.041378
0.072155
-0.110431
0.102404
0.108977
-0.049785
0.017822
0.060070
-0.028176
-0.043350
-0.118966
-0.018787
0.049339
0.047839
-0.107829
0.068662
0.029774
0.016346
0.045489
-0.054242
-0.024518
-0.046061
0.004303
-0.075777
0.068682
0.116585
-0.064100
-0.042249
0.094724
0.027682
-0.020610
0.038610
0.073301
-0.036956
0.013951
0.011307
0.047872
0.104870
0.094722
0.095411
-0.075438
0.045546
0.050589
0.084952
-0.004213
-0.052856
0.093102
0.063157
-0.001476
-0.059811
0.006728
-0.062220
0.074836
0.063406
-0.072688
-0.046548
-0.111373
0.050007
0.082950
0.053957
0.027740
0.040183
0.104357
0.013624
0.099605
-0.046804
0.028121
-0.022427
0.074983
-0.071906
0.027271
-0.097545
-0.072855
-0.056076
-0.040903
0.102650
0.066230
0.099828
-0.068077
0.096756
-0.092845
-0.038853
-0.025616
0.105342
-0.111086
0.086275
-0.080717
-0.090124
-0.110773
0.105531
0.007818
-0.113103
0.034561
-0.027530
0.066309
-0.097520
-0.011694
-0.028795
0.076398
-0.019263
-0.002913
-0.084151
-0.100208
-0.072143
-0.047821
-0.049610
0.012678
-0.020627
-0.107737
-0.067920
-0.094808
-0.114121
-0.023096
0.046370
0.050904
-0.099115
-0.029390
0.066025
0.084084
-0.074379
-0.110392
0.092725
-0.083291
-0.045648
-0.053303
0.094524
-0.069045
0.015493
-0.106550
0.037761
0.030319
0.001710
0.109574
-0.008867
0.099515
0.015163
0.075151
-0.007904
0.007374
-0.052779
-0.025747
0.016322
-0.073084
0.001211
-0.019536
-0.053767
0.027419
0.098960
0.047523
0.006469
0.025005
-0.053705
0.111948
0.086565
-0.108222
-0.054639
0.014803
0.017369
0.030663
-0.087974
0.040853
0.005207
0.045235
-0.090033
0.041645
-0.008329
0.078097
0.104676
-0.061169
0.082748
0.051269
0.079253
0.066530
0.119008
-0.092419
0.071415
0.009221
-0.036643
0.101047
0.076926
0.093669
-0.052099
0.066465
0.114717
0.026640
-0.022219
-0.040289
-0.058738
-0.040024
-0.114362
-0.113515
-0.008875
0.044624
0.047104
-0.000748
0.109388
0.072178
0.081645
0.030481
0.013110
0.056887
0.111684
0.042169
-0.054357
-0.072893
-0.079818
0.062601
0.048257
0.078061
-0.026226
-0.054609
-0.046431
0.111327
0.023976
0.003988
0.048372
-0.116129
0.056398
-0.005314
0.097830
-0.001360
0.091294
0.107764
-0.066496
-0.078336
0.024608
0.044184
-0.089559
0.013604
-0.037077
-0.063376
-0.049994
-0.046103
-0.069133
-0.017160
-0.106645
0.072304
0.102745
-0.023692
-0.052399
0.005767
0.112745
0.064223
-0.075414
-0.073662
-0.094289
-0.068513
-0.047973
0.051550
-0.011256
-0.021551
0.029163
0.112506
0.107665
0.018276
0.069551
0.109941
0.085423
-0.111185
0.078504
-0.078767
-0.060179
-0.102168
-0.055726
-0.119013
-0.042626
-0.059733
0.000025
-0.110345
-0.001780
-0.041233
0.092513
-0.091608
-0.072656
-0.065525
-0.048751
0.024497
0.096014
0.116045
0.030267
0.000497
0.072062
-0.004118
-0.072436
-0.060983
0.027828
-0.032358
0.076599
-0.046544
-0.007341
-0.014320
0.020605
0.058796
-0.057107
0.088509
0.001400
-0.028547
-0.009272
0.039325
-0.027733
0.089914
-0.111976
-0.090639
0.042976
-0.042828
0.066516
0.067439
0.005929
0.020497
0.028475
0.057915
-0.031322
0.072611
0.013239
-0.064042
0.002475
-0.005447
-0.008333
-0.083804
-0.090687
0.016852
0.046921
-0.114656
-0.086913
-0.067039
-0.114312
0.104363
-0.000516
-0.082580
-0.007795
-0.003338
-0.083444
-0.076592
0.111892
0.065963
-0.110730
-0.007973
-0.005341
-0.015683
0.002263
-0.051734
-0.077881
0.008623
-0.056408
-0.110121
-0.048265
-0.052525
0.115681
0.025122
-0.055934
0.060883
-0.097024
-0.038953
-0.017760
0.076240
0.054596
-0.060647
0.018533
0.037117
-0.057437
0.110551
0.072697
0.043880
0.100807
0.014861
-0.108784
-0.078456
0.018138
0.097810
0.014641
-0.026522
0.107821
0.077391
0.108124
-0.054082
0.001131
0.076451
-0.018278
0.016791
-0.047649
0.112363
0.022100
-0.063195
-0.098638
-0.081708
0.098129
0.027194
0.058330
-0.023650
0.103228
0.056123
-0.075623
-0.072483
0.021609
-0.036638
0.097768
-0.018481
0.059890
0.089992
0.063798
0.064946
0.033625
0.094470
-0.079897
0.013350
-0.106502
0.024897
0.023886
-0.045431
0.005028
-0.087762
-0.100305
0.113141
0.044818
0.023839
0.104307
-0.100014
-0.050483
0.087893
0.028589
-0.057360
-0.080178
-0.071911
-0.115548
-0.023196
-0.024701
0.072969
0.090145
0.021936
-0.009801
0.054515
0.071513
0.036907
0.045877
0.097321
-0.062944
-0.086079
0.034265
0.071185
-0.060274
0.112622
-0.068740
0.062567
0.025074
0.010251
0.020293
0.003475
0.081353
-0.056984
0.024326
0.017291
-0.023544
0.076522
0.090748
-0.037840
0.088503
-0.037966
-0.098227
0.079957
0.084439
-0.065416
0.076725
-0.105327
0.082239
-0.094913
-0.112094
-0.078305
-0.089487
-0.082973
0.025497
0.078967
0.047681
0.014801
0.084941
0.106175
0.046939
0.076035
0.086714
0.001771
-0.012808
-0.092732
-0.055991
0.048484
0.027830
0.006193
0.002262
-0.000625
0.029667
-0.035850
0.010153
0.087851
-0.074071
-0.108989
-0.114355
0.066079
-0.068816
-0.067086
-0.018725
0.066989
0.057194
0.007118
-0.059052
0.114355
-0.093265
-0.038412
0.076721
-0.060981
-0.047605
-0.032459
-0.069171
-0.078177
-0.083257
-0.113524
-0.061603
0.052933
0.061821
-0.087800
0.093632
0.083658
-0.036160
0.004391
0.091269
0.104197
0.084315
-0.065454
0.059930
0.102824
0.038261
0.008145
0.069487
-0.086549
-0.009700
0.106319
0.021082
0.071771
0.036694
-0.002778
-0.100970
0.059279
-0.089585
0.011602
0.065259
0.064015
-0.012451
0.116948
0.058452
0.030803
0.000195
-0.088261
-0.038724
-0.078853
-0.013738
0.098078
0.097835
0.004656
0.108712
-0.104439
0.064418
0.063104
0.004231
0.107602
0.103863
0.016940
0.037733
-0.098275
-0.109038
-0.070339
-0.009096
-0.045012
0.072321
-0.011034
-0.114846
-0.113542
0.057370
0.027705
-0.059207
0.101278
-0.065474
-0.025789
0.035018
0.070781
-0.046336
0.109889
0.118519
0.084381
-0.065555
-0.095507
-0.060450
0.056121
-0.018951
0.053325
-0.003941
-0.030830
0.097148
-0.049090
0.056303
-0.018663
0.034093
-0.078406
0.114655
-0.032394
0.085262
-0.010347
-0.053766
0.103085
0.016894
-0.048369
-0.067319
0.014264
-0.043585
-0.029723
-0.048523
0.037947
0.097227
0.077976
0.047213
-0.023891
0.105217
-0.007049
0.071004
-0.064283
0.067670
-0.042177
-0.051159
-0.056166
-0.058264
0.072376
0.014615
-0.093379
-0.072928
-0.115609
-0.035773
0.033482
-0.079707
0.060220
-0.111303
0.083705
-0.051484
0.038380
0.004468
-0.098765
0.060950
-0.098330
0.091146
-0.068247
0.019187
0.089803
-0.035342
-0.096676
-0.052635
0.086873
0.057172
-0.016254
-0.003131
-0.042609
0.107909
-0.023973
-0.032818
-0.019192
-0.099661
0.060222
-0.109853
-0.000401
-0.030952
0.112793
0.018321
-0.047961
0.027714
-0.026789
-0.066627
0.064565
0.075339
0.018678
-0.076036
0.038042
0.073793
0.056971
-0.103025
0.029618
0.051421
0.013851
0.092391
0.076390
0.064093
-0.066963
-0.016897
0.083165
0.058934
-0.094557
0.026128
-0.070072
-0.069407
0.075208
0.022488
0.040303
0.096654
0.063371
-0.090285
-0.053648
-0.014064
-0.075850
-0.011483
-0.007033
0.053425
-0.111323
0.086983
-0.116911
-0.054213
0.078037
-0.047443
0.007851
-0.065965
-0.111179
-0.069775
-0.001867
0.004688
-0.030166
0.030889
-0.038091
0.050468
0.036140
-0.094667
0.002782
0.070182
-0.032706
-0.068227
-0.090094
0.058722
-0.014853
-0.003887
-0.103625
0.073238
-0.016386
0.115030
0.025232
0.015974
0.108551
-0.028868
0.031894
-0.086554
-0.018705
0.038462
0.084059
-0.002723
0.074641
0.057442
-0.002930
0.116456
-0.089543
-0.030321
-0.016416
0.000983
0.010013
0.024556
-0.030350
0.053682
-0.027570
-0.013330
0.028700
-0.082648
0.109893
-0.098643
-0.074820
0.051023
-0.002655
-0.011318
-0.050302
0.020490
-0.056518
-0.007633
-0.068034
0.093706
-0.032293
0.020978
-0.021625
-0.031473
-0.068740
-0.066222
0.069106
-0.026821
-0.030209
0.088152
0.064076
0.114255
0.051482
-0.011284
0.053474
-0.032661
0.100691
-0.013489
0.028367
0.046515
-0.003424
0.005345
0.098797
-0.026564
-0.093580
0.033428
0.037996
0.056408
0.057911
-0.084462
-0.065695
0.025136
0.020738
0.104883
-0.108210
0.060529
0.028888
-0.095800
-0.004717
-0.089266
0.103521
-0.023766
0.081210
-0.093205
0.038525
-0.071278
-0.053136
-0.038240
0.042464
0.113362
-0.050585
-0.106458
-0.113775
0.064222
0.046333
0.092525
0.073109
0.090787
-0.048762
0.020042
0.098719
0.094493
-0.011925
-0.073356
0.009595
0.006811
-0.003974
0.056247
0.079993
0.064522
-0.033695
0.082406
0.036060
0.076289
0.003726
-0.001213
0.046324
-0.030595
-0.047173
-0.032528
-0.005754
-0.068013
-0.011105
-0.050106
-0.058732
-0.037610
0.112721
-0.066384
0.076682
-0.032698
0.051239
-0.003945
-0.110313
-0.101071
-0.080797
0.047195
0.038962
-0.062315
0.110187
-0.071431
-0.112140
-0.020337
0.090939
0.037041
0.014475
0.030276
0.014264
-0.066958
0.002723
0.051654
-0.059768
0.103095
0.090982
-0.016353
0.051090
-0.081664
-0.038149
0.086057
0.014765
0.026021
-0.108057
0.072961
0.009771
0.109488
-0.062628
0.114464
0.036232
0.045359
0.020550
-0.107637
-0.010353
-0.001339
-0.025175
-0.015392
0.022851
0.015793
0.097089
-0.088099
-0.028231
-0.033174
-0.061356
0.100561
0.078639
-0.017092
0.022625
-0.061622
0.090029
-0.105668
0.054583
-0.101825
-0.049169
0.059364
-0.015977
-0.012142
0.016358
0.083157
0.031306
0.059968
-0.116472
-0.013836
-0.038286
-0.099496
-0.045270
0.105437
-0.068009
0.061131
0.094507
-0.099738
-0.067850
-0.045080
-0.014619
0.063077
0.095822
-0.035284
-0.012381
0.017209
-0.056604
0.028705
0.073930
-0.040206
0.093931
0.005887
0.016210
0.018251
0.008496
-0.056626
-0.000382
0.080258
-0.105361
-0.109787
0.056959
-0.069299
0.030645
0.054767
-0.089066
0.028975
-0.022011
0.079304
-0.044387
0.048356
0.107959
0.073447
-0.113516
-0.073065
-0.001258
0.003916
0.011012
0.012425
0.014143
0.006264
0.028027
-0.084456
-0.039757
0.065869
-0.070588
-0.013416
0.060936
-0.046524
0.093029
0.037490
0.066582
-0.075466
0.114898
0.038131
-0.107732
-0.025705
0.050990
-0.091031
-0.077519
0.112320
-0.058179
-0.106033
0.066881
-0.087629
-0.099640
-0.040122
-0.064359
0.056650
0.100629
0.105337
0.048710
0.004354
0.082337
-0.073982
0.078845
0.021671
0.050380
0.062961
-0.038804
-0.034798
-0.101857
-0.042211
0.029442
0.085330
-0.013987
-0.113394
-0.094563
0.091201
-0.095264
0.052054
0.066700
-0.051755
-0.019435
0.047678
-0.103258
-0.060886
-0.081816
0.110557
0.059571
0.061589
0.048107
0.063988
-0.102309
0.043147
0.021519
0.012277
-0.042166
-0.083516
0.012828
0.020714
0.084915
0.063498
0.020911
-0.118315
0.021400
0.110889
0.103196
0.016344
-0.015348
-0.013506
-0.041755
-0.047845
-0.070975
-0.046687
-0.111260
-0.081052
-0.044971
0.082681
-0.062090
0.090986
-0.041909
0.054231
0.061073
0.033854
-0.102236
0.010865
-0.066535
-0.116702
0.116851
0.115868
0.030777
-0.051880
0.031034
0.031396
-0.091108
0.007738
0.037952
-0.001099
-0.078497
0.017265
0.014022
-0.019813
0.020808
-0.043495
-0.034263
-0.046962
-0.034481
0.028516
0.048522
0.100626
-0.082730
0.099503
0.034429
-0.100497
-0.043380
-0.049919
0.036561
-0.029987
-0.022759
0.035900
0.094951
-0.068312
-0.083477
0.084292
-0.033227
-0.059899
-0.002889
-0.043014
0.027591
-0.077981
0.111470
0.011436
-0.095664
0.067827
-0.040347
0.009315
-0.103176
-0.036462
-0.115354
-0.114237
-0.088994
-0.041632
-0.053651
0.066482
-0.111667
0.022834
0.015084
0.105701
-0.112543
0.013570
0.117783
-0.107670
-0.080533
-0.045147
0.005938
-0.067079
0.086764
-0.001725
-0.095615
0.110591
0.113763
0.089210
-0.084302
-0.112158
-0.006214
0.011877
-0.022539
0.110150
0.108933
-0.029967
0.086624
0.113796
-0.078961
0.003648
0.114256
0.113424
-0.051995
0.080488
-0.007621
0.097542
-0.062151
-0.085280
-0.106764
-0.014709
-0.031598
-0.089873
0.113565
-0.079796
-0.019719
-0.080845
0.021408
0.052461
-0.100701
-0.053314
0.031435
-0.052766
0.045461
-0.047845
-0.082440
0.054689
-0.037362
-0.061883
-0.088200
0.036774
-0.008850
-0.116848
0.024856
0.000424
-0.080420
-0.055995
0.046359
0.065680
-0.082415
0.035637
-0.097328
0.116872
-0.053250
-0.009997
-0.106440
0.015317
0.028694
-0.042333
0.068987
0.029691
0.076719
0.070080
0.024678
0.113358
-0.022907
0.079697
0.035941
0.009638
-0.032003
0.009796
0.038874
0.107854
0.043227
0.031358
0.115286
-0.038799
0.048230
-0.058436
0.080547
-0.106675
0.098656
0.110985
-0.031558
-0.069356
-0.088663
0.098121
0.013334
0.001695
0.060388
-0.080961
0.056354
-0.051587
-0.059876
0.108711
-0.083650
0.062897
-0.069192
-0.108704
-0.002461
0.034484
-0.112806
0.016241
0.014917
0.020973
-0.052981
-0.039230
-0.010461
0.038455
-0.081853
-0.113811
0.060164
0.117056
-0.038206
0.081792
0.090190
0.086598
-0.079230
-0.086773
-0.116209
0.067090
-0.068706
-0.107366
-0.062117
-0.027014
-0.037202
-0.046181
-0.017050
-0.019072
-0.059842
0.058215
0.038063
0.092493
-0.078637
0.007308
0.076813
0.000765
0.023019
0.003365
0.018827
0.090876
0.104911
0.102600
-0.091098
0.046780
-0.109897
-0.006590
0.101319
-0.092792
-0.036590
0.047879
0.043790
-0.080005
0.002789
0.070573
-0.098889
0.057691
-0.092705
0.024638
-0.052204
0.108230
0.021386
-0.066748
0.052071
0.094532
0.003074
-0.096330
0.013489
-0.053478
0.036088
-0.031840
-0.069431
0.086921
-0.075186
0.064600
-0.019332
0.032580
0.019239
-0.012312
-0.003494
-0.117022
0.095010
-0.070543
-0.104767
-0.017163
0.008235
0.094882
0.039145
0.075900
0.017775
-0.108202
-0.037644
0.069390
0.027143
0.069664
-0.077692
0.085214
-0.000528
-0.116582
0.049237
0.006297
-0.054424
0.064336
-0.026543
-0.064241
-0.025126
0.035212
0.068798
0.086647
-0.079940
-0.116225
-0.049793
-0.034026
-0.055871
-0.063271
-0.099967
-0.068739
0.050888
-0.036540
-0.048522
0.073366
-0.072857
-0.094573
-0.094035
0.038986
0.061438
-0.022463
0.002662
0.016190
-0.056259
-0.073445
-0.078410
-0.047074
0.091201
0.007042
0.010636
0.065598
-0.002850
0.035049
-0.082195
0.016445
0.025014
0.076107
0.045210
-0.024368
0.016497
0.047550
0.094199
0.020072
0.071773
0.072156
0.025404
-0.112404
-0.043708
-0.089241
0.053672
0.094968
-0.082151
0.000291
-0.006954
-0.024700
0.002703
-0.076694
0.118404
0.028061
-0.082498
0.003475
0.092166
0.037156
0.032079
-0.112821
0.000966
-0.082619
0.077075
-0.023796
0.093330
-0.057917
0.111274
0.078019
-0.050729
-0.074156
-0.115238
-0.071242
0.111259
0.116390
0.087401
0.073674
-0.108117
0.012002
-0.043017
-0.094582
-0.038581
-0.056793
-0.044727
0.034328
0.046937
0.017733
0.075122
0.054015
0.031119
0.018014
-0.016297
0.062756
-0.035593
0.018727
-0.021405
0.090202
-0.018940
0.059076
0.006982
0.086502
-0.063376
-0.114877
-0.043473
0.090875
0.036381
0.008778
-0.027001
-0.116687
0.038852
-0.023445
-0.109563
0.108796
0.115203
0.003339
0.098921
-0.006211
0.102613
-0.033472
0.053873
-0.045807
-0.087505
-0.089113
0.050333
0.027333
0.025063
0.073997
-0.033040
0.021318
0.086757
0.051372
0.096297
0.090103
-0.022359
-0.074263
0.049198
-0.029123
-0.005311
0.055666
0.084393
0.097438
-0.072451
-0.075317
-0.089052
0.024904
0.074630
-0.048519
-0.109302
-0.095926
0.109816
-0.010084
0.026769
-0.046989
0.024185
0.098673
0.032812
0.068132
-0.067081
0.019926
0.012613
-0.023921
0.089320
0.077365
0.047021
0.076111
0.001864
-0.044781
-0.030350
-0.026614
0.048558
-0.077716
0.040438
0.048962
0.072906
-0.062813
-0.008967
-0.096763
-0.067749
-0.058313
0.005589
0.074422
-0.076087
0.055792
-0.053137
-0.064761
-0.006319
-0.113969
-0.040619
-0.117424
-0.063647
0.110356
-0.012083
0.046284
0.098091
-0.039406
-0.017757
0.091313
-0.116666
0.083452
0.080588
0.093157
-0.044607
0.111013
0.066103
-0.012115
0.021445
-0.114143
0.002950
-0.029676
-0.034528
0.018853
0.098614
-0.105453
-0.078095
0.041818
-0.021033
0.076273
-0.087817
-0.112801
-0.017610
-0.021371
0.091746
-0.003622
0.021418
-0.063887
-0.093736
-0.022624
0.106424
0.103280
-0.095363
0.101916
0.042143
-0.072429
-0.099744
-0.049158
0.026086
-0.050424
0.108340
0.093439
0.017005
0.023505
0.009085
-0.082348
-0.057810
-0.000777
-0.027183
-0.117599
-0.116249
-0.104535
0.070847
0.112474
-0.048298
0.098145
0.103527
0.059623
-0.019750
0.063569
-0.066568
-0.002695
-0.081179
-0.072939
-0.004777
0.075554
0.055046
0.114652
-0.084607
-0.053213
0.109307
0.030495
-0.062149
-0.062166
0.027053
-0.041130
0.109626
0.059451
0.051614
-0.042073
-0.044486
0.112767
-0.069452
0.033596
0.045801
0.018374
-0.045600
0.106350
0.108520
-0.115565
0.083886
0.065602
-0.001194
0.002848
0.070135
0.045416
-0.065747
-0.109280
0.023246
0.012261
-0.045389
0.029364
0.061859
0.046553
0.070761
-0.012854
0.092360
-0.087461
-0.107788
-0.111201
-0.103695
0.075939
0.115748
-0.046935
-0.099514
-0.017381
0.003791
-0.069449
-0.024915
-0.003170
0.019236
0.036393
0.046929
-0.081918
0.037144
-0.060090
-0.100558
-0.108010
0.060595
-0.007294
-0.108569
-0.061297
0.105996
-0.032856
0.092002
0.063965
0.059358
0.009614
-0.066958
0.015934
0.055114
-0.066783
0.018640
0.081740
0.063640
-0.079638
-0.040905
-0.070955
0.087005
-0.032228
-0.032059
-0.099229
-0.080462
-0.060617
0.006253
0.062486
-0.007501
0.086534
-0.018863
-0.053903
0.028788
0.038559
0.053993
-0.025368
0.034706
0.012937
-0.072413
-0.111324
0.006728
0.074311
-0.082285
-0.021980
-0.043840
-0.031004
0.000565
-0.104284
0.020507
0.055452
0.105991
0.071750
0.007060
-0.074202
-0.060027
0.106943
-0.030565
-0.110391
0.047003
0.012235
-0.063021
-0.064299
-0.095519
0.108191
0.115312
0.040498
-0.070944
-0.041382
-0.015093
-0.071991
-0.034968
0.068358
0.098809
-0.109587
0.013443
0.000083
-0.082622
0.057738
-0.019420
-0.102144
0.114875
0.038131
0.116075
-0.053220
0.078289
0.024771
-0.004854
0.102698
-0.045077
0.000521
0.072741
0.045787
0.020098
-0.001508
-0.086860
-0.055020
-0.114494
-0.006632
-0.019002
-0.075898
0.017713
0.096361
-0.047817
0.045921
-0.072704
0.014290
-0.083240
-0.029025
-0.064411
0.066810
0.102124
0.024877
-0.012018
0.106659
-0.011176
-0.097884
-0.094409
-0.032668
-0.067811
0.065971
0.081588
-0.016227
0.057043
-0.072567
-0.058134
0.063976
-0.069108
-0.026748
0.070842
-0.016226
-0.004319
-0.080105
0.103747
-0.064124
0.067879
-0.039387
-0.013350
0.107160
-0.110630
0.005282
-0.098769
0.017637
0.021337
0.047574
0.051915
-0.101134
0.061899
0.097913
-0.020787
-0.031058
-0.048418
0.005314
0.016307
-0.029621
-0.095996
0.076005
0.006954
-0.047472
-0.097808
0.028355
-0.047583
-0.082318
-0.044945
-0.080075
-0.118150
-0.006208
0.109859
0.054676
-0.100341
-0.083612
-0.073118
-0.092166
-0.035645
0.007914
0.048799
-0.108632
-0.066649
0.102679
0.078977
-0.107206
0.017678
0.009382
0.086410
-0.106331
-0.099552
-0.105315
0.044707
0.067185
0.078982
-0.080942
-0.079542
-0.018691
-0.072826
-0.082810
-0.076088
-0.102663
0.089562
-0.074688
0.006187
0.062060
0.079739
0.006298
-0.095796
-0.080219
0.059887
0.094000
-0.010608
0.035858
-0.000423
-0.053741
0.005578
-0.011173
-0.080014
-0.007580
-0.056015
0.049037
0.058962
0.064286
-0.084184
0.108751
-0.047254
0.026731
-0.107675
0.065006
-0.048518
-0.067687
-0.117608
-0.048590
-0.080709
0.025073
0.026957
0.101914
-0.009616
-0.052475
0.037129
-0.090935
-0.062896
0.011918
0.008924
0.000031
0.038487
0.024830
-0.110420
0.087255
-0.100713
0.027474
-0.109178
0.024650
0.020049
0.065327
0.067426
0.003487
0.043246
-0.064940
-0.112207
-0.002171
-0.054566
-0.108420
0.052173
0.096154
0.042361
-0.066302
0.040673
-0.018057
0.013898
0.092644
-0.053709
0.099040
0.051139
-0.025005
-0.084840
-0.018130
0.090148
-0.075058
-0.015356
0.055878
0.047075
0.067131
0.080968
-0.040607
0.094581
-0.104570
-0.093894
-0.101170
0.045040
-0.013499
-0.008429
-0.062650
0.063159
-0.094338
-0.073165
-0.084511
0.039018
0.019336
-0.083120
0.008594
-0.105218
0.066410
-0.023345
0.045849
-0.099985
0.006606
-0.017511
0.053830
-0.052024
-0.052904
-0.108601
-0.081899
-0.076940
-0.088344
0.050847
0.075226
-0.015344
-0.038074
-0.080639
-0.064482
0.052131
-0.056653
-0.013111
-0.031091
-0.091259
-0.099866
0.107209
-0.100858
-0.062455
-0.101415
0.115848
0.030782
-0.071694
0.107264
-0.098990
0.028861
0.030885
0.100272
0.099916
0.105523
-0.045583
-0.053272
0.047715
0.010288
-0.040965
-0.053131
-0.083122
0.053731
0.050971
0.116588
-0.034262
0.103920
0.033925
0.075062
-0.114762
0.017188
0.101043
-0.028078
0.079030
-0.052283
-0.075349
0.101642
0.098644
0.105558
-0.012982
-0.051892
-0.031855
0.056456
-0.005610
-0.055133
-0.023963
0.108479
0.026047
0.013092
0.054312
0.043233
0.067979
-0.086553
0.003934
0.005723
-0.080472
-0.052407
0.015140
-0.015360
0.102175
0.022634
-0.100705
-0.097796
0.051320
-0.034095
-0.017023
-0.111199
0.095205
0.112606
0.036597
0.072551
-0.071448
-0.085858
0.093069
0.093227
-0.105514
0.071604
-0.101238
0.057878
0.056840
0.024091
0.027921
0.110366
-0.056609
-0.077230
-0.106179
0.088809
0.000932
-0.068718
0.045471
0.092263
0.007667
0.040762
-0.083716
0.075933
-0.009257
-0.018307
-0.019757
0.021575
-0.039645
-0.069007
-0.073850
-0.054672
0.088515
-0.087342
0.060769
0.033751
-0.058583
0.065730
-0.005996
0.058127
0.102324
0.064020
0.001199
0.011815
0.115155
-0.077437
0.083041
-0.030532
0.010032
-0.074865
0.017335
0.014538
0.009512
-0.113468
-0.044509
-0.085992
-0.072539
-0.087556
0.107360
-0.026485
-0.001484
0.079170
-0.083121
-0.070739
0.095729
0.111670
0.007146
-0.018198
-0.098987
-0.056270
-0.111363
0.034517
0.063953
0.010984
-0.021010
-0.026435
-0.018908
-0.089921
-0.009642
-0.109150
-0.074030
0.057941
-0.047069
0.054114
-0.042351
-0.016136
-0.060669
-0.062389
-0.029204
-0.022242
0.013225
-0.090336
-0.083156
-0.113902
-0.038558
-0.007264
0.075200
-0.042093
0.042049
0.003036
-0.077201
0.101277
0.033239
0.079648
0.018331
-0.096825
-0.024894
-0.088172
-0.089755
-0.081138
0.007879
-0.062719
0.012212
0.114496
0.095726
0.055157
0.051644
0.106010
0.047029
0.067467
-0.085301
0.038246
-0.024702
-0.066141
-0.048918
0.066430
0.083490
-0.105552
-0.086612
0.039537
0.039243
0.110147
-0.045123
-0.111758
-0.028395
0.011920
0.016233
0.071372
0.099221
0.011135
-0.003757
0.021556
-0.000639
0.055144
-0.045663
-0.033414
-0.079840
-0.041694
0.113567
-0.072714
-0.022582
0.020546
0.018534
0.116975
-0.016220
-0.065982
0.067276
0.103401
-0.026574
0.019443
-0.114359
-0.112505
-0.018669
0.082120
-0.118601
-0.032318
-0.052666
0.052777
-0.023697
-0.018697
-0.063615
0.070173
-0.060427
-0.069774
-0.106783
-0.091028
-0.108513
-0.054079
-0.007421
-0.026824
-0.052566
-0.048973
-0.070623
0.111138
-0.054835
0.051814
0.001744
0.113902
-0.111401
-0.025777
-0.106499
-0.038065
0.081185
-0.036730
-0.060296
0.065352
0.113356
0.025065
-0.016444
-0.030132
0.063065
-0.017974
0.112344
-0.073158
-0.092096
-0.067729
0.054343
-0.008787
-0.118590
-0.050356
-0.079890
-0.039948
0.109168
-0.111119
-0.117847
0.006240
-0.069700
0.072028
0.112088
0.006079
-0.009602
0.070267
-0.105908
-0.061468
-0.108353
-0.042621
0.093511
-0.056142
-0.012235
-0.041142
0.095359
-0.105659
-0.012434
0.040847
-0.090836
-0.052998
-0.034623
0.055196
0.096589
0.062080
-0.098263
-0.026533
0.054555
-0.092792
-0.051638
-0.013332
0.068309
0.021672
0.076753
0.007798
0.024355
0.073272
-0.078862
0.002565
0.023555
0.082901
0.116074
0.068024
0.088285
0.051224
0.016870
0.068631
-0.096730
-0.051704
0.032789
-0.071854
0.082847
-0.042576
-0.108175
0.031472
-0.053737
0.075362
-0.050295
-0.025391
-0.085989
-0.106933
0.079565
0.058780
-0.114982
-0.058443
-0.081877
0.117269
0.048555
0.055038
0.115665
0.056523
0.098877
0.009499
0.038859
0.015204
0.057545
-0.031208
-0.050398
-0.096067
0.084153
0.083569
0.045661
0.100458
-0.072876
-0.047908
0.076517
0.112535
-0.080685
0.051118
0.035030
0.061607
0.036438
0.034169
0.001967
-0.096535
0.086553
-0.031833
0.056434
-0.096845
0.025775
-0.082038
-0.108747
0.054708
-0.030780
0.113516
0.018123
-0.058473
0.084371
0.099822
-0.022433
-0.017146
-0.013001
-0.011015
-0.075876
-0.073995
-0.027924
-0.088847
0.099690
-0.056913
0.017382
-0.108833
-0.027825
0.001485
0.110215
-0.059540
-0.033954
-0.086353
-0.077340
-0.034742
0.021428
-0.052234
-0.111445
0.054174
0.062568
-0.017360
-0.115789
-0.050099
0.101532
-0.078675
0.048788
-0.029287
-0.019821
0.066825
-0.006428
-0.069218
0.037492
0.063229
0.024048
0.013050
0.063224
0.107652
0.027928
0.035502
-0.078977
-0.100506
-0.100431
0.067151
-0.002394
0.115039
0.031365
0.067175
0.007618
0.056812
-0.071025
0.083319
-0.042010
-0.000491
-0.106876
-0.055769
0.113428
-0.017583
0.083896
0.098884
-0.076089
-0.054982
0.099583
-0.048097
-0.116048
0.105158
-0.026737
-0.011096
0.043524
-0.010595
-0.029746
-0.017998
0.007288
-0.072625
0.010322
-0.087241
-0.023619
-0.042524
-0.023974
-0.022057
-0.026039
-0.044374
-0.022315
0.045791
-0.036375
0.021623
0.001359
-0.095754
0.081836
-0.092531
0.022286
0.107635
-0.097958
-0.052775
-0.084862
0.083968
-0.081585
0.037129
0.048840
0.072873
-0.032428
-0.012519
0.086019
0.112013
0.000839
-0.017000
0.035582
0.086475
-0.040297
-0.010005
0.029756
0.095560
0.108564
0.006226
0.082518
-0.075460
0.045249
0.014156
0.113072
0.112397
-0.117622
0.068585
0.000846
0.109632
-0.023430
-0.008371
-0.003316
0.033125
-0.047569
0.033574
-0.005016
-0.043557
-0.061442
-0.083566
0.049851
-0.081874
0.067706
0.043081
0.061409
0.044589
-0.058977
-0.030834
-0.086490
-0.002159
-0.007240
-0.023486
-0.095424
0.059314
-0.024926
-0.094618
-0.086006
0.047038
0.042961
0.107555
0.075237
-0.088559
0.054590
0.119072
-0.076734
0.012464
-0.004348
-0.117404
-0.056668
0.017204
0.078883
0.024201
-0.016863
-0.004313
0.053068
-0.073458
0.010824
-0.013293
-0.111984
0.079305
0.031495
0.042311
0.027186
-0.046129
-0.009085
0.092323
0.041572
-0.094610
0.075296
0.059902
-0.096983
-0.073538
-0.074878
-0.071499
0.041041
0.043547
-0.050762
0.013517
-0.005209
0.013838
-0.011095
0.058625
-0.037918
-0.022747
-0.108009
0.108457
-0.014231
0.081015
-0.060081
-0.092340
-0.058714
-0.060203
0.055324
-0.005343
-0.080008
-0.029527
0.067855
-0.061598
0.099628
0.044435
-0.039841
0.018551
0.074494
-0.034517
-0.111374
-0.043425
0.005016
0.021573
0.015358
0.028135
-0.055685
0.009481
-0.044692
-0.011553
-0.008494
0.003757
0.059937
0.044589
0.117824
-0.091954
-0.096079
-0.053997
-0.033816
0.087639
-0.111066
0.002995
0.063801
-0.072901
-0.037682
0.091913
-0.032891
0.059258
0.041091
0.075980
-0.049725
0.010445
0.032088
-0.063217
-0.086212
-0.002494
-0.051131
0.104728
0.058712
-0.067048
0.063819
-0.049735
-0.049119
-0.033277
-0.075588
0.098142
0.002904
-0.096348
0.028702
-0.021426
-0.083024
-0.116057
0.009891
-0.082778
-0.082835
0.076502
-0.046216
-0.009890
-0.074562
-0.096013
-0.077961
0.076882
-0.086915
0.020270
-0.092726
0.038663
-0.058088
-0.027848
-0.037699
0.108940
-0.095183
0.019309
0.069160
-0.036208
0.014036
-0.018947
0.077845
0.075110
0.089470
0.095205
0.046217
0.110553
0.031307
-0.009774
-0.069819
0.001553
0.023167
0.112782
0.021440
0.108260
0.012350
-0.023824
0.043441
0.003649
-0.020843
-0.069965
0.115305
-0.058351
0.106754
0.088717
0.072512
0.077971
-0.035705
0.112625
-0.084269
0.002237
-0.042165
-0.072325
-0.079829
-0.110836
-0.026937
0.024385
-0.023986
0.045534
-0.053517
0.047129
0.061593
0.091507
-0.012996
-0.038754
0.067943
0.080946
0.080961
0.057048
0.085455
0.014847
0.092903
0.051938
-0.079966
0.030786
-0.079579
0.007402
0.088558
-0.096287
0.053546
-0.017765
0.074580
-0.074335
-0.073764
0.092158
-0.032884
-0.107508
0.063562
-0.111909
0.074891
0.003739
0.046200
0.065369
-0.055854
0.032399
0.105730
0.088602
-0.030128
0.059722
-0.019966
-0.001867
-0.058578
0.070720
-0.060178
0.083759
0.065448
-0.085450
-0.065585
-0.115517
-0.046338
0.101094
-0.046156
-0.015801
-0.091540
-0.073684
0.080238
0.113173
-0.094856
0.010142
-0.029950
-0.002124
0.076714
-0.077381
0.114335
0.102127
0.059703
-0.078084
0.071481
0.038233
-0.098638
-0.051675
0.087543
-0.021305
0.112835
0.103871
-0.089694
0.065483
-0.029160
0.078756
0.038870
0.101716
0.041450
-0.041704
0.111527
-0.053690
0.082637
0.019096
0.090924
0.002450
-0.017310
-0.087802
-0.068112
-0.041807
-0.052961
0.067942
-0.012809
0.073780
-0.091418
-0.077550
0.032250
-0.034717
0.069429
0.096714
0.097653
-0.019286
-0.064725
-0.054837
-0.043442
-0.010075
-0.009315
-0.063719
-0.035129
-0.068468
0.079950
-0.094418
0.045943
-0.011396
-0.075747
0.094906
0.058471
0.038034
0.067114
0.061358
0.077269
-0.067244
0.111108
-0.003904
-0.017294
-0.031843
0.076243
-0.011298
-0.090316
0.097409
0.075186
0.022178
-0.044177
-0.100294
-0.111454
0.018560
-0.046515
-0.044843
-0.007618
-0.072398
-0.101087
-0.050076
-0.066120
-0.059564
0.036452
0.062645
-0.082365
0.077103
-0.021048
0.097709
-0.106237
0.054779
0.026951
-0.098717
0.031793
-0.012166
-0.012464
0.045609
-0.078535
-0.062346
-0.038288
-0.023923
-0.031803
-0.082349
-0.101141
0.029828
0.042963
-0.117269
-0.103721
-0.045410
-0.025910
-0.038605
-0.041907
-0.071826
-0.046184
-0.097902
-0.073387
0.044575
0.015152
-0.118190
-0.076453
0.069380
-0.116389
0.104641
0.007367
-0.103358
-0.089406
-0.017895
-0.118772
-0.044160
-0.037242
0.073357
-0.036296
0.080359
0.095242
-0.006778
0.004597
-0.088172
0.063428
0.082288
-0.013286
0.019047
0.095237
-0.109916
0.112900
0.069502
0.036346
-0.113247
0.110150
0.093149
-0.033140
0.058070
0.059712
-0.032357
-0.114645
-0.057128
-0.108749
0.065583
0.055133
-0.000512
-0.100565
-0.000368
-0.039244
-0.027679
-0.093751
0.014897
-0.003068
0.002628
0.079907
-0.102892
-0.073164
-0.052477
-0.094775
-0.084719
-0.058751
-0.053400
0.017092
0.081679
0.115017
-0.113834
0.042939
0.010100
-0.081600
-0.007533
-0.095864
-0.095369
0.111074
0.015902
-0.011878
0.028723
0.023956
-0.034241
0.070253
0.104213
0.080508
0.003214
0.060116
0.012844
0.047467
0.014595
-0.067868
0.055961
0.116754
0.090170
-0.031788
-0.028079
0.032188
-0.095760
0.037350
0.021245
-0.057071
-0.017126
-0.026548
0.077829
0.080716
-0.040028
0.020437
0.013974
0.077330
-0.084814
-0.072818
0.047171
0.008893
-0.080671
-0.044491
-0.075966
0.072783
-0.049068
-0.095847
-0.112954
-0.028935
0.018798
-0.039691
0.040183
0.094530
-0.045776
0.038247
-0.090373
0.046222
-0.078212
0.035092
-0.019417
-0.094115
-0.065145
-0.073926
-0.104154
0.000469
0.114897
-0.048651
0.085534
0.021846
0.011381
-0.105991
0.097195
0.000989
-0.087138
-0.047050
0.083121
-0.021727
0.025836
-0.106695
0.040611
-0.110042
-0.032012
-0.091496
-0.104650
-0.090280
0.066367
0.044820
-0.059313
0.061432
-0.093788
0.112171
0.043754
-0.009240
0.040173
-0.082179
-0.066222
0.020557
0.071267
0.021648
-0.002679
-0.079142
-0.021635
0.057681
-0.097651
-0.073346
-0.046072
0.056219
0.020965
-0.009276
-0.115312
-0.099748
0.032622
0.000491
-0.046500
-0.109045
-0.104844
-0.095973
-0.030189
0.052828
0.023038
0.036516
0.036553
0.048196
0.075102
0.067440
-0.103474
0.111852
0.037832
-0.063517
-0.062749
0.007064
-0.053530
-0.020350
-0.002881
-0.057158
0.010515
0.050265
0.055750
0.074867
-0.100417
0.103691
0.041571
-0.098473
-0.014370
0.069699
0.026166
0.007009
0.082965
0.062947
0.045197
0.061773
-0.063226
0.051523
-0.097691
0.081064
-0.055316
-0.054610
-0.077102
-0.068761
-0.004523
-0.003626
0.026545
-0.073803
-0.029292
0.108911
0.041384
0.055625
-0.000649
0.027351
-0.068660
0.023724
0.101706
-0.117460
-0.101288
-0.092870
-0.005347
0.021070
0.110884
-0.043457
0.059944
0.000699
-0.022552
0.081438
-0.092178
0.095528
0.034918
-0.069728
-0.002458
-0.104268
0.044284
0.011147
-0.106691
0.110542
0.011196
0.010783
-0.089096
-0.034931
-0.087676
0.032706
-0.000653
-0.010308
0.085293
0.041847
-0.027446
0.039072
-0.022266
0.092732
-0.092422
-0.043747
0.086044
0.009394
0.033983
0.015151
0.056474
0.003139
-0.007463
0.020893
0.048264
-0.094385
-0.022034
-0.099924
0.003927
0.031071
-0.097096
0.102989
0.054255
0.032917
-0.049621
0.038089
0.053490
-0.027065
0.046548
0.095175
0.075927
0.108445
0.070070
0.088837
-0.108186
-0.116777
0.073426
-0.064396
0.073578
-0.100457
-0.099818
0.104423
0.034444
0.039290
0.067436
-0.091876
0.043352
0.017286
-0.107652
-0.087128
-0.117541
-0.109294
0.027847
-0.000708
0.045821
-0.012302
-0.025263
-0.013569
-0.115235
-0.097968
-0.105537
-0.087726
-0.022854
-0.085592
0.020192
0.012644
-0.026305
0.104256
-0.064249
-0.072416
-0.006602
0.104397
-0.032734
-0.048908
-0.088330
-0.046560
-0.115568
-0.016404
0.004242
0.077584
0.098163
-0.072167
-0.091800
-0.062343
-0.089621
-0.045282
0.089777
0.061463
0.114949
0.075424
-0.034491
0.009144
0.091620
0.035581
0.049387
0.047858
-0.010115
0.075909
-0.049414
-0.047136
-0.098111
-0.042385
0.019427
-0.040089
0.082140
0.081350
0.112111
-0.112312
0.105609
-0.054264
0.006868
0.039107
-0.066993
-0.005359
-0.023040
-0.016437
-0.088897
0.055564
-0.065762
-0.107702
0.095501
-0.084728
0.050478
-0.039848
-0.037901
0.060644
0.067558
-0.089127
0.010854
-0.058868
-0.064572
-0.058294
0.039635
-0.006859
-0.077358
-0.006848
-0.097859
0.074654
-0.118065
-0.016273
-0.099371
0.085886
-0.026033
-0.099321
-0.109701
0.064031
-0.109508
-0.002251
-0.036471
-0.064553
0.025943
0.045074
0.011835
0.097719
-0.111432
0.000373
-0.000009
-0.098579
0.085145
0.064478
-0.106406
0.017299
-0.088589
0.038909
-0.103908
-0.014185
0.073389
0.020806
0.051330
-0.073631
0.023472
-0.045030
-0.059359
-0.113759
-0.033433
-0.046522
-0.078140
-0.082094
0.013092
-0.015082
-0.025786
0.012932
-0.084800
-0.110104
-0.098906
-0.062788
0.077230
-0.056740
0.106455
0.097208
-0.007912
-0.029182
-0.022760
0.002077
0.067880
-0.014854
0.052910
-0.101523
0.084741
0.094785
0.101121
-0.019118
0.109223
-0.060027
0.054566
0.110643
0.074136
-0.080010
-0.117242
-0.085938
0.003497
0.107064
-0.046034
-0.097441
0.031168
0.075048
-0.088340
-0.075924
-0.068271
0.115820
-0.048287
-0.107977
0.062030
0.003873
0.009208
0.040457
-0.018146
-0.026692
0.112860
-0.060074
0.071201
0.069015
0.069942
0.020661
0.114090
0.033732
0.050192
0.103982
0.057985
-0.012302
0.062671
-0.054662
0.045069
0.086272
-0.061428
-0.030234
-0.100978
-0.007185
-0.073358
0.090077
0.021221
0.035945
0.078763
-0.093345
0.060105
0.091013
-0.029199
-0.018551
-0.048346
-0.043854
0.032446
0.026854
0.076633
-0.019320
-0.095458
-0.073469
0.043162
-0.009546
-0.018971
-0.025019
0.035039
0.069677
-0.077633
-0.020368
0.069880
-0.006569
0.086719
-0.017660
0.076344
-0.003333
0.090569
0.108606
-0.096671
0.029460
-0.110326
-0.024907
-0.091640
-0.030839
0.015080
-0.010371
-0.045727
0.008262
0.019154
0.086738
-0.017288
0.020113
0.050053
0.056704
-0.096708
-0.072884
0.095844
0.096533
-0.009368
-0.002568
0.103007
-0.110166
0.102061
-0.053158
-0.100567
-0.074695
-0.085987
0.056072
0.008461
-0.084426
-0.096760
0.091000
-0.023685
0.095673
-0.045960
-0.029861
0.000749
-0.050665
0.014459
0.116882
0.105063
-0.079351
0.078695
0.090316
0.033642
-0.023528
-0.081827
0.018186
-0.106717
-0.057228
0.084891
-0.058959
-0.099906
0.116943
0.103600
0.017530
-0.076015
0.117532
-0.086801
0.040117
0.028705
-0.003096
-0.116308
-0.030751
0.098002
0.108253
-0.057149
-0.109709
-0.104218
-0.005885
-0.108862
-0.106093
-0.081526
-0.082209
0.017461
-0.103092
0.050224
0.079736
0.025636
0.102649
0.039362
-0.116763
-0.081162
0.100968
-0.055701
0.058000
-0.017838
0.073400
0.042924
0.007505
0.039065
-0.027045
0.102011
-0.053001
-0.117706
-0.099358
0.091736
0.062280
0.091587
-0.109580
-0.002066
-0.099157
0.055394
0.016334
-0.072146
-0.106661
-0.023085
0.000676
0.118277
-0.043133
0.046678
-0.060813
-0.100335
0.040933
-0.066864
-0.072810
0.067813
0.068485
0.007712
-0.079947
-0.091102
-0.061912
0.050127
0.054227
-0.010140
0.019489
0.080852
-0.102622
0.023626
-0.101006
-0.033898
-0.059164
0.058531
0.111613
-0.050766
0.068338
0.115218
-0.063244
0.055382
-0.074302
-0.075598
-0.060461
-0.108754
0.071089
0.026755
-0.024343
-0.035872
0.072475
-0.089132
-0.059329
0.052170
0.109411
0.089495
0.102070
-0.007946
0.085664
-0.053592
0.040593
-0.104115
-0.061398
0.007342
-0.018646
0.105609
-0.035123
-0.093859
-0.078759
0.099985
0.043880
-0.014347
-0.082036
-0.107904
0.085824
-0.054098
0.013570
0.113789
-0.064339
0.067952
-0.092353
0.018828
0.085272
-0.014800
0.041288
-0.093730
-0.102854
0.062507
-0.115576
-0.019606
0.074846
0.073952
0.077976
0.074882
0.051723
-0.077807
-0.107080
-0.017248
0.014699
0.067969
0.017942
-0.024672
-0.097996
-0.051691
0.010526
0.107850
-0.096387
-0.098491
-0.057507
-0.071778
0.108524
-0.114350
0.090068
-0.067799
0.075644
-0.065494
0.112042
-0.117727
0.012153
-0.070988
-0.074712
-0.007816
-0.074563
0.064660
0.023068
0.023028
0.060619
0.076685
-0.115007
0.075144
0.008770
-0.021907
0.061245
0.028678
0.058131
0.112898
-0.017349
0.047566
-0.100456
0.104380
0.070464
-0.056745
-0.044710
0.019208
-0.093154
0.029952
0.069122
-0.060051
0.093019
0.104148
-0.005673
0.024756
0.051702
0.101690
0.077314
0.074381
0.063461
0.007259
-0.008081
0.115381
0.118668
0.117934
0.022764
-0.095488
-0.072369
-0.031017
-0.113545
0.003789
0.106221
0.009273
0.049111
0.093488
0.015028
0.095219
0.032792
0.103506
0.113531
-0.015727
-0.116453
-0.100467
-0.019933
-0.067949
-0.000390
0.015407
0.104149
-0.044010
0.070864
0.005202
0.013194
0.082924
-0.105495
-0.061268
-0.025526
-0.063953
0.070383
-0.105141
-0.083705
0.096841
0.021187
0.091824
0.034369
0.065073
-0.004370
-0.095081
-0.090213
0.069938
-0.098338
-0.103650
-0.036151
0.001816
-0.055381
0.014956
0.034600
0.032347
-0.001836
-0.027703
-0.063655
0.029585
-0.085218
-0.069437
-0.116781
0.041224
0.024945
-0.046185
-0.023037
0.063396
0.082096
0.007877
-0.104300
-0.024680
0.110725
-0.014743
0.006954
0.007877
0.069933
-0.044572
-0.006159
-0.023632
0.044274
0.032071
-0.116259
0.011828
0.055766
-0.068713
0.063615
0.059708
0.086419
-0.061872
0.099147
0.076500
0.052068
-0.064934
0.059088
0.063258
-0.093476
-0.033056
-0.006141
0.054352
0.090735
0.096375
-0.106647
-0.103575
-0.036927
0.104327
0.000891
-0.033111
-0.104546
-0.092588
0.062238
0.006619
-0.046525
0.016807
0.027796
0.102227
-0.052723
0.015768
-0.086325
0.021426
0.018239
0.083827
0.112657
0.087404
-0.079315
0.052406
0.099024
0.038759
0.061024
0.031207
0.034635
-0.008554
-0.096359
0.058240
-0.114673
0.045766
-0.025208
-0.079709
0.117025
-0.076171
-0.104107
0.063347
-0.039814
0.088630
0.083036
0.030652
0.023682
-0.088879
0.010638
-0.083565
-0.100610
-0.040675
0.029592
-0.000887
0.063121
-0.000171
-0.093282
-0.096965
0.105267
-0.025911
0.059410
0.056779
-0.036182
-0.046228
-0.092896
-0.103019
-0.063106
-0.099905
-0.093201
-0.069389
0.040061
-0.106982
0.066239
0.077429
0.082541
0.110002
0.002586
-0.013875
0.046705
-0.056376
0.049776
0.054354
0.022079
-0.051746
-0.103303
0.083396
0.001959
0.055483
-0.109424
0.116936
0.090975
0.014336
-0.076574
0.112055
0.019434
0.042513
-0.035140
-0.049299
-0.021880
-0.024439
0.026031
-0.009490
0.083827
-0.046359
0.024997
0.028875
-0.030016
-0.040470
-0.020710
-0.076081
-0.071448
-0.008053
0.026069
-0.004393
-0.052509
-0.096507
0.074084
0.024895
-0.042131
0.069973
-0.079459
-0.110922
0.116617
0.014754
-0.086033
0.042327
0.103306
0.016077
0.108445
0.051629
0.049983
-0.087075
0.065935
-0.005959
-0.035450
-0.024416
0.112332
-0.083666
-0.054170
0.111763
-0.033220
0.022460
0.078012
-0.092188
0.099565
-0.080019
-0.051398
0.050459
-0.050943
0.070549
0.083721
-0.105935
0.045685
-0.109762
0.056063
0.018090
-0.044485
0.113942
-0.020334
0.074903
-0.047921
0.059050
-0.002660
-0.090544
0.113241
-0.026914
-0.035592
0.023910
-0.093702
0.075442
0.110642
0.097335
0.042992
-0.086107
0.114149
0.060430
0.037944
-0.056212
0.012305
-0.116314
-0.064963
0.057783
-0.064725
-0.049506
-0.002327
-0.103751
0.067267
0.040796
0.061209
-0.037932
0.006454
-0.054908
0.072972
-0.014195
0.093734
-0.114762
0.022380
-0.056958
0.021054
-0.110722
-0.027241
0.043630
0.054763
-0.041589
0.084192
-0.077608
0.041548
0.033421
0.041740
-0.061324
-0.106174
0.114911
-0.003058
0.012888
-0.024555
0.106237
-0.039628
-0.086374
-0.001752
0.073661
0.028544
0.061905
0.054928
-0.004774
-0.002995
-0.055258
0.078622
-0.098112
-0.090333
-0.001391
-0.031888
0.008698
0.043195
0.078665
0.069860
-0.040708
-0.004008
0.079474
-0.105472
-0.094807
-0.000360
-0.108465
0.082849
-0.078057
-0.047489
0.115831
-0.088305
-0.039214
0.064807
0.106662
0.011642
-0.018309
-0.108407
-0.018948
0.083220
0.075391
-0.048079
0.117866
-0.051049
-0.084519
-0.051483
0.075262
0.053190
0.115614
0.063359
0.103103
0.018609
-0.034218
0.071309
-0.021891
-0.110043
-0.119040
-0.066984
0.052784
0.000062
0.047065
-0.038883
0.086396
-0.065639
-0.089985
0.008104
0.072703
0.077611
-0.066154
0.115743
0.005511
-0.039055
0.021389
0.006667
0.030016
-0.109842
-0.115476
-0.064800
0.051603
-0.002684
-0.102542
-0.057136
-0.104331
0.111399
-0.089454
0.046558
-0.076108
0.085935
0.056390
0.110729
-0.093594
-0.056600
0.007963
-0.000891
0.012173
0.054246
-0.073145
0.030840
0.028286
0.051066
0.066377
0.108466
-0.081900
0.088031
-0.083932
-0.072894
-0.060163
0.082627
-0.087968
0.102693
0.046863
-0.025111
-0.110470
0.049776
-0.109470
0.067151
-0.113773
0.007016
-0.051843
-0.022200
-0.092052
0.039049
-0.066995
0.026464
0.085254
-0.016774
0.073770
0.103216
-0.013412
-0.115622
-0.092457
0.004352
0.080479
-0.010523
0.091874
-0.028794
0.011724
-0.003762
-0.009491
-0.063341
0.046924
-0.042816
0.035637
-0.096898
-0.109985
0.082536
0.112125
-0.018591
-0.106090
-0.094017
0.037301
0.068045
-0.059022
0.077758
0.017954
0.042510
-0.070315
0.092740
-0.036289
0.019044
-0.093192
0.091521
-0.112888
-0.097070
-0.044191
-0.021634
-0.068399
0.015103
-0.098650
-0.038346
-0.027626
-0.030466
0.006567
0.039938
0.003492
-0.100083
0.081717
0.007840
-0.101854
0.035605
0.031397
0.073401
0.056673
0.025684
0.035251
0.057884
-0.047781
-0.091835
0.104378
-0.058314
0.094887
0.091039
0.044408
0.030444
0.017931
-0.019871
0.063882
-0.110482
-0.058183
0.089980
0.022345
-0.099676
-0.091530
0.024377
-0.006307
-0.024275
0.093474
0.056885
0.033346
-0.020744
0.047056
0.054262
-0.011694
0.117044
-0.049013
0.018100
0.112944
-0.093007
-0.083958
-0.019810
-0.102253
0.112367
-0.073898
-0.004504
-0.088274
-0.067058
-0.036499
0.108932
-0.004533
-0.094978
0.088864
0.058100
-0.101422
-0.101964
0.036499
-0.109507
-0.054133
-0.104830
-0.016410
0.065669
0.012342
0.029500
-0.089075
-0.088746
-0.068650
0.003079
0.069219
-0.041383
0.044109
-0.093344
0.012854
-0.096625
0.013485
0.056326
0.052867
-0.020459
0.079084
-0.048476
0.013460
0.011620
0.088713
-0.069090
0.021345
-0.088003
-0.074225
0.024269
-0.094812
-0.027291
0.009335
-0.103786
-0.044292
-0.065559
0.021734
0.101376
0.086779
-0.064420
-0.039982
0.116773
0.048143
-0.054571
0.092279
0.009660
-0.053162
-0.108437
0.027804
-0.118483
0.062196
0.063341
0.116499
0.074787
-0.053193
0.041478
-0.070508
-0.020412
-0.025458
0.015571
-0.088850
0.046262
-0.095185
0.018495
-0.088085
0.093496
0.066345
-0.020256
0.060111
-0.004222
0.067420
0.107298
-0.041530
-0.024118
0.071447
-0.100613
-0.015594
0.113308
0.068626
0.027305
0.110440
0.028114
0.107004
0.012326
-0.036178
0.034708
-0.048816
0.072477
0.087867
0.023167
-0.005094
-0.006410
-0.036365
-0.027953
-0.102044
-0.026808
0.011783
0.016477
-0.037267
0.046881
0.090864
0.032452
0.039147
-0.019431
-0.112534
0.116977
0.094004
-0.116717
0.100846
0.103691
-0.042084
-0.010286
-0.080963
0.037039
0.050448
-0.107045
0.002538
-0.059498
-0.032646
-0.110228
0.113882
0.095853
0.002804
0.077705
-0.079391
-0.055091
-0.046844
-0.024798
0.107549
-0.053636
-0.089776
0.084365
-0.004384
0.018661
0.033904
0.099548
0.020487
-0.053240
0.028584
0.059331
0.007045
-0.063303
-0.043766
-0.082168
-0.001301
-0.107045
-0.016815
0.025897
0.065443
0.069850
-0.055331
-0.093647
0.080739
-0.104745
-0.094254
-0.079155
-0.030130
-0.028942
0.011631
0.063409
0.024246
0.018232
-0.003569
-0.105417
-0.061183
-0.022551
-0.106148
-0.106136
-0.029425
-0.050853
0.069866
-0.101444
-0.012065
-0.051311
0.034615
-0.038941
0.099792
-0.001832
-0.069963
0.086570
-0.022769
-0.056525
-0.108303
-0.111880
0.097814
-0.095360
0.073163
0.041160
-0.101297
0.041210
0.068099
-0.109014
0.100399
0.039241
-0.032832
0.081172
0.015758
0.050935
0.097368
-0.022374
0.036669
0.007326
0.095999
-0.116888
-0.063253
0.081930
-0.112067
-0.022983
0.020413
-0.116376
-0.073614
0.011748
-0.100031
0.076319
-0.066201
0.027757
0.016526
-0.096391
0.071127
0.053003
-0.085312
0.091010
0.097294
-0.018784
-0.050631
0.066702
0.094975
0.015704
0.053790
0.083345
0.117046
-0.019781
0.070007
0.090877
-0.074975
0.034620
0.085136
0.112033
-0.082465
-0.056724
0.025846
-0.045517
-0.024268
0.106250
0.115823
-0.025060
-0.110978
0.047750
0.092834
-0.001466
0.079220
0.023422
0.067925
-0.047132
0.022472
0.082642
0.017207
0.048635
-0.061364
-0.117299
0.069493
-0.043719
0.095542
0.063783
-0.063815
-0.021158
0.093073
-0.110292
-0.095979
-0.045269
0.107393
-0.099647
0.084909
-0.009003
0.014195
0.115896
-0.024591
-0.005476
0.116099
0.094980
-0.064079
-0.034633
0.035503
-0.016561
0.016092
-0.021611
0.062540
0.108736
0.034327
0.110475
-0.069120
0.018065
0.088158
0.060584
-0.078919
0.040358
-0.057435
-0.096230
-0.018130
-0.048432
0.102069
0.040060
0.008528
0.110305
-0.088976
-0.041992
0.023825
0.103951
-0.117895
0.016588
-0.039801
-0.066440
-0.091634
0.108238
0.025088
0.017890
-0.057140
0.052958
-0.023842
-0.078023
-0.043769
-0.081570
-0.073849
-0.094418
-0.015412
-0.092502
-0.005323
0.099261
-0.118535
0.040611
0.077931
0.057436
0.075780
0.042790
-0.094335
-0.032226
-0.017404
-0.097676
-0.054358
0.046395
-0.073937
-0.087146
0.050536
-0.061727
-0.117948
-0.076929
0.107277
0.034331
0.021571
0.018609
-0.068739
-0.042230
-0.093902
-0.078404
0.068906
-0.091248
0.062036
0.038671
0.075166
-0.073839
0.030720
-0.050899
0.078314
-0.062167
-0.104566
-0.092387
-0.081471
0.097429
0.071198
-0.017643
-0.047119
0.088056
-0.053454
0.068264
0.059227
-0.035904
0.032689
0.058007
0.072865
-0.054766
-0.076053
0.018003
0.070922
-0.052100
0.057792
-0.007888
0.002099
-0.118182
0.074063
0.072654
-0.067160
-0.085938
0.050787
0.090645
-0.069136
0.109801
0.016605
0.039717
0.043779
-0.002801
-0.026824
0.030033
-0.046335
0.011258
0.055979
0.015761
-0.014814
0.104728
-0.084876
0.046127
0.018658
0.036912
0.115384
0.025867
-0.106782
0.016509
0.049446
0.081662
-0.080046
0.088456
0.104756
-0.073139
0.096916
0.083662
0.110646
-0.061540
-0.011171
0.106250
0.035010
0.071864
-0.073618
-0.118559
-0.008502
-0.103083
0.099294
-0.057670
0.005241
-0.080940
-0.067255
-0.024709
-0.081314
0.047012
-0.109276
-0.109608
0.061686
0.111049
0.049886
0.054074
-0.059360
0.019860
-0.047505
0.018209
0.096256
-0.028699
-0.087809
-0.105817
0.081328
0.081787
0.034603
0.066228
0.073323
0.093945
0.067647
0.069070
0.001992
-0.075253
0.001988
0.041032
0.113936
-0.006560
-0.090009
-0.107365
-0.100944
0.069261
-0.093013
0.040725
-0.008969
-0.102668
-0.075137
0.057822
0.008087
0.035625
0.044454
0.043715
0.036779
0.088219
-0.045156
-0.018329
0.029031
-0.026181
-0.107667
-0.007504
-0.055267
0.092402
-0.118911
-0.110606
0.038904
-0.054855
-0.047840
-0.022361
0.043031
-0.049805
-0.032712
-0.032254
0.007304
-0.111082
-0.000273
0.042347
0.106705
-0.103226
0.007835
-0.025161
-0.013617
0.043265
0.104924
0.042256
-0.079518
0.027519
0.067094
0.001257
-0.007567
-0.034855
0.037336
-0.047698
-0.077079
-0.087608
-0.047471
-0.012622
-0.101517
-0.034393
-0.040629
-0.094799
0.055550
-0.029822
0.096854
0.017868
0.038712
0.079026
-0.061782
-0.077832
-0.018070
0.037374
0.028890
0.050292
-0.075891
0.025436
0.101949
0.062412
-0.089994
-0.045929
-0.028728
-0.087277
0.082767
-0.010806
0.046262
-0.075279
0.025601
-0.038341
0.041799
-0.054202
0.105913
0.024947
-0.048817
0.020413
0.018914
-0.014355
-0.104859
0.117234
-0.080824
0.102711
0.019028
0.108322
-0.031540
-0.070268
0.076762
0.060515
0.101152
0.104403
-0.013139
0.004367
0.083504
-0.111734
-0.113650
-0.086449
-0.003027
0.113122
-0.020493
0.071856
-0.078914
0.006679
-0.105712
-0.014518
-0.021745
0.103513
0.104740
0.024396
-0.059817
-0.008775
0.050512
0.067235
-0.085941
0.031036
-0.069609
0.087377
0.026673
-0.041241
-0.032019
0.051749
0.106617
0.010448
0.110563
0.050165
0.030604
-0.026218
0.009826
-0.089861
-0.009696
0.050992
-0.071329
0.099722
-0.006453
-0.084812
0.031855
-0.017091
-0.051979
0.067151
0.057411
0.100072
-0.017916
-0.049790
0.050007
0.010393
-0.023825
0.034821
-0.108471
0.053318
0.075723
0.054473
-0.034494
0.109921
-0.034431
-0.091413
0.048393
-0.084308
0.014268
-0.018488
-0.037082
-0.016902
0.054246
0.082094
-0.070601
-0.041571
0.116736
-0.065591
0.087783
-0.021005
-0.069795
0.027565
0.094883
0.059878
0.088530
0.103343
-0.092925
0.089311
0.078754
-0.090344
0.070813
-0.035418
-0.017227
0.051476
0.032247
-0.087217
-0.112879
-0.014444
-0.045314
-0.084345
0.044031
0.116693
0.072828
-0.070890
0.102482
0.011955
-0.011255
-0.085933
0.099754
-0.088668
-0.053389
-0.096188
-0.019620
-0.021028
0.076635
0.038083
0.056184
0.023934
0.035269
-0.026188
-0.052896
0.079480
0.096509
-0.066559
0.015699
-0.104117
-0.058239
-0.058411
-0.036408
-0.041516
-0.078782
0.102770
0.042429
-0.075335
0.065416
0.022308
-0.088865
-0.025909
0.011552
-0.052931
-0.087733
0.022198
-0.030719
0.115053
0.038964
0.019268
-0.026064
-0.051135
0.046575
-0.056290
-0.061588
0.065716
0.010975
0.026822
-0.010687
-0.059415
0.039540
0.003825
0.052448
0.083797
-0.043200
-0.047937
0.010426
-0.077630
0.006126
0.082457
-0.056823
-0.034067
0.009864
-0.093550
-0.053688
0.053995
0.048523
0.111350
0.030430
0.036845
0.037591
0.059956
0.102937
0.042467
0.040159
0.022010
0.061474
0.094455
-0.005035
