0.074797
-0.001085
0.086480
0.021888
-0.049451
0.065814
-0.049248
-0.112975
-0.068750
0.034798
-0.033808
-0.067931
-0.100915
-0.019113
-0.004031
0.066342
-0.067119
0.102377
-0.009503
0.101839
-0.117379
0.038141
-0.001734
0.081771
0.001995
0.091310
0.019433
-0.035793
-0.081493
0.002393
-0.067311
-0.054269
0.109694
-0.020382
-0.065285
-0.034475
-0.066053
-0.050522
0.008591
0.098761
0.048535
-0.053676
0.114149
0.068361
-0.089933
-0.036351
0.024139
0.061604
-0.020025
0.000242
-0.105556
-0.105536
0.069101
0.050887
0.076336
0.035553
-0.016281
-0.099503
-0.093857
0.045359
0.059478
-0.057222
-0.103254
0.033831
0.035997
-0.055640
-0.013566
-0.048615
-0.005115
0.053862
-0.042468
-0.043392
-0.050623
0.016904
0.062981
0.047391
0.039151
-0.084453
0.008732
0.050857
0.092464
0.108005
0.009385
0.045387
0.075753
-0.113673
0.019056
0.064542
-0.038519
-0.065815
0.068308
0.038931
0.095475
-0.027807
0.092158
-0.048560
-0.035050
0.087155
-0.086058
0.082133
0.053391
0.045331
0.055770
0.039273
-0.104250
-0.025882
-0.000039
0.023046
-0.117704
-0.008390
0.101622
-0.106635
0.106138
0.069122
-0.058987
0.056571
-0.026377
-0.082487
-0.055011
-0.023161
0.117369
-0.091314
0.059173
0.075240
-0.113170
0.007013
0.027798
0.088553
0.009878
-0.043184
-0.110858
0.037343
0.114323
0.091956
0.101553
0.045932
0.020690
0.075756
-0.085213
-0.001861
-0.005468
-0.084523
-0.030141
0.075722
-0.019450
-0.043455
-0.025165
-0.063983
0.032875
0.072730
0.110673
0.043839
-0.042469
0.052127
0.001208
0.055501
-0.001600
0.061215
-0.102615
-0.094948
-0.030273
-0.082537
0.104374
0.060823
0.114738
0.054039
-0.075867
-0.095516
0.063440
0.078672
-0.009236
-0.005236
-0.028272
0.002067
0.028844
0.077289
0.069208
-0.111006
0.052618
0.039342
-0.051676
-0.051737
-0.015695
-0.064691
0.016173
-0.112781
-0.011713
-0.071885
-0.082011
-0.061453
-0.058135
-0.016608
0.018983
0.109383
0.082604
0.074108
0.046670
0.027708
-0.053988
-0.012430
0.008150
0.063165
-0.042287
0.109525
0.047414
0.017270
0.027221
-0.093916
-0.059526
0.092656
0.036171
-0.099127
0.013428
0.028116
-0.117436
-0.056371
0.107702
0.032607
0.000263
-0.075933
-0.041577
0.068765
-0.057242
0.028969
-0.073083
-0.078096
-0.053973
-0.002535
0.010170
-0.075056
0.117551
0.064524
-0.026737
0.090986
0.115375
0.021968
-0.054584
0.089731
-0.091868
0.081488
-0.039958
0.002485
-0.051475
-0.078307
-0.099167
-0.070050
0.117733
0.045956
-0.117696
-0.066982
-0.017323
-0.024325
0.047140
-0.110138
-0.066279
-0.027732
-0.033975
-0.005949
0.040779
-0.020970
-0.077261
0.055302
-0.078007
-0.052873
-0.022715
-0.110693
0.060621
-0.105483
0.022675
0.021127
-0.100293
-0.101137
-0.011702
0.031878
0.059949
-0.109676
-0.093476
0.033329
0.021751
0.030152
-0.076540
0.066475
-0.063001
-0.062974
0.040328
-0.022612
0.012482
-0.031354
-0.074757
-0.076601
-0.032144
0.000222
-0.004678
0.094139
-0.070977
-0.107204
-0.084638
0.017189
0.029407
-0.060449
0.036528
-0.010404
0.003834
0.098323
0.075376
-0.099427
0.082398
0.096316
0.081614
0.106714
0.032120
0.069841
0.070307
-0.008155
-0.049445
0.018223
-0.110900
-0.089717
-0.015967
0.100730
0.082061
-0.081715
0.031289
0.014079
-0.063557
0.018741
-0.070279
-0.062389
0.050518
-0.107391
-0.061631
-0.098739
0.105828
-0.004375
0.016139
-0.041208
-0.019771
0.071860
-0.020282
0.043698
-0.048444
-0.103334
0.112097
-0.027347
-0.076921
0.045655
0.022513
-0.082062
0.067286
-0.055100
-0.066740
-0.015654
-0.065947
0.078392
0.000011
0.102412
-0.065293
0.020739
0.035998
0.108783
0.079845
0.100686
0.107932
-0.062074
-0.002204
0.108384
0.063916
-0.069891
-0.112346
-0.015116
0.051388
0.104368
-0.093558
0.063628
-0.060243
-0.107305
0.051004
-0.099395
-0.081702
-0.033361
-0.105778
0.050654
-0.058671
-0.007939
0.107620
0.083206
0.092038
-0.041400
0.055578
-0.014895
-0.117418
-0.010775
-0.023959
0.020755
-0.074775
-0.026916
-0.017340
-0.110726
0.034364
0.051323
-0.035181
0.069063
0.048264
0.036329
0.051179
-0.042743
-0.058035
0.110731
-0.004129
0.010946
-0.059641
0.091522
-0.075274
-0.023432
0.096130
-0.039884
-0.088872
-0.069633
0.010445
-0.101578
-0.088022
-0.017404
-0.090291
0.049076
0.083324
0.068421
0.062975
-0.025524
-0.079086
0.026094
0.096164
0.035406
0.092760
-0.039780
-0.100591
-0.029032
0.048187
0.078142
0.086868
-0.002063
0.014928
0.078730
0.053850
-0.050684
-0.016671
-0.067276
-0.015951
0.005769
0.063787
-0.011479
0.106212
-0.027490
-0.030285
-0.029315
0.025107
0.054444
0.069800
-0.074744
-0.048765
0.044840
0.113843
0.053026
-0.006894
0.025883
-0.096550
-0.088517
-0.090503
0.074213
0.114134
-0.004853
-0.055447
0.076129
0.028162
-0.100983
-0.087725
-0.070622
-0.100807
0.025826
0.108946
0.066339
0.009045
-0.014230
-0.054792
-0.039404
-0.088065
0.049603
-0.116572
0.005561
0.011737
0.056211
0.066652
-0.037439
0.079426
-0.031495
0.084104
-0.061286
0.039474
-0.075191
-0.013845
0.067554
0.026776
0.084497
-0.104660
-0.100184
0.002906
0.012200
0.021391
-0.058124
-0.052124
0.110757
-0.031618
-0.107521
-0.085164
-0.011412
0.100963
-0.105860
-0.077122
0.086929
-0.022062
-0.039849
-0.056823
0.018083
0.048995
0.092311
0.025429
-0.032716
-0.044129
-0.003742
0.046306
0.077845
0.089682
0.063184
0.087046
-0.057903
0.023528
-0.053587
-0.110607
-0.045887
-0.083686
0.064977
0.042695
0.009273
-0.099176
-0.029835
-0.035035
-0.021311
0.112839
0.002069
0.005883
0.081034
-0.040788
-0.091315
-0.037462
-0.015171
-0.029621
0.056507
0.055649
0.073863
0.011163
0.069269
0.102152
-0.116484
-0.096870
-0.062106
-0.076067
0.003735
-0.098003
-0.014108
-0.096870
-0.006689
0.055531
0.065349
0.106842
0.066637
-0.115511
0.007493
0.047369
0.081861
0.049500
-0.059460
0.102214
0.088102
0.009805
0.024047
-0.066541
-0.048088
-0.071945
-0.014606
-0.106918
0.016691
0.100664
-0.109092
-0.083217
0.095664
0.058292
0.090501
0.024760
-0.104888
-0.005715
-0.065267
-0.039329
0.061733
0.086788
0.012634
-0.093405
-0.057615
0.051398
0.010827
-0.081829
0.056362
-0.070823
0.065415
-0.022302
0.007703
0.016753
-0.117103
-0.046904
-0.111712
0.099154
-0.077237
0.002783
0.110813
0.037378
-0.115945
-0.072764
-0.032693
0.058955
-0.041477
0.028070
-0.001560
-0.021519
0.027447
0.112593
0.045050
0.113249
-0.024707
0.108329
0.037234
0.031179
-0.083447
-0.095338
-0.087596
0.024432
0.047017
0.036004
0.068376
0.117297
0.065459
-0.037898
0.066029
-0.025445
-0.087602
-0.023306
0.115956
0.078086
-0.078714
-0.024372
-0.046107
0.115917
-0.048818
0.011590
-0.069547
0.087135
-0.022346
0.087772
-0.016024
-0.115290
0.099664
0.001052
-0.005410
0.065826
-0.103311
0.027682
0.025871
-0.049901
-0.091918
0.013374
-0.039290
-0.098471
0.081979
0.081990
0.113794
0.011577
0.114636
0.009482
-0.078133
0.032199
-0.011523
0.070899
-0.086113
-0.008351
0.034315
-0.103349
-0.103426
-0.029741
-0.112768
-0.054087
0.025761
0.013007
0.069686
0.037820
-0.051350
-0.075997
-0.050306
0.033101
-0.049288
0.043477
0.070782
-0.008495
0.005442
0.074752
0.101838
0.078505
0.065378
-0.086938
-0.093572
-0.019085
0.050134
-0.040811
0.109958
-0.070660
-0.049563
0.106493
-0.024571
-0.031641
0.018780
0.093798
-0.067966
-0.006776
0.067891
0.095139
-0.043855
0.100109
0.108409
0.072437
-0.013769
-0.007938
-0.060857
-0.000526
-0.000146
-0.041659
-0.058300
-0.013718
0.092612
-0.076705
-0.103705
0.033379
0.042246
0.046957
-0.051531
0.105719
0.002340
0.036402
0.105525
-0.113870
-0.110346
-0.020122
0.103987
0.111996
0.016140
-0.015031
-0.051996
-0.078326
0.020128
0.042820
0.031421
-0.089887
-0.065954
0.032330
0.102766
-0.030622
0.025919
-0.079266
-0.092208
0.074589
-0.059789
0.104847
-0.100501
-0.086173
-0.000472
0.001028
-0.016690
-0.065673
0.094852
0.048687
0.082537
0.034183
-0.017117
-0.003881
0.059740
-0.067561
0.103661
0.063609
-0.018478
0.073014
0.006213
0.009833
-0.110629
0.006196
-0.038343
0.088833
-0.005938
-0.043485
-0.059150
-0.063780
-0.101071
0.115029
0.074807
-0.101700
0.116132
-0.103793
0.095293
0.116881
-0.007894
-0.018175
0.002106
0.110965
0.087508
0.037407
0.097194
-0.037986
-0.108013
0.060111
-0.115691
-0.102051
-0.083212
0.028526
-0.071547
-0.073189
-0.078114
0.047636
-0.110534
-0.018488
-0.108063
0.105688
0.076315
-0.069972
0.062349
-0.080136
0.044310
-0.085326
0.115864
0.041661
-0.065042
0.093219
0.092264
0.099797
0.068472
0.011141
-0.104857
-0.096255
-0.021697
0.020339
0.074750
-0.070531
0.054267
0.067715
0.036303
-0.086934
0.040544
-0.111543
-0.008801
0.112559
0.006410
0.060191
-0.083092
0.012607
-0.084734
0.072764
-0.102438
-0.106276
-0.096055
-0.099013
0.111202
0.064093
-0.013332
-0.035950
-0.100993
0.046482
0.001295
0.074422
-0.080288
-0.022960
-0.052770
0.025916
-0.091165
0.065466
-0.025520
-0.022391
-0.089935
-0.110025
-0.053409
0.052359
-0.004859
0.106925
0.061986
0.005563
0.093462
-0.067709
-0.102601
0.048085
0.076760
-0.073346
0.087995
-0.018251
0.069889
0.044624
-0.098389
-0.024016
0.117636
0.074915
0.116094
0.049412
0.042205
0.025217
-0.021368
0.099976
0.107035
-0.083381
0.015906
0.104490
-0.042823
0.014375
0.040169
-0.026849
0.072036
-0.087646
0.046490
-0.108951
-0.059439
0.079249
-0.041713
-0.039130
-0.080150
0.059821
-0.049267
0.094959
-0.097489
-0.075085
-0.101463
0.088945
0.117858
-0.031113
-0.019679
-0.029957
-0.062395
0.070716
-0.103001
0.074112
0.088817
0.009016
-0.023753
0.081594
-0.074203
0.001574
-0.086547
0.046684
-0.057496
0.094762
0.092786
0.073726
-0.094512
0.042186
0.055813
0.048240
0.039349
-0.081790
-0.004255
0.052247
-0.074301
0.090925
0.052790
-0.057618
0.087977
-0.094216
-0.041585
-0.103186
-0.080559
-0.100683
0.058128
0.065963
0.042436
0.112170
-0.041717
0.043449
0.074136
-0.017580
0.026569
0.048029
-0.083746
0.029083
0.060161
-0.061123
-0.091705
0.027500
0.060887
0.077189
0.081067
-0.071393
-0.110908
0.045546
0.093417
0.021987
-0.104531
-0.011035
0.056312
-0.057893
-0.014383
-0.043027
0.010919
-0.064343
0.028225
0.110010
-0.080829
0.079356
0.068674
-0.017484
0.033808
0.031533
0.060504
0.057997
0.113111
0.023126
0.104509
-0.012530
0.091493
-0.071999
0.075453
0.058969
0.074284
0.036913
0.099771
0.055223
0.062025
0.093500
0.044573
-0.092621
0.092373
0.104284
0.007452
-0.007560
0.084591
0.112991
-0.016460
-0.035267
0.051913
0.042550
0.067238
0.110030
0.078638
-0.006285
0.002401
-0.116504
-0.036154
0.057025
-0.051141
0.042009
0.049966
-0.025232
0.103947
-0.060781
0.023192
0.097127
-0.054158
-0.019896
-0.055983
0.097950
-0.041983
-0.088790
0.041539
0.063735
-0.061165
0.038468
-0.068067
-0.116217
-0.117138
0.010022
-0.113743
0.096270
0.007532
0.005323
-0.064575
-0.001665
-0.054690
-0.053375
0.102639
-0.062959
-0.032334
-0.065145
0.027189
-0.104695
-0.081664
-0.008699
-0.015876
0.014258
0.034233
0.033045
0.084479
-0.088722
0.033073
-0.048498
0.094478
0.080548
-0.068291
-0.103420
-0.039012
0.010041
0.096010
0.027243
0.063524
0.064026
0.043189
-0.049483
-0.066268
0.003572
-0.029302
0.113436
0.027997
0.109386
0.047393
0.113213
0.061294
-0.011705
-0.098911
0.075617
0.042925
-0.112850
0.034940
0.045676
-0.061154
0.047114
0.064547
-0.012275
-0.027582
-0.065667
0.097807
-0.089960
0.082314
-0.008873
-0.039112
-0.052656
0.008520
0.086720
-0.078515
-0.021631
-0.110263
0.005419
0.001302
0.036377
-0.013692
0.082982
-0.105338
0.005180
0.077014
-0.044259
-0.018864
-0.057914
0.108985
-0.005791
-0.071384
0.001097
-0.044584
-0.011038
0.100471
0.024575
-0.042044
-0.081182
-0.057549
0.082419
0.001778
-0.004456
0.063380
0.100349
0.114110
-0.023791
0.066282
-0.044084
0.067335
-0.096572
-0.098345
-0.093500
0.065600
-0.084167
0.109609
0.069500
-0.074040
0.080033
0.050042
-0.023449
-0.029555
0.079009
0.078642
-0.001588
-0.045212
0.090382
0.111968
0.059932
0.103456
-0.095925
-0.002848
-0.099530
0.099008
0.030668
-0.088967
0.111940
-0.014000
0.020465
0.079023
-0.111668
0.004861
0.025010
-0.092214
0.044930
0.033874
-0.076522
-0.073634
-0.107098
0.015459
-0.030815
0.051153
-0.009610
-0.009560
0.094057
0.106919
0.076637
-0.082029
-0.013443
0.021032
-0.018820
0.000655
-0.103266
-0.012624
0.113242
0.109002
-0.011315
-0.053865
-0.071698
0.101685
0.001955
-0.045976
-0.099381
0.085064
-0.080440
-0.014510
0.087939
-0.011219
-0.065498
-0.103099
-0.046866
0.094820
0.081692
0.111367
0.094878
-0.007677
-0.110665
0.117262
0.026423
-0.059539
-0.055120
-0.100414
-0.063706
0.007865
0.108660
-0.037632
0.020303
0.080788
0.103193
0.042725
0.045621
0.086722
0.051379
-0.066966
0.020486
0.112493
-0.100082
0.068463
0.072883
-0.103398
-0.104732
-0.005520
0.094083
0.092955
-0.020287
-0.008259
-0.050824
-0.052282
-0.050739
0.026772
-0.060402
-0.023301
-0.009594
-0.047575
0.029960
0.025469
-0.114570
0.029299
0.031165
-0.039369
0.077407
-0.065888
0.043942
-0.066122
0.098479
0.038244
0.091033
0.020689
-0.107844
-0.099956
0.019755
0.078825
-0.097739
0.113322
0.058461
-0.108541
0.014074
-0.027003
0.017493
0.027297
-0.057031
-0.073257
-0.112530
-0.058329
-0.085230
-0.044151
-0.047948
-0.079000
-0.001239
0.060276
-0.009537
-0.030474
0.044807
-0.008031
-0.005744
-0.104661
0.008451
0.027713
-0.001337
-0.093965
-0.039567
0.103435
-0.025214
0.101408
-0.096662
0.003025
-0.038774
0.020782
0.115557
0.006913
-0.044905
0.040638
0.047132
-0.110151
0.113687
-0.024020
-0.095720
-0.063273
0.061436
0.032050
0.038390
-0.109604
-0.063047
-0.090931
0.116154
0.086037
-0.044111
0.020947
0.107960
0.096543
0.103970
-0.025788
0.094260
-0.104952
-0.086577
-0.110612
0.065622
-0.080976
-0.062189
-0.100195
0.054542
0.061880
0.024053
0.045931
0.115014
-0.076131
0.117911
-0.086846
-0.054959
0.001589
0.042239
0.034621
0.091916
-0.006968
0.000392
-0.078627
0.064883
0.075494
0.073960
0.082921
-0.068904
0.019273
0.011362
0.079397
-0.084024
0.074214
-0.106303
0.101526
0.011578
0.093856
-0.035449
-0.086829
-0.107897
-0.084104
-0.094066
-0.033061
-0.035703
0.054409
0.049542
-0.102735
-0.042069
0.042919
0.083882
0.064685
0.021094
0.113655
0.045530
-0.050852
0.022399
0.051234
0.024249
-0.020946
0.081664
0.003415
0.015141
-0.110901
-0.039983
0.109777
-0.044324
0.006345
0.020103
0.073668
-0.040701
-0.080483
-0.014406
-0.038050
0.038000
-0.095308
-0.060837
-0.030112
0.022558
-0.015910
0.062401
0.063701
0.093770
0.077153
-0.110988
0.006813
-0.109469
0.085375
0.058804
-0.056504
0.103792
0.004485
-0.088692
-0.041940
0.002602
-0.052037
0.014725
0.000154
0.058414
-0.029935
-0.061384
0.008744
-0.009525
0.093812
0.053223
-0.067232
0.024819
-0.022342
-0.054874
-0.112745
-0.063707
0.085685
0.041856
0.051961
0.025918
-0.011383
0.082754
0.095891
-0.085999
-0.100610
-0.072894
0.020131
-0.021764
0.075105
-0.058283
-0.031164
-0.055844
0.083555
0.057686
-0.077824
-0.117699
0.034985
-0.072921
0.103248
-0.115422
0.045376
-0.057457
-0.043843
0.073680
0.031288
-0.090569
-0.053958
-0.087089
0.071290
-0.070808
0.053577
0.117320
-0.106980
0.006723
0.019101
-0.084984
-0.080606
-0.035035
0.040067
0.024055
0.092803
-0.062734
0.069119
-0.047477
-0.006552
0.010347
-0.022949
-0.041416
0.053753
0.092982
-0.084713
0.006225
-0.076308
-0.077893
-0.080059
-0.058305
-0.059095
0.032270
-0.065106
-0.094630
0.041865
-0.014868
-0.047104
0.096531
-0.015022
-0.065509
0.004337
0.047881
0.113160
-0.034659
-0.092361
0.059874
0.078851
-0.044675
0.105370
-0.009500
-0.088483
-0.017871
-0.057695
0.097494
-0.079031
-0.117578
0.102962
-0.047154
-0.035203
0.058356
0.033301
0.016383
0.071113
-0.040714
0.101114
-0.061790
-0.022793
-0.094755
0.092756
-0.100237
0.077402
0.018676
0.022068
-0.067660
-0.007822
0.107172
0.005062
0.104690
0.024052
0.010559
0.031319
-0.007233
0.002876
-0.103686
-0.109562
-0.046047
0.063531
0.005042
-0.054195
-0.073576
-0.043403
-0.078476
-0.102514
-0.080886
0.059133
-0.068914
0.026662
-0.032725
-0.016345
0.042287
0.012980
-0.064139
0.027684
0.001557
-0.003863
0.115919
-0.062028
0.112619
0.073020
-0.074824
-0.112148
-0.035181
0.112551
-0.022372
0.027713
0.107456
-0.022266
0.079804
-0.061007
0.111128
-0.014089
-0.093556
0.060062
0.047692
-0.055039
-0.002574
-0.096725
0.064294
0.082449
0.095939
-0.013020
0.020352
0.002766
-0.052182
0.113272
-0.051677
-0.049240
0.033742
-0.027736
0.109555
-0.084138
0.094898
0.063732
-0.026493
-0.102099
-0.112196
-0.048818
0.084455
-0.112452
0.080858
-0.118070
-0.108568
0.009983
-0.074265
0.097419
-0.055410
0.051294
-0.065827
0.029584
0.090751
-0.016428
-0.060481
0.003723
0.005899
0.074761
0.085413
-0.104049
0.107359
0.019327
-0.002676
0.032877
-0.059828
-0.018955
0.022683
0.018329
-0.117782
0.052308
-0.108335
0.036969
-0.080832
0.062928
0.082921
-0.081944
0.061788
-0.012311
0.043023
0.019443
-0.008200
0.039444
0.111645
0.101646
-0.087520
0.100190
-0.026625
-0.086391
-0.099815
-0.089058
-0.020072
0.089786
0.042455
-0.018756
-0.113459
0.086621
0.078863
0.031927
0.045295
0.099995
0.050756
-0.051409
-0.071450
-0.080943
0.024549
0.094503
0.052094
0.069341
0.049393
-0.026585
0.102332
0.096008
0.017058
-0.005083
-0.078657
-0.093338
-0.092674
-0.098157
0.024294
0.104753
-0.082045
-0.102733
0.109712
0.018144
-0.086143
0.052662
0.104764
0.104465
0.108128
0.071505
-0.093851
-0.043927
-0.095951
0.008635
-0.079331
-0.083507
0.077175
0.106282
0.078293
0.083807
-0.045311
-0.058801
0.093967
0.087414
0.068296
-0.115355
-0.108294
0.063140
0.113197
-0.044244
0.040909
0.071856
0.103617
0.099987
-0.029669
0.109299
0.104638
-0.104629
-0.096984
0.097549
-0.066283
-0.068520
0.103031
0.086984
0.005439
-0.050319
0.088069
0.018068
0.008822
0.114294
-0.105366
0.097914
-0.081412
-0.023770
-0.035151
-0.032079
0.008310
-0.057951
0.006294
-0.068654
-0.053828
-0.001419
0.035776
-0.060926
-0.072462
-0.087934
0.073459
0.075939
-0.007891
-0.032259
-0.054921
0.077808
0.071561
-0.007349
-0.106933
0.102766
-0.100395
0.035451
-0.046784
0.085935
0.080198
0.000780
-0.104103
0.000351
-0.118004
-0.040218
-0.063621
0.069870
-0.050539
0.050005
-0.026659
-0.093222
-0.071404
-0.053676
-0.069077
-0.001617
-0.086898
0.087705
-0.048664
-0.029904
-0.106572
0.013010
0.057412
0.067944
-0.109234
-0.106065
-0.060772
-0.103904
-0.028493
0.092649
0.094248
0.093093
-0.076488
-0.046703
0.081955
0.108851
-0.097872
-0.016790
-0.033879
-0.079635
0.051692
0.071077
-0.030374
-0.063124
-0.080186
0.075865
-0.095813
-0.103937
-0.006513
-0.051315
0.087486
-0.077887
0.014121
-0.036627
0.050264
0.088566
-0.068539
-0.053925
-0.010602
-0.060050
-0.063574
-0.003331
0.048512
0.010394
-0.038058
0.030610
0.069921
-0.061678
-0.037984
0.114578
-0.010395
-0.100017
0.117502
-0.089532
0.065538
0.102037
-0.031138
0.088311
0.003310
-0.029058
-0.044733
-0.102226
-0.081331
0.032091
-0.054861
-0.085997
-0.084374
0.082315
0.086093
0.021456
-0.076283
-0.005348
-0.001278
-0.058071
0.009007
0.114393
0.112084
-0.020628
-0.006251
0.105051
0.068276
-0.029855
-0.084191
-0.070315
-0.069056
-0.010337
0.086058
-0.114087
0.070146
-0.039840
0.111482
0.111970
0.106843
-0.053840
-0.099278
-0.033947
-0.048112
-0.025591
-0.114078
0.060756
-0.043530
0.039592
0.080894
0.066547
0.074002
0.073179
-0.079444
0.026267
-0.014729
-0.015922
-0.060178
-0.047036
0.042882
0.086701
0.026837
-0.059205
0.026381
0.013940
0.083559
0.043543
0.103732
-0.108718
-0.020241
0.090585
0.071969
-0.078242
-0.058645
0.044816
0.115670
-0.048997
0.013966
-0.034230
0.052786
0.055625
-0.078851
-0.092087
-0.058047
-0.109416
-0.092216
-0.010241
0.097636
-0.029026
-0.107767
0.100678
-0.088407
0.013011
0.007029
-0.054495
0.046953
-0.022097
-0.032852
0.035791
0.076552
0.011190
0.035313
-0.066091
0.063272
-0.109452
0.099879
0.102995
0.001298
-0.073668
0.063147
-0.089621
0.041669
0.021270
0.117430
-0.043570
-0.011200
-0.071493
0.043973
0.062462
0.057317
0.068406
0.056127
0.111101
-0.028363
0.083489
-0.005786
-0.097025
0.073681
0.057159
0.010094
-0.015032
0.082709
-0.030787
-0.077038
0.056228
-0.021933
0.057301
0.085983
-0.015666
0.094681
-0.083318
-0.059256
-0.074894
0.020875
-0.103265
-0.003540
-0.076841
0.049550
0.082811
0.081095
0.063010
-0.040941
0.042908
0.001374
0.107320
-0.081406
0.115763
-0.064670
0.025418
0.095013
0.011854
0.013810
0.028079
0.106531
-0.003028
0.068773
-0.012400
-0.058266
-0.116005
0.038491
0.056776
0.081272
-0.012143
0.023611
-0.078537
0.108492
-0.007525
0.076700
0.032105
0.004357
-0.040411
0.098014
-0.103049
0.111957
-0.103571
-0.071383
-0.082190
0.043014
-0.047463
0.075116
0.020827
0.110894
0.087590
-0.046466
0.106977
-0.044251
-0.038317
0.082014
0.052697
0.082561
0.100172
-0.093362
0.017437
-0.059878
-0.102991
-0.061252
-0.085427
0.098294
0.028761
-0.001333
0.090316
0.093112
0.063342
-0.037326
-0.098633
0.054122
0.031447
-0.059471
0.085903
0.048618
0.020274
-0.044508
0.117541
0.059942
-0.108275
-0.021470
0.069771
0.060270
0.102695
-0.081949
0.075761
-0.000901
-0.011702
0.027517
0.042158
-0.105599
-0.108085
-0.083614
-0.096229
0.017597
0.099528
0.008210
-0.037115
0.033275
0.105206
0.044882
-0.088198
-0.097486
-0.031347
0.051127
-0.050751
-0.113396
0.086078
-0.103943
0.004334
-0.085203
0.030579
-0.103230
-0.113460
0.006397
0.061927
0.090745
-0.076731
0.100834
-0.024554
-0.035364
0.090341
-0.057511
0.055236
0.086393
0.033669
-0.093700
-0.092886
0.004429
-0.112916
0.114815
0.035302
0.103329
0.093606
0.112972
-0.021962
0.000654
-0.097997
-0.040814
-0.014836
-0.021775
0.071066
0.061784
-0.005117
0.037495
0.011724
-0.032974
-0.052311
-0.022125
-0.031667
-0.016287
-0.044159
-0.023018
-0.052692
0.114726
0.010023
0.104647
-0.100735
-0.111312
0.056387
0.117762
0.107310
0.045591
-0.001028
-0.027621
-0.000297
-0.035008
0.111449
0.071228
-0.060798
0.061095
0.016976
0.051197
0.076128
-0.024207
0.059983
-0.030600
-0.083459
0.100328
-0.020185
0.102226
0.052376
-0.023795
-0.027730
-0.099151
-0.037435
-0.115747
0.000972
-0.107889
-0.055356
-0.107518
-0.032871
0.034235
-0.031859
0.062561
0.073780
-0.003059
0.009776
0.040216
0.001326
0.070464
-0.095216
-0.101566
-0.038497
-0.030869
-0.043754
-0.008097
0.056891
0.108345
0.040215
0.077570
0.060790
0.087364
-0.063941
0.108486
-0.011605
-0.114156
0.063783
0.022889
0.022096
0.038674
0.066317
0.074637
-0.014756
0.110276
0.014193
-0.063050
0.023078
0.035559
0.002445
-0.043344
0.110530
-0.048340
-0.063565
0.016177
0.070861
0.074829
-0.086359
-0.033365
-0.065969
0.003618
-0.060941
-0.042946
0.084742
-0.020420
-0.080840
0.011093
-0.063911
-0.042766
-0.008848
-0.094837
0.056478
0.077351
0.051693
0.024212
0.022501
0.021526
-0.097626
-0.042513
-0.039360
0.115645
-0.108487
0.106490
0.085216
-0.105190
-0.042530
0.086167
-0.111108
0.025705
0.061042
0.115542
-0.080226
0.047355
-0.078948
-0.010425
-0.091126
-0.002923
0.018291
-0.061189
-0.090876
-0.063819
-0.115543
-0.008081
-0.092921
-0.035389
0.017473
0.054866
-0.099718
-0.037760
-0.063341
0.022648
0.072822
-0.043888
0.035263
0.071479
0.011876
-0.049289
-0.082421
-0.047549
-0.033684
0.044181
-0.116893
-0.088995
-0.019199
0.088484
-0.099076
0.076382
-0.028548
-0.114299
0.024555
0.028749
-0.099887
-0.025761
-0.051539
-0.009393
-0.043258
-0.019285
-0.114706
-0.056470
-0.096623
-0.054866
-0.000069
-0.004651
0.013895
0.073812
-0.060152
-0.008820
0.044658
0.092156
0.072079
0.064704
0.049951
0.093757
-0.114739
-0.015748
-0.030485
0.080522
0.060608
-0.040702
0.087299
0.089068
-0.003933
-0.087176
0.117075
0.043733
0.113522
-0.077843
-0.050183
0.091856
0.005857
0.044285
0.021995
0.051275
-0.022354
-0.052581
0.019569
0.101289
0.065605
0.110922
-0.087054
-0.050211
-0.058916
0.022652
-0.047962
-0.097338
0.079874
-0.111164
-0.103281
-0.001197
-0.092725
0.024896
0.066032
-0.109666
-0.089667
-0.095073
0.059764
-0.009419
-0.021417
-0.040234
0.083649
-0.005147
-0.043974
-0.067067
-0.083280
-0.075556
-0.115372
0.012342
0.080028
-0.112907
-0.050420
-0.017381
0.020730
0.034556
-0.045221
0.064597
-0.009223
-0.072176
-0.042516
0.069845
0.013593
-0.072163
-0.074832
-0.027036
-0.089533
0.044747
-0.111336
-0.012631
-0.097269
0.093083
0.037140
-0.086088
0.051753
-0.054785
0.001314
-0.081574
0.091685
-0.013696
-0.069316
0.056537
-0.098410
-0.016756
0.010035
-0.110192
-0.062771
-0.082881
0.112905
0.028361
0.059986
0.078832
-0.052174
-0.025294
0.018098
0.082568
-0.003052
-0.091318
0.017604
-0.084758
-0.117426
-0.046767
-0.010511
0.013300
-0.109733
0.115225
0.070929
0.052343
0.110272
-0.091092
0.075656
0.107853
-0.015300
0.111617
-0.038563
0.103319
0.017745
0.052759
-0.079677
-0.094031
-0.009572
0.014385
-0.069656
-0.104720
0.004028
-0.041621
-0.072071
0.032543
-0.021058
0.019065
-0.097897
-0.040283
0.028472
0.015740
0.070087
0.022815
-0.045880
0.007164
-0.083967
-0.100770
0.102438
0.092558
0.038629
-0.009810
-0.090942
-0.049075
0.056833
0.102911
0.068654
-0.018328
-0.064776
-0.089993
-0.099819
0.062223
0.061870
0.013004
-0.086391
-0.071090
-0.021307
0.040070
0.039050
-0.101099
0.010460
-0.065889
-0.074207
-0.012908
-0.024510
-0.076660
-0.018182
0.111279
0.046426
-0.115195
-0.084973
0.092231
0.116489
-0.073282
-0.051208
-0.102691
0.060054
-0.095750
-0.101877
-0.035354
-0.054097
0.022302
0.108193
0.059610
0.059553
-0.036983
-0.063385
0.070297
-0.000632
0.046476
0.020968
0.016625
0.085096
-0.066537
0.083799
0.108466
0.067129
0.090936
-0.089856
0.015629
-0.004106
-0.038484
0.062084
-0.105665
-0.035944
-0.102181
-0.100417
-0.033136
-0.045065
-0.117472
-0.001401
-0.001540
0.005608
-0.106308
0.057753
0.048066
-0.017321
0.097187
-0.107587
-0.053571
-0.009194
0.095508
-0.075794
0.012810
-0.029788
0.040623
-0.100649
0.052526
0.079759
-0.019703
0.093556
-0.024932
-0.018731
0.016618
0.027011
-0.085842
0.085651
0.041823
0.063002
0.093867
0.117882
0.113211
0.113204
-0.076611
0.072846
0.017978
0.029527
0.090715
-0.044684
0.092000
0.000620
-0.034672
-0.067859
0.010541
-0.117331
-0.010659
0.106204
-0.003472
-0.088736
-0.058382
-0.105250
-0.044672
0.018370
-0.036133
-0.050135
0.001821
-0.096187
0.078769
0.091936
-0.088392
-0.017423
0.035726
0.112480
0.079877
0.001322
0.091818
-0.060962
-0.025076
0.111329
-0.027503
-0.017322
-0.026640
-0.004047
-0.108059
0.025777
0.038587
-0.099861
0.024255
-0.056207
-0.022168
-0.088064
0.029535
-0.014174
0.056555
-0.101758
-0.111962
0.046919
0.005070
0.036566
0.005810
-0.084319
0.056982
-0.020666
-0.013698
-0.040085
0.092418
-0.005733
0.049957
-0.008011
0.114680
-0.084767
0.026937
0.038136
0.111196
0.041228
-0.116322
0.088660
0.051985
-0.110406
-0.078942
-0.102433
-0.039501
-0.010049
0.102699
-0.030561
-0.014300
0.098147
0.042929
0.026475
0.104975
0.107010
-0.111061
-0.087991
0.062205
0.006158
-0.051618
0.101235
0.100655
-0.058560
0.034444
0.027732
-0.053154
-0.017114
0.057535
-0.035945
-0.070840
0.112419
0.092960
-0.029862
0.035307
-0.035138
0.115289
-0.011878
-0.051029
0.004189
-0.111440
-0.078186
0.031653
-0.087010
0.095568
0.095569
0.043731
0.031457
-0.068759
0.021929
-0.049368
0.024144
-0.093698
-0.050408
0.090828
0.063497
0.019671
-0.010667
-0.021463
-0.016252
-0.094854
-0.105919
-0.051080
-0.028115
-0.074208
-0.028804
-0.109766
0.076838
-0.106032
-0.016871
-0.048994
-0.093653
0.039651
0.112109
-0.009318
0.038118
0.027567
0.043544
-0.087636
-0.105738
0.004856
-0.010722
-0.102608
-0.060184
-0.030938
0.108647
-0.058972
-0.046735
0.106927
0.081112
0.026339
-0.004384
0.048402
0.115748
0.094018
-0.062136
0.107220
0.080633
-0.079638
-0.097887
0.049661
0.104120
-0.010375
-0.042960
0.054705
-0.067206
0.060524
-0.077910
-0.058285
-0.071921
0.083854
0.095844
0.073438
0.070662
0.083027
0.085596
0.060146
0.085812
0.009828
-0.079594
-0.086445
-0.081337
-0.100188
0.093570
0.098038
-0.104188
-0.069283
0.020303
-0.098546
0.063024
0.004613
0.046636
-0.026781
-0.071126
0.106383
-0.115676
0.075206
-0.035169
-0.080699
-0.086690
-0.042259
0.105457
-0.076535
-0.025106
0.097668
-0.061966
-0.038402
-0.092279
0.086263
-0.098058
0.089029
-0.019352
-0.093037
-0.052905
0.033324
-0.049524
-0.095899
0.088694
0.045447
-0.025019
-0.109792
-0.028665
0.079252
-0.109949
0.052390
-0.102707
0.090552
-0.002644
0.033167
-0.109170
0.072881
0.078871
0.004435
-0.009772
-0.112260
0.050667
-0.038309
-0.019734
-0.003802
-0.011634
-0.065859
-0.081884
-0.044055
-0.089459
-0.061856
0.086949
-0.098771
-0.064989
-0.005771
0.109195
-0.029849
0.066226
0.097340
0.070443
0.108638
-0.010310
0.044119
-0.008922
0.034466
0.049013
-0.113677
-0.014109
-0.019676
0.112131
0.062420
-0.029296
0.046972
0.070883
0.051364
-0.026591
-0.076058
-0.007603
-0.034055
-0.004820
0.063049
-0.052973
0.075916
0.107815
0.108514
-0.078150
0.064812
-0.110456
-0.032405
-0.101426
0.083786
0.034269
0.051747
0.101042
0.033900
0.089252
0.006540
0.039907
0.071982
-0.062510
-0.044863
0.008221
-0.104794
0.046663
-0.043091
0.064553
0.096365
-0.089688
0.068430
0.000558
-0.031654
0.094232
-0.053258
0.104542
-0.048081
-0.046680
-0.112425
-0.050332
-0.048925
-0.028864
0.106536
-0.115082
-0.010988
0.008587
0.002799
-0.000012
-0.082126
-0.034448
-0.008681
0.057162
0.092276
-0.063821
-0.113610
0.042066
-0.009383
-0.049581
0.034357
0.092991
0.032366
-0.115712
0.015834
-0.003183
-0.069614
0.043037
0.090408
0.080204
0.029966
-0.052470
-0.112330
0.074876
-0.088369
-0.070152
0.048001
-0.108508
0.073602
-0.014168
-0.053357
0.090665
-0.028576
0.025878
-0.110403
-0.028875
-0.083908
-0.016584
0.004128
-0.028159
-0.088404
-0.067312
0.065185
0.019358
-0.084292
-0.016433
0.045807
0.006916
0.082426
0.067209
-0.108777
0.032692
0.066868
0.022211
-0.055889
-0.062208
0.048275
-0.078540
0.008321
-0.059680
0.079797
0.066983
-0.105292
0.081834
0.056330
-0.058560
0.032913
-0.116307
0.093658
-0.087692
0.065286
-0.016546
-0.063426
0.026005
0.068015
0.041303
-0.108809
-0.094362
0.028131
0.032635
0.068304
0.047990
0.050456
-0.074005
-0.085771
0.073999
0.013711
0.076829
0.064060
-0.071941
0.035266
0.089400
-0.023522
0.044010
0.073277
0.023171
0.074369
-0.062748
0.039155
-0.011556
0.038030
0.078337
-0.073784
0.099501
0.028257
0.088028
0.108145
-0.049519
-0.018969
0.066895
0.008778
0.103713
-0.089160
0.090979
0.083257
0.016048
-0.023543
-0.014517
-0.091680
-0.048974
0.095246
-0.107854
-0.014156
0.055497
0.023756
0.056452
0.100035
-0.059401
-0.100696
0.002107
0.085816
-0.067153
0.004168
0.053861
0.011860
-0.052929
0.082990
-0.052840
-0.036636
-0.024919
0.040589
-0.083887
0.097959
-0.092130
-0.051188
-0.094344
-0.071724
0.084390
-0.043809
0.100318
-0.089970
0.100243
-0.092791
0.022098
-0.069259
-0.051630
-0.103782
0.100324
0.117623
0.013805
-0.000921
0.109298
-0.018176
0.097244
0.102750
-0.096954
0.117257
0.093746
-0.028248
0.021794
-0.081387
-0.111991
-0.048050
-0.069012
-0.085204
0.057368
-0.092655
-0.052219
-0.089479
0.081372
0.041698
0.036655
0.082722
0.032398
0.111570
0.067682
-0.049757
0.077186
-0.027734
0.093841
0.005680
-0.079808
0.080754
0.096781
0.024931
0.033544
-0.005448
-0.063147
0.018601
-0.021448
-0.099913
-0.012495
0.023910
0.018246
-0.011549
0.090567
0.022054
-0.109665
0.005562
-0.010876
0.056890
-0.071127
0.115761
0.059250
0.047441
-0.089611
-0.109613
-0.000439
0.100409
-0.033419
0.000256
0.055258
0.010509
0.110002
0.034181
0.094018
-0.116737
0.113516
-0.064941
-0.067100
0.045489
-0.050202
0.000161
0.083630
0.115004
-0.112643
0.032030
0.025214
-0.086030
0.067491
0.023850
0.076414
-0.098008
-0.070989
-0.065578
0.051889
0.094837
-0.111410
0.066154
-0.021965
-0.084168
0.077329
0.051803
0.059727
-0.020246
-0.012643
-0.113025
0.032405
-0.053760
0.026038
0.038680
0.026618
-0.045977
-0.107077
0.112034
0.083528
-0.001713
-0.059175
-0.040731
-0.004761
-0.024683
0.016428
0.101929
0.060698
0.100416
0.111680
-0.005889
-0.076619
0.006355
0.081592
-0.012172
0.045833
-0.003068
0.001649
-0.067734
-0.061415
-0.113140
-0.061839
-0.009082
-0.057515
0.040220
-0.043719
-0.005898
-0.077367
-0.015863
0.024515
-0.105013
-0.073737
-0.050236
-0.112963
-0.037866
0.078733
-0.028377
0.108918
-0.000023
0.117884
0.068888
0.106736
-0.071604
0.031113
0.069644
-0.103336
0.053931
-0.092107
-0.009387
0.080552
0.005965
0.016713
-0.040694
0.019904
-0.022777
0.075025
0.041722
-0.056355
0.107083
-0.080122
0.068890
0.116837
0.104621
0.093412
0.033680
0.011428
-0.077279
0.074814
0.032033
0.036821
-0.065867
-0.079012
-0.069757
0.062226
-0.117404
0.080430
0.022777
-0.004752
0.075191
0.080010
0.097892
-0.051492
-0.106047
0.097119
0.103588
0.049198
0.023154
0.006671
0.051228
0.076599
-0.115636
-0.036582
-0.097820
0.000465
-0.047057
0.008055
0.063485
0.084089
0.085158
-0.049153
-0.049569
-0.091834
-0.106916
0.106706
0.050712
-0.038838
0.027755
-0.057132
0.054603
-0.051604
-0.069414
-0.031323
0.096847
0.092160
0.031652
0.063347
0.096952
-0.034594
-0.099345
-0.066707
0.096024
0.025078
0.050873
0.091586
-0.035332
0.025919
0.101250
0.044640
-0.043041
-0.006959
-0.002262
0.009634
0.031603
0.102501
0.097802
0.044171
-0.069694
0.104025
0.036399
0.085913
0.051296
-0.069391
-0.077983
-0.114673
0.071546
-0.039601
0.075856
-0.077985
-0.086790
-0.025054
0.072426
0.109281
0.034276
0.045860
0.034304
0.069028
0.020223
-0.037904
-0.015911
0.067611
0.044899
-0.045508
0.005877
0.033400
0.003618
-0.051882
0.013308
0.049602
-0.106419
-0.023264
-0.099213
-0.028647
0.098275
0.057348
0.016827
-0.026322
0.071904
-0.112899
0.104209
-0.089820
-0.067808
-0.051822
0.067887
0.114043
0.011080
0.110293
-0.110688
0.015951
0.062318
0.052289
0.103466
0.048522
-0.034565
0.113144
0.003405
0.017107
0.035158
-0.058905
-0.075490
0.087857
0.090636
-0.021421
0.071446
-0.037101
-0.017925
-0.006896
-0.102944
0.103460
0.039890
-0.066048
-0.038739
0.017874
0.091572
0.012906
-0.102447
0.043618
0.017937
0.011680
-0.090093
0.045613
-0.037681
0.065942
0.017636
-0.096787
0.002281
0.054861
0.095723
-0.016420
-0.117494
0.026528
-0.086919
-0.002527
-0.006336
0.111897
0.062543
-0.030872
0.066181
-0.053963
-0.074948
-0.029081
0.063706
0.018821
-0.057163
0.116695
0.030436
-0.082933
0.035719
-0.033297
0.092287
0.013275
0.109594
-0.032258
-0.034504
-0.034340
0.030999
0.005800
-0.069947
-0.080199
0.071009
0.039867
0.040893
0.112812
-0.059503
-0.099775
-0.020686
0.087815
-0.036205
0.088911
-0.075623
0.091750
0.013396
0.069412
0.027662
-0.067336
-0.020652
-0.070846
-0.076484
-0.097772
-0.019002
0.069004
0.105199
0.106297
0.024093
-0.025792
-0.008718
-0.000350
-0.048180
-0.060383
-0.102736
-0.062542
-0.039959
-0.015410
-0.052365
-0.044321
-0.040671
-0.074884
-0.006119
-0.086756
-0.082394
-0.047378
-0.028858
-0.079666
0.114341
0.066759
-0.018396
0.050582
-0.076407
0.073296
-0.116000
0.117980
-0.063649
0.098741
-0.097854
0.048545
-0.003453
0.008396
-0.080750
0.068111
0.071911
-0.042816
0.091164
-0.019105
0.033899
-0.052093
-0.003394
0.064602
-0.023184
-0.078659
0.002520
-0.114478
0.002540
-0.017172
-0.084366
0.074649
-0.015519
-0.032642
0.102684
0.035626
-0.018257
0.115107
-0.039034
-0.052671
-0.003604
-0.033579
0.051434
-0.000766
-0.037680
0.075313
-0.027035
0.066623
-0.090862
-0.009324
-0.107222
-0.066447
0.107026
-0.097491
-0.094395
-0.093380
-0.110143
0.095289
0.052295
0.098807
-0.099613
0.045911
0.087036
-0.031244
0.073726
0.023612
0.034026
-0.068696
0.073989
-0.051695
0.021385
-0.061169
0.008046
0.069075
-0.073661
0.081171
0.069278
-0.000578
0.022415
-0.113416
-0.113859
-0.079714
-0.104282
0.024222
0.116050
-0.058102
-0.024725
0.045279
-0.019448
0.086095
-0.100351
-0.071830
0.088157
-0.028652
-0.102305
-0.023437
-0.000518
-0.027646
0.107661
-0.030725
-0.039338
-0.072214
0.034580
-0.047755
0.005290
-0.098822
0.086016
0.099791
0.103794
-0.077076
-0.080904
0.108527
-0.015395
-0.080740
0.069577
0.004617
-0.018922
-0.021129
-0.060554
0.010320
-0.059105
-0.036776
0.100807
0.055233
0.004840
0.029121
0.002789
-0.110754
-0.026291
0.099883
-0.039987
-0.021424
-0.039538
0.036627
0.089895
-0.072636
-0.016911
0.055732
0.048900
-0.069164
0.042107
-0.011366
-0.100892
-0.080971
0.085495
-0.008480
-0.036249
0.003627
0.057669
0.035438
0.092407
0.016748
0.055162
-0.014945
0.035132
0.060330
0.080618
0.068802
0.110181
-0.082759
0.090556
-0.112169
-0.060827
-0.037393
0.020742
0.057605
-0.026122
-0.018071
-0.030139
0.106990
0.094551
-0.064999
0.117541
0.080520
-0.086938
0.081412
0.103935
-0.095813
0.044663
0.041185
-0.053787
-0.008709
-0.008351
-0.047678
0.087198
-0.039463
-0.075011
0.086932
0.095842
-0.057063
-0.092818
-0.026799
-0.011441
-0.017544
-0.049777
0.053918
0.004292
0.045980
0.014766
0.115513
-0.066742
-0.097488
-0.112560
0.042736
-0.111937
-0.056594
-0.060315
0.047333
0.109048
-0.045504
-0.070014
-0.074108
-0.106284
0.029153
-0.115843
-0.029913
-0.110422
0.065366
-0.031477
-0.055665
-0.043981
0.074149
-0.082731
-0.092963
0.060500
0.045939
0.023632
0.041014
0.074003
0.043175
-0.074341
-0.034346
0.082029
-0.010939
-0.066095
0.065759
0.066547
0.016007
-0.004146
-0.039621
0.069356
0.088996
-0.022294
-0.029285
0.103694
0.010880
-0.044353
0.005990
0.019069
-0.004823
-0.115306
-0.028190
0.026283
0.077369
-0.087877
0.004970
-0.012605
-0.019418
-0.007282
-0.079553
-0.102342
-0.019793
-0.010347
-0.092117
-0.051458
0.041720
0.063171
0.060115
0.011358
-0.086860
-0.053911
0.093915
0.049939
-0.032382
-0.050667
0.109685
0.027560
0.115605
0.025689
-0.070189
0.051550
-0.046537
-0.039162
0.103644
0.104299
0.017272
0.052693
0.018754
-0.022142
-0.013401
-0.036329
0.030421
0.056335
-0.016201
-0.105296
0.059593
-0.079878
-0.029958
0.098220
0.061874
-0.067942
-0.102627
0.000260
0.080849
-0.080511
-0.005092
0.098220
-0.101190
-0.017223
0.055823
0.047214
-0.071811
0.106667
-0.075360
-0.072212
0.110786
-0.054261
-0.048119
-0.080967
0.022363
-0.048588
-0.090736
0.027366
-0.096339
-0.007045
-0.075700
0.056888
-0.030200
0.061968
-0.028440
0.003787
-0.105404
-0.085993
0.070083
0.064106
0.095765
0.004450
0.072624
0.107456
0.012000
0.055296
0.029055
0.033586
-0.003287
0.018865
-0.094292
0.102566
0.035247
-0.012121
-0.112592
0.078252
0.095706
0.065579
-0.001095
-0.068822
-0.102863
-0.051715
-0.115658
-0.057698
-0.114130
0.019512
-0.006280
-0.075041
-0.098734
-0.096770
-0.103604
0.064040
0.072024
0.069649
0.094345
-0.037889
-0.009491
-0.110446
-0.102052
0.035543
0.079241
-0.102633
-0.082490
-0.047605
-0.051473
0.112790
-0.108116
-0.107589
-0.048386
-0.024560
-0.086406
-0.024773
-0.095230
0.096475
0.052271
-0.038500
0.068291
0.028764
0.005350
0.072752
-0.110193
0.074682
0.088431
-0.059056
-0.098854
0.088537
-0.113629
0.040980
0.051772
0.091414
-0.018416
-0.021043
-0.091277
-0.010666
-0.041651
-0.086664
-0.057296
0.117999
0.007790
0.089843
-0.080122
0.111151
0.083457
0.070374
0.064120
0.002765
0.102419
-0.110891
0.009765
-0.033801
0.080033
0.015197
-0.044216
0.041310
-0.021865
-0.015007
-0.084383
0.042827
-0.063080
0.034880
-0.089151
-0.106739
-0.075234
0.038290
-0.010160
-0.085480
0.062616
0.010403
0.034766
-0.035300
-0.062235
0.105926
-0.026236
0.020647
0.099064
0.026976
0.045755
0.022255
0.117625
-0.064589
0.085875
-0.004349
-0.063720
-0.042724
0.054879
-0.055740
0.088183
-0.070767
-0.090143
-0.094752
0.014998
-0.094272
-0.028208
-0.038216
-0.115609
0.016705
0.014185
-0.027635
0.052168
0.026362
-0.031050
-0.043616
0.034261
0.081882
0.105610
-0.082589
-0.106858
0.093311
0.058429
-0.093486
-0.109715
0.076174
0.116986
-0.084603
-0.038355
0.101562
0.030589
-0.002557
-0.063727
0.026257
-0.103392
0.067401
-0.002787
0.111439
0.012124
0.027011
0.117338
0.039970
-0.070209
-0.050402
-0.087622
-0.046757
0.007360
-0.003021
0.005887
-0.013030
0.079345
0.090840
0.043041
-0.041980
-0.002043
-0.014404
0.113034
0.106904
-0.036101
0.084953
0.000781
0.050585
0.110710
0.031900
-0.068696
0.010752
0.085404
-0.085752
-0.059257
-0.083855
0.092940
-0.113921
-0.009353
-0.110458
-0.064961
-0.109308
-0.097963
0.037498
0.045290
-0.053050
-0.009530
-0.075759
0.013965
0.110793
-0.011090
0.050625
-0.079949
-0.050142
-0.084724
0.052770
0.117222
-0.045304
0.007204
-0.061977
0.104256
0.070929
0.109190
-0.077581
0.028161
0.052104
0.063221
-0.103659
0.055010
-0.078333
-0.004661
0.006470
0.007834
-0.004925
-0.023058
-0.068086
0.002554
0.102313
-0.077082
0.101142
-0.110061
-0.063473
0.072154
0.025140
-0.095315
0.078811
-0.012386
0.020956
0.000528
-0.116805
0.036964
-0.081422
0.072577
0.040504
-0.037399
-0.046958
-0.075908
-0.085097
0.002903
-0.003996
0.083896
0.022766
-0.088124
-0.010059
0.019173
0.038976
-0.097915
-0.012442
0.015019
-0.062896
-0.013762
0.037068
0.012049
-0.004167
-0.057797
0.056813
0.086812
0.047855
-0.106611
0.063517
0.097195
0.098174
-0.028832
0.056301
0.114746
-0.084110
0.028044
-0.117762
-0.110257
-0.032343
-0.015436
0.088563
-0.117138
-0.105013
-0.041043
-0.064215
0.054222
-0.025306
0.106901
0.079527
0.006296
0.054956
0.033244
-0.108062
-0.084894
-0.080369
0.052622
-0.064794
0.077108
0.061954
0.084318
0.079668
-0.061234
0.082502
-0.096508
-0.092700
-0.091880
0.015323
-0.024115
0.085562
0.000828
-0.022140
0.108062
-0.038101
-0.001060
0.024382
-0.072921
-0.089184
0.104234
-0.075512
-0.114806
0.070749
-0.103133
-0.024354
0.040340
-0.019078
0.022612
-0.110720
0.067323
-0.013026
0.079299
-0.012957
-0.020320
0.041346
-0.003593
0.051201
-0.009295
-0.099274
-0.091660
-0.059496
-0.037198
-0.025349
-0.071693
-0.085147
-0.098502
0.005605
-0.028963
0.074844
-0.114355
-0.018183
0.020803
0.100869
-0.021143
0.066924
-0.003491
-0.006649
0.036789
0.053717
-0.025135
-0.075499
0.071133
0.064305
0.066398
0.113892
0.117994
0.042561
-0.080274
-0.116254
0.082891
0.116700
-0.080475
0.109714
-0.008990
-0.016083
-0.040566
-0.018053
-0.008756
0.088029
0.070299
0.039317
-0.016170
-0.106274
-0.000805
-0.076545
-0.017180
-0.068457
-0.046467
-0.001984
-0.015293
-0.113251
0.111965
0.001506
-0.026739
-0.028369
-0.039248
0.117078
-0.060630
-0.059275
0.069125
-0.025256
-0.102409
0.074101
-0.014390
-0.054957
0.079041
-0.009462
0.009587
0.021213
0.103839
-0.028284
-0.080760
0.098950
-0.084090
-0.095186
-0.012217
-0.062212
0.055558
0.090597
-0.070669
-0.110140
0.095129
-0.005151
-0.046650
0.017638
-0.063944
0.008878
-0.009181
-0.057113
-0.100976
-0.103169
0.060111
-0.047787
0.088217
-0.109102
-0.112029
-0.038163
0.081641
0.071683
0.050259
0.083620
-0.000094
-0.028317
-0.058364
-0.064324
0.036337
-0.079631
0.109132
0.079900
-0.022181
0.043544
-0.073267
-0.084533
-0.107945
-0.110444
-0.069070
-0.086854
-0.100047
0.022928
-0.113387
-0.062218
0.052755
0.081383
0.110735
-0.100806
-0.023926
0.095506
0.114523
-0.024591
0.017771
0.039979
-0.050351
0.010217
-0.113059
-0.066070
0.055145
-0.034735
-0.029840
0.018288
-0.084487
0.053053
0.079226
-0.069018
-0.085332
-0.024994
-0.055326
-0.035136
-0.045181
0.083254
-0.036464
-0.072233
0.018293
0.102614
-0.046783
0.069633
0.009926
-0.084779
0.014676
-0.012620
-0.095694
-0.076900
0.101022
0.099179
0.063059
0.059459
0.079482
0.112985
-0.029894
-0.034747
0.104937
-0.113461
-0.083771
-0.040993
0.111451
-0.107781
-0.112094
-0.088269
-0.069815
0.102360
0.093330
0.003080
-0.102370
0.101012
0.096483
-0.014558
-0.103523
0.036575
-0.095013
-0.104125
0.023942
-0.001676
-0.104385
0.107676
-0.072608
0.096484
-0.108076
-0.054191
-0.066040
0.019342
0.054032
0.065750
-0.083241
0.050583
-0.085422
-0.077191
0.075317
0.010709
-0.012587
0.051329
-0.032377
0.065922
-0.027167
0.081796
-0.108931
0.111072
0.025823
-0.117375
-0.019851
0.051516
-0.088787
0.005732
0.104373
-0.010476
-0.052782
0.064905
0.117265
-0.034071
0.059546
0.008844
0.049647
0.036096
0.064809
0.078959
0.084433
-0.051916
-0.031873
-0.048398
-0.014630
0.083590
-0.005487
0.003988
0.095478
0.017119
-0.037247
0.020722
-0.081731
0.041175
-0.035241
0.110921
0.002268
-0.005584
0.036397
-0.096019
0.112488
-0.034563
0.005771
0.056828
0.116795
0.088671
0.076778
-0.110217
0.090133
0.074472
0.111446
-0.104229
-0.054746
-0.047421
0.021452
-0.030332
0.089387
0.113918
0.056870
-0.038728
-0.031063
0.036668
0.092956
0.107649
0.046059
0.081015
0.109846
0.052899
-0.048049
-0.018714
-0.004418
0.058942
0.037238
0.107644
-0.035242
0.114222
-0.116807
0.065002
-0.054124
-0.027163
0.082816
0.085961
-0.067292
0.047141
0.108513
0.075762
-0.070930
-0.068366
0.011550
-0.038562
-0.021130
0.069205
-0.042230
0.114934
-0.072713
-0.051161
0.025688
0.056853
-0.099035
-0.086817
-0.035395
0.081371
-0.048592
-0.014559
0.005616
0.025340
-0.086908
-0.083595
0.107295
0.015258
0.037613
-0.061965
-0.069943
-0.103308
-0.098056
0.117442
-0.055509
-0.021791
0.030864
0.086663
0.101575
0.039917
0.036889
0.093575
0.054887
-0.025161
-0.077243
-0.029729
-0.050418
0.011454
-0.090355
-0.069002
0.066118
-0.012753
-0.113660
0.104396
-0.056869
-0.112242
-0.010921
-0.087381
-0.055750
0.038814
0.071800
-0.057586
0.084009
0.035186
0.093684
0.038305
0.054649
0.058983
-0.043398
-0.092971
-0.108271
-0.104143
0.019948
-0.040091
-0.011588
-0.065240
-0.001420
0.071086
-0.064414
0.109408
0.102852
0.058329
-0.024857
0.048627
0.081130
-0.051108
-0.090613
-0.053481
-0.101036
-0.066177
-0.055582
-0.017951
0.088047
-0.068356
-0.027902
0.099615
-0.083694
0.000082
-0.110115
0.116969
0.017253
0.057027
0.097155
-0.062472
0.082489
0.116568
0.076238
-0.038815
-0.108050
-0.027588
0.074372
-0.028972
0.049571
-0.109486
0.009150
0.069986
-0.028199
-0.003443
-0.078823
-0.118036
-0.045502
0.037399
-0.117254
-0.069708
-0.052340
0.089083
0.086739
0.035803
0.003479
0.039856
0.034426
0.015967
0.067792
-0.034456
0.053928
-0.031480
0.090492
0.033565
-0.058943
-0.053397
-0.046595
-0.020329
-0.003511
0.070664
0.118018
-0.085205
0.091500
-0.013908
0.089803
0.095860
-0.116001
0.107544
0.085800
-0.066947
-0.050968
-0.105346
0.009751
0.056868
-0.107193
-0.033789
-0.012197
0.004999
-0.051262
-0.093762
-0.085096
-0.097154
-0.064667
0.109892
-0.046324
0.061164
-0.094379
-0.062922
0.004597
-0.112559
0.045499
-0.035451
0.044105
-0.029599
-0.075333
0.105713
-0.074193
-0.046909
-0.114570
-0.064925
-0.102524
0.099738
0.007539
0.114152
0.051062
0.083265
0.086525
0.043682
0.006370
0.052038
-0.045921
0.004035
0.005739
0.087924
0.083523
0.087175
-0.035418
0.088541
0.083632
-0.111195
-0.088470
-0.045472
0.051621
0.087903
-0.095927
-0.078235
0.031237
0.100101
0.009476
0.075731
0.034003
-0.059078
-0.078373
0.035091
-0.075289
-0.097703
0.065507
0.084618
-0.067395
0.106447
0.095010
-0.082841
-0.111062
0.087368
-0.050634
-0.102006
-0.075086
-0.010620
-0.110399
0.101925
-0.078225
-0.028663
-0.088509
0.006616
-0.045656
0.060737
-0.051927
0.116554
0.023143
0.060380
0.002402
0.015023
0.016113
0.038451
-0.010569
-0.043414
0.115115
0.004733
0.085401
0.091794
0.033051
-0.004244
-0.024725
-0.002911
-0.016935
0.069768
-0.113135
-0.010412
0.040792
0.107283
-0.111736
-0.051884
-0.084012
-0.043692
-0.049325
0.114461
0.028802
-0.040622
0.109171
0.062979
0.038614
0.032175
0.104093
0.065360
-0.092066
-0.117578
0.049224
0.050204
0.064551
0.057712
-0.043223
-0.031067
-0.055531
-0.079327
0.035648
0.009721
0.020489
-0.028193
-0.108074
0.000057
0.040763
-0.023161
-0.026163
0.048438
0.038258
-0.093523
-0.016873
0.040770
-0.024555
-0.090480
-0.026510
0.017851
0.003357
-0.052249
-0.029227
0.090341
0.013379
0.059199
0.069111
-0.080191
0.013550
0.100154
0.000077
-0.004359
0.116457
-0.100706
-0.075262
-0.023416
-0.073706
0.068656
0.088058
0.072031
0.001941
-0.015536
0.071877
-0.110345
-0.090648
0.056850
-0.068448
-0.020857
0.038947
-0.106057
0.077451
-0.019833
0.097489
-0.065434
0.116367
-0.081661
0.111310
-0.018481
0.045364
-0.042835
-0.067276
0.010111
0.070377
-0.003596
-0.107966
-0.087738
-0.114237
0.082739
0.002075
-0.043377
-0.066714
0.005697
0.012990
-0.075361
0.011892
-0.083250
-0.072394
0.015342
0.103117
-0.083799
0.035632
0.088655
0.009881
0.095138
0.005443
0.025601
0.097248
-0.035106
-0.035876
0.095345
-0.040451
0.015920
-0.074084
0.001725
-0.067895
-0.098957
-0.036316
0.082392
-0.060853
-0.106681
-0.080815
0.067128
-0.019007
0.032098
-0.061011
-0.109362
-0.064498
0.022696
0.003813
0.019389
-0.023105
0.003983
-0.031283
-0.006025
0.105005
0.077219
-0.038191
0.004105
-0.079701
0.038200
-0.088641
0.003618
0.065814
-0.104565
-0.012026
-0.094725
0.058861
0.031350
0.091484
0.101839
-0.094305
-0.023258
0.059813
-0.021470
0.005330
-0.045561
-0.094996
0.088494
-0.050726
0.071764
0.048894
-0.001284
0.034880
-0.010026
0.028769
-0.057733
0.024000
-0.105718
-0.049161
-0.042191
-0.116413
-0.060542
-0.035819
-0.050573
0.052757
0.078053
0.021461
-0.108154
-0.063378
0.036643
0.052249
0.082681
0.085231
0.108860
-0.088162
0.059577
0.110886
0.116510
-0.067448
0.024849
0.041076
0.010736
-0.067423
0.034691
-0.025457
-0.110999
0.053323
0.045650
-0.098430
-0.004718
0.022370
-0.069385
-0.026049
0.068299
-0.064772
0.050998
0.093300
0.028999
-0.003442
0.006867
-0.055059
-0.053327
-0.032900
-0.101270
-0.043766
0.015424
-0.084130
-0.079714
-0.044873
0.004135
-0.070501
0.034188
0.061506
0.083751
-0.025019
0.091647
0.013135
-0.001744
0.112497
0.062237
0.074043
0.112580
0.066753
0.030353
-0.027334
-0.014737
0.042347
-0.006639
-0.112718
0.081323
0.026732
-0.054386
0.004361
-0.049575
-0.094031
-0.008478
0.075736
-0.003889
-0.033982
0.082368
-0.090415
-0.004420
-0.011189
-0.029509
0.015631
0.048987
-0.055638
-0.117714
0.079547
0.009038
-0.061386
0.080895
0.028276
-0.070569
-0.080858
-0.037606
-0.001602
-0.010794
-0.071402
-0.062335
0.045140
-0.092309
0.027511
0.088815
0.028746
0.055446
-0.067045
-0.022619
-0.009619
0.111886
0.105900
-0.026380
0.080121
-0.023105
-0.112276
-0.022595
-0.055715
0.092647
0.002183
-0.117997
-0.093869
-0.092117
-0.030686
0.001839
-0.027742
0.080367
-0.033434
-0.064027
-0.023889
0.009711
-0.070669
0.068374
0.024338
-0.113855
0.115384
0.042769
-0.030581
-0.108538
-0.044244
0.021061
0.032913
0.088520
0.061817
0.037676
0.115637
0.020023
0.011481
-0.028153
0.037122
0.028074
-0.115321
0.085346
-0.013962
0.110255
-0.082030
0.036106
0.102389
0.047154
0.070663
-0.030429
0.017454
-0.021247
0.006791
-0.034420
0.098244
0.114192
-0.102216
0.115415
0.047681
-0.052679
-0.106327
0.055258
0.067613
-0.109042
-0.061702
0.094000
-0.065907
-0.020584
0.027407
0.080868
0.060096
-0.068466
-0.060308
-0.079540
-0.079311
0.019649
0.041358
-0.044431
-0.023163
-0.012368
0.031657
-0.032617
0.018684
0.049061
0.104990
-0.039102
0.020985
0.085635
0.116498
-0.050998
0.047090
-0.086671
0.077308
-0.009471
0.087102
0.020938
-0.088705
-0.115387
-0.072489
0.059294
0.098081
0.045875
-0.100632
-0.008118
0.025944
-0.059560
0.083315
-0.038565
0.044821
0.086187
-0.053994
0.070860
0.077548
-0.086800
-0.075301
0.075182
0.099439
-0.018736
-0.064965
-0.041702
-0.044827
-0.106299
0.082089
-0.106716
0.068395
-0.107911
0.007736
0.069512
0.005678
-0.024063
-0.052286
0.055788
-0.088572
-0.035774
-0.009353
0.097973
0.005896
0.048779
-0.080830
0.008445
0.094848
-0.021475
0.057951
-0.072949
0.028170
-0.070544
0.041935
-0.040227
0.046551
0.033717
0.030790
0.061021
-0.051591
-0.108940
0.046637
-0.104998
0.063354
-0.052521
0.032873
0.114834
0.067107
-0.045654
-0.100447
0.071299
0.106377
0.005886
-0.092509
0.111339
-0.052661
-0.035018
0.076980
0.102362
-0.065105
-0.074882
-0.111862
0.059121
-0.028526
-0.074413
-0.040410
-0.005653
-0.020020
-0.018696
0.078378
0.102142
0.018093
-0.000547
0.060626
0.086010
-0.062876
-0.111002
0.090653
-0.041746
-0.054122
-0.033826
0.056126
0.079406
-0.113890
0.086109
0.040930
0.030053
0.085358
0.009899
0.014765
-0.049522
0.063253
-0.029084
0.069324
-0.072785
-0.103667
-0.044068
0.082916
-0.078707
0.095680
0.015451
-0.021571
0.053937
-0.050377
-0.052688
0.048258
-0.097839
-0.100384
-0.051287
-0.071982
-0.041462
0.063808
0.028030
-0.020939
0.057704
0.053139
-0.071973
0.050224
0.025836
0.077524
0.030056
-0.034033
0.101457
0.113831
0.009809
0.005533
0.041598
0.014133
-0.103605
-0.051775
-0.030694
-0.111985
-0.041344
0.047242
0.005015
-0.081694
-0.093526
-0.093282
-0.031614
-0.107013
-0.107253
-0.034364
0.028243
-0.084069
-0.055628
-0.065221
-0.004941
0.007190
0.100512
-0.000835
-0.078005
0.110888
0.049107
0.098850
-0.044321
0.117672
-0.076905
-0.001391
0.021005
-0.012086
0.086298
0.046765
-0.002900
-0.116739
0.054442
-0.061124
0.094918
0.051809
0.027455
-0.054422
0.031760
-0.035792
0.108449
-0.071102
-0.038137
-0.095077
-0.061987
-0.069154
-0.031776
0.095000
-0.114842
-0.076996
0.039062
0.030227
0.011299
0.110887
-0.026162
0.051628
0.100518
-0.073995
0.108114
-0.048250
0.082738
0.058295
0.097385
-0.076193
0.055207
-0.038820
0.032997
-0.010692
0.016237
-0.014819
0.049786
-0.068398
0.044074
-0.022931
0.085231
0.028342
0.074934
-0.102676
-0.090856
-0.064633
-0.020285
0.060519
-0.003811
-0.094554
0.026237
-0.102654
0.044666
-0.065219
0.100749
0.048249
-0.086712
-0.091017
-0.076636
-0.009224
-0.031740
-0.032296
-0.043146
0.037659
0.096487
-0.104200
0.051640
-0.007093
0.038463
-0.001529
0.087709
0.112100
0.106651
0.033586
-0.105033
0.098836
0.050124
-0.037101
-0.025195
-0.115045
-0.071787
-0.020961
-0.116128
0.034991
-0.018991
0.013090
-0.006121
-0.091955
0.084533
0.066540
-0.031200
-0.081737
-0.079488
-0.068191
0.071193
-0.002954
0.034139
0.103290
0.065061
-0.034539
0.025022
0.074662
0.026222
-0.054649
0.011556
-0.092886
0.088944
-0.089498
0.053580
0.013296
-0.002870
0.105219
0.052755
-0.046736
0.031305
-0.065951
-0.003890
0.089134
0.099043
-0.107371
0.007040
0.078256
0.053661
-0.112286
0.080456
-0.059268
0.000385
0.041105
-0.055653
0.108118
-0.005014
0.069372
-0.027614
-0.089372
0.096002
-0.114888
-0.112306
-0.054368
0.086279
-0.000895
0.015848
0.088028
0.091300
-0.087057
0.004834
0.008387
-0.002749
-0.029285
0.106543
-0.077470
0.064955
0.074771
0.072939
-0.057261
-0.105923
0.054210
0.088265
-0.047399
0.096214
-0.115305
0.018539
0.115029
-0.047696
0.065156
0.081789
0.063394
0.097042
-0.032423
-0.028945
0.041532
-0.097112
-0.080881
0.079663
-0.052440
0.044570
-0.007636
0.015846
-0.002980
0.051302
0.053733
0.070026
-0.055698
-0.027257
0.031108
0.108669
-0.114976
-0.029462
-0.013995
-0.013301
0.009719
-0.025030
0.069490
0.061823
0.039877
-0.019363
0.094557
0.041406
0.016594
-0.036116
-0.100197
-0.021013
0.103164
-0.097386
-0.006536
-0.031816
0.101169
-0.093286
0.070625
0.086604
0.051208
-0.099397
-0.009118
-0.045473
0.088356
-0.019625
-0.030097
-0.077032
-0.066358
0.067281
0.093437
-0.099535
0.113137
-0.006230
0.104366
-0.018624
0.088747
0.033673
-0.001014
0.073722
0.068087
-0.116211
-0.066349
-0.071628
0.110973
-0.105832
0.092211
-0.033958
-0.028110
0.067338
0.064556
-0.049335
0.017986
-0.023051
0.026346
-0.081326
-0.012366
0.055156
-0.032928
0.016076
-0.074400
0.080888
0.050749
0.090834
-0.002302
-0.007385
0.097886
-0.041855
-0.112343
0.071908
-0.068510
-0.078687
-0.040858
0.077591
0.027976
0.105845
0.091581
0.019519
0.012940
-0.090707
-0.010919
-0.007673
0.037573
-0.074420
0.064883
0.092857
0.094720
-0.114737
0.091295
0.115730
0.006994
0.024042
0.077473
0.008115
-0.020961
0.007811
-0.038488
0.019048
0.110266
-0.070719
-0.105488
0.026600
0.068099
-0.058631
0.012145
-0.066522
-0.029964
0.018060
-0.052698
0.096124
-0.053150
-0.058567
0.062332
0.077714
-0.003361
0.038804
-0.108479
-0.042261
-0.051169
0.055303
-0.004838
0.087141
0.047829
0.000663
-0.063169
0.116545
-0.056699
0.117448
-0.056506
-0.035287
0.085192
0.086821
0.095657
-0.031066
-0.012010
-0.008069
0.099091
0.098855
0.007366
-0.037935
-0.005611
0.087154
0.096451
-0.088281
0.057332
0.012306
-0.026208
0.104239
-0.025060
0.023553
0.021458
-0.044947
0.029023
-0.045196
-0.008381
0.077447
0.003744
-0.074409
-0.035121
-0.069750
-0.056007
0.101053
-0.088631
0.044077
0.001617
-0.036347
0.102562
0.105715
0.057833
-0.084587
0.081926
0.066167
-0.083209
-0.006586
-0.101958
-0.080846
0.047279
0.046731
0.113137
-0.044589
0.058162
0.053985
-0.048417
-0.086449
-0.017536
0.104731
0.112705
0.116358
0.113274
0.096639
0.112025
0.021782
0.094525
0.063035
0.054256
0.073953
-0.092107
0.114779
-0.022306
-0.031127
-0.112408
0.053146
0.098578
0.043460
-0.042868
0.062920
0.066459
0.060438
-0.094360
-0.067013
-0.117616
-0.045353
-0.070959
-0.030175
-0.107352
-0.075212
0.074476
0.058017
-0.071040
-0.078170
0.105318
0.112160
0.062994
0.099794
-0.001601
-0.094893
-0.112636
0.046872
-0.095103
-0.022390
-0.047247
0.101472
0.018905
-0.011949
-0.100848
-0.076955
0.108797
-0.000105
0.117143
0.071206
0.034387
0.058736
0.091882
-0.075512
-0.074671
0.111858
-0.064734
0.029533
0.019507
0.118045
0.064494
-0.046038
-0.047809
-0.074000
0.100709
0.113141
0.037036
-0.083136
0.052090
0.081927
0.090349
0.069082
0.024428
0.028211
-0.026828
0.112466
-0.105729
0.100271
-0.117342
0.098651
-0.077259
0.060916
-0.094386
-0.060660
-0.093973
0.011431
0.089531
0.105215
-0.048164
0.041304
0.011380
-0.057514
0.032773
0.106333
-0.024611
0.060863
0.041050
0.096531
0.070521
0.116686
0.093011
0.036539
0.019523
0.018090
0.061325
0.107286
0.065618
-0.021270
-0.076143
-0.008768
0.017347
-0.039878
-0.044574
-0.098000
-0.076481
-0.057086
0.029230
0.078783
-0.080696
0.085622
0.000091
-0.083328
0.036057
0.009664
-0.006347
-0.091196
0.008262
0.095209
0.090665
-0.106663
-0.096737
-0.031404
-0.070263
-0.085379
-0.052325
0.061203
-0.070973
-0.070371
-0.097474
0.107843
-0.031825
-0.009734
-0.053455
-0.108021
0.041615
0.090346
-0.032644
-0.093001
0.105352
0.040124
0.081100
0.006939
-0.032297
0.097094
-0.063775
-0.066993
0.101187
-0.117701
-0.058098
-0.069773
0.061298
0.007940
-0.100452
-0.113651
-0.091780
0.038246
-0.036543
-0.014078
0.038285
-0.107962
0.009232
0.033808
-0.108197
-0.104568
0.033135
0.113346
0.105820
0.085935
0.100034
-0.031270
0.060859
0.091435
0.101129
0.064828
-0.083294
0.095388
0.096970
0.082196
-0.049402
-0.071889
-0.018179
0.113402
-0.048582
0.002525
-0.003745
0.020290
0.083537
0.005676
0.054103
-0.088424
0.052795
-0.023917
-0.024732
-0.109014
-0.107040
-0.113558
0.023270
-0.041766
-0.092213
0.098469
-0.064631
-0.034798
-0.069644
-0.026060
-0.022036
0.007959
-0.033401
0.090165
0.004248
0.080524
0.042274
-0.038022
0.116540
0.025088
-0.111245
-0.041214
-0.014055
-0.060486
0.034146
0.002090
0.104283
-0.081275
0.023375
0.059791
0.029890
0.070203
-0.112175
-0.063122
-0.001500
0.055138
-0.004363
0.097532
-0.031759
-0.061759
-0.047589
-0.028227
-0.025444
-0.073670
0.042590
-0.036724
-0.049557
0.002984
-0.051211
-0.036690
0.001772
-0.062692
0.055843
0.019270
-0.095535
0.105199
0.022728
0.029008
-0.095218
-0.022117
0.057933
0.098988
-0.009588
-0.052883
-0.048692
-0.096265
-0.094395
0.000344
0.111484
0.097917
0.069733
0.099014
0.093875
-0.102542
0.059375
-0.053860
-0.089396
0.013181
0.011138
-0.078567
0.092935
0.044929
0.036957
-0.016476
0.086291
0.074356
0.073272
-0.087799
-0.108470
-0.108260
-0.085538
-0.044060
0.114365
0.030583
-0.068072
0.014965
0.035559
-0.085508
0.072117
-0.104818
-0.069188
0.064250
0.021496
-0.027525
0.003703
-0.036582
0.085062
0.042888
-0.058258
0.047735
0.035333
0.105477
-0.055552
-0.101556
-0.085050
-0.002365
0.045588
0.111808
-0.095658
0.036327
0.066657
0.111464
-0.070310
0.028915
0.023085
0.023341
0.049912
0.076053
-0.071802
0.040955
0.043930
-0.036211
0.011561
0.090866
0.111723
0.075971
-0.025979
0.064771
0.073458
-0.042868
-0.089451
0.024117
0.089199
-0.046601
0.095765
0.116061
0.056987
0.012121
0.071168
0.050520
-0.110441
-0.114959
-0.112067
0.100285
0.098851
-0.034839
-0.021652
-0.111616
0.018954
0.024632
0.059964
-0.022708
-0.056538
0.088099
0.113180
0.014217
-0.100930
-0.001568
0.055015
0.070059
0.089502
0.035231
0.116225
0.082621
0.030676
0.038396
0.044538
0.098252
-0.050950
-0.002886
0.044564
0.081113
-0.083401
-0.045047
-0.089021
0.063694
0.037523
0.117143
0.101709
0.104042
0.010040
-0.003393
-0.075049
-0.071503
-0.041862
0.009197
0.028716
0.069548
-0.108875
-0.071886
0.080783
0.008996
0.033783
0.011615
-0.096082
-0.050142
-0.093547
-0.043219
-0.095579
0.080032
0.058772
-0.030393
0.060547
0.001534
0.042787
-0.016883
0.042569
-0.008275
0.067450
-0.065709
-0.046131
-0.035078
0.103133
0.012050
0.008881
-0.092074
-0.059720
-0.047632
-0.015255
-0.079614
-0.085971
0.073236
0.059152
-0.097470
-0.027536
0.039033
0.015659
0.071529
0.063853
0.034364
0.072344
0.073249
0.050990
-0.080503
-0.028702
-0.017355
0.055276
-0.083705
0.104284
-0.019093
-0.070154
-0.009592
-0.040416
-0.081629
-0.109295
-0.099906
-0.014024
-0.074749
0.094430
-0.038810
-0.090911
0.037061
0.026539
0.096871
0.064990
0.011963
0.086819
0.076229
-0.062902
-0.040136
0.088056
0.110725
-0.080922
0.018983
0.114879
0.012050
0.075708
0.081624
0.057448
-0.072717
0.094721
-0.043335
0.048002
-0.000975
-0.045114
-0.028701
-0.030864
-0.106237
-0.070933
-0.039928
-0.037837
-0.078134
0.051932
0.026591
-0.054812
0.032520
0.082177
-0.069862
0.071805
0.083448
0.100792
-0.048857
0.033021
-0.101341
0.058294
0.017326
-0.107698
0.037522
-0.004184
0.004761
0.104631
0.084049
-0.056960
-0.048724
0.098387
-0.096399
0.002471
0.042517
-0.097730
0.102163
-0.045359
0.078797
-0.027573
0.037305
0.020462
-0.113175
0.082972
-0.056704
-0.052873
-0.030061
-0.020624
0.112203
-0.063245
0.054946
0.106726
-0.085741
0.007447
-0.049944
-0.094986
0.106026
-0.104771
-0.014557
-0.067438
-0.106974
-0.073978
0.011696
-0.012197
0.072347
-0.026443
0.076231
0.024694
0.091433
-0.040356
0.062005
0.094252
-0.011798
0.108187
-0.036204
-0.035934
0.064340
-0.010640
0.096073
0.078039
0.092709
-0.079144
0.055061
-0.040977
0.104397
0.057607
-0.096480
-0.019329
-0.090290
0.007923
0.032304
0.005596
-0.079088
-0.087399
-0.048435
0.075237
-0.104552
0.040604
-0.082029
0.116528
0.007182
0.065748
-0.014434
0.013600
0.024058
0.030579
-0.067208
0.074845
0.022091
-0.021905
0.076740
0.044977
-0.046952
-0.034719
0.046857
0.005708
-0.106579
-0.080018
-0.025086
0.001845
0.036494
0.075133
0.043298
0.111101
0.046830
-0.007974
0.021661
-0.056132
-0.070147
0.073558
-0.023901
-0.024476
0.067079
0.072057
-0.109075
0.065304
0.066128
0.027098
0.003883
-0.045005
0.113851
-0.083246
0.087106
-0.040071
0.002056
-0.060152
-0.056715
-0.069404
0.018819
0.051875
-0.103581
-0.024415
0.029951
-0.100315
-0.117572
-0.087122
0.004496
-0.045859
0.079235
0.074338
-0.002635
0.004709
-0.003319
0.018644
0.033454
0.083311
-0.023146
-0.047131
0.013192
0.007473
0.081426
-0.093072
-0.091108
-0.028978
-0.047147
-0.105971
0.005283
-0.021593
0.036713
-0.096870
-0.079470
0.114179
-0.113626
0.109631
-0.084027
-0.012788
0.035821
0.067317
0.039190
-0.095262
-0.003561
0.105603
-0.014611
-0.000907
-0.039187
0.109432
-0.019139
0.057467
0.054283
0.093078
-0.112345
-0.057441
0.011574
-0.043676
0.006505
-0.072571
0.003379
0.055647
0.065720
-0.063567
-0.061028
-0.059163
-0.084747
0.070588
-0.000850
0.095988
0.016323
-0.020275
-0.117152
-0.109816
-0.115044
-0.091715
0.003188
0.068471
0.104548
-0.095266
-0.024991
0.014415
-0.033475
0.021404
-0.007659
-0.027243
0.013195
-0.003464
-0.043565
-0.058034
0.041512
0.003175
0.012534
0.025606
0.092997
-0.103897
0.021042
0.069168
0.082541
-0.025979
-0.105208
-0.018131
0.073318
0.030999
0.007854
0.024236
0.035979
0.081217
0.057485
0.093210
-0.063941
0.087580
-0.116213
-0.006667
0.106877
-0.075702
-0.101737
-0.104823
0.047089
-0.001057
-0.089035
-0.067574
-0.034989
-0.040877
0.049257
-0.050233
-0.052540
0.002451
-0.028846
-0.112664
0.111567
0.062060
-0.082912
-0.083431
0.010439
0.092116
-0.010995
-0.108985
0.059410
-0.060387
0.100262
0.035445
-0.088782
-0.097619
-0.063314
0.065471
0.109944
-0.114467
0.064397
0.062254
-0.105268
-0.033777
0.005868
-0.057965
0.023988
0.096227
-0.086155
-0.065068
0.095612
-0.017669
0.031894
-0.049607
-0.048774
-0.060669
-0.002825
-0.026880
-0.079400
-0.097714
-0.110812
-0.012993
-0.116618
0.091245
0.115319
0.009547
0.052490
-0.099742
-0.075802
0.078680
0.110839
-0.004382
-0.020651
-0.017414
-0.023889
0.077597
0.008052
-0.051931
-0.087446
-0.029058
-0.030170
0.106443
-0.012864
0.009950
-0.000160
-0.089142
-0.032342
-0.008529
-0.076472
-0.078150
-0.097964
0.013654
-0.031325
0.070460
-0.077798
-0.024184
0.016919
0.059079
-0.106884
-0.008368
-0.084854
0.038699
-0.072011
-0.060381
-0.111814
0.109305
0.104304
-0.052180
-0.070849
-0.111711
0.008043
-0.096075
-0.064180
-0.085699
-0.031389
0.104533
0.020408
0.060832
0.081769
-0.096661
0.087268
0.064071
-0.024471
0.094541
-0.080701
-0.037586
0.084312
0.020671
0.081896
-0.015691
-0.027779
0.036215
0.088347
-0.081373
0.049721
0.052961
0.114508
-0.028280
-0.004018
-0.115669
0.048068
0.071510
-0.028262
0.021952
-0.115478
-0.023887
-0.099007
0.007422
0.051523
-0.062839
0.071724
0.069235
-0.072541
0.015380
0.075987
0.009366
-0.071686
0.092328
-0.051104
0.022597
-0.034476
-0.046415
-0.084242
-0.028756
0.028002
-0.016644
-0.050492
-0.046551
0.117398
0.074151
0.099148
0.080246
-0.017956
0.089729
-0.034607
-0.097061
-0.057149
0.064415
-0.040076
0.109532
0.072341
0.077968
-0.058756
0.032253
0.081876
0.084243
0.101342
-0.076402
-0.022657
-0.114579
-0.099082
0.100084
-0.095614
0.013078
-0.090342
-0.091749
0.064082
0.109842
0.002964
-0.095111
0.030633
-0.012814
0.057824
0.020702
0.023957
-0.117828
0.101052
0.039244
-0.086422
0.041587
0.011778
-0.072196
0.008801
0.060730
0.024792
-0.084901
0.097979
0.044158
0.000365
0.043942
-0.041068
0.114527
-0.104390
-0.012174
0.081420
0.060907
0.032213
0.079623
-0.002569
0.028646
-0.032170
0.001180
0.083893
-0.078981
0.020578
0.065438
0.091340
-0.089986
0.058503
0.029923
0.104291
-0.094097
0.035732
0.066676
-0.091497
0.033587
0.045435
-0.009065
0.101097
-0.072427
0.085427
-0.006107
-0.049834
-0.106427
-0.025544
-0.021060
0.110031
0.036133
0.013847
-0.086459
0.065344
-0.015148
0.088468
-0.062006
-0.006824
0.014249
-0.039778
-0.016546
-0.103023
-0.088229
-0.036728
-0.090152
-0.009091
-0.012842
-0.084342
0.084563
-0.084286
-0.056783
0.113917
0.076279
-0.088672
-0.084306
0.034408
0.034821
-0.026267
-0.043900
-0.001191
-0.043832
0.076591
0.112192
-0.045097
0.115033
-0.020753
0.089810
-0.025115
0.110927
0.069803
-0.065493
-0.084747
0.012452
0.088489
0.056723
0.072634
-0.046509
-0.046262
-0.113485
-0.101774
0.061988
-0.044351
-0.082387
-0.078214
-0.097876
0.029405
-0.010403
-0.074703
0.073628
-0.110734
0.042592
0.098545
0.079439
-0.074985
0.013083
-0.103640
0.046159
0.088657
-0.058170
0.083875
0.025570
-0.080707
-0.010829
0.025802
0.107162
-0.086247
0.094333
-0.096694
-0.004568
-0.033064
-0.025230
0.010038
-0.110020
-0.053838
0.074287
-0.087315
0.084786
0.045327
-0.031266
0.013302
-0.058852
-0.091360
0.097484
-0.045805
-0.104642
-0.079537
0.105974
-0.090959
0.001041
0.079194
0.066299
-0.033777
-0.015474
-0.054364
-0.104466
-0.055705
0.075698
0.111982
0.081726
0.004774
0.117381
0.058665
0.074649
-0.085987
0.004363
0.013715
0.000160
-0.033944
-0.007336
-0.055844
0.046263
-0.075543
0.037123
0.033420
0.022942
0.081412
0.024214
0.113300
-0.006065
-0.051951
0.067527
0.041948
0.000412
-0.022065
0.080079
0.037729
0.059099
0.007553
0.058011
0.067998
0.117708
-0.108179
-0.113127
0.065108
0.108787
0.041069
0.112237
-0.087995
-0.074745
-0.079344
0.023258
0.037781
0.052048
-0.024644
-0.069157
-0.059294
-0.096258
-0.114696
-0.103886
-0.091436
0.112237
0.116951
0.113681
0.068442
-0.007603
-0.094737
0.065321
-0.043009
-0.103358
-0.025473
-0.100906
0.067697
0.110294
0.021311
0.012394
0.027760
-0.064441
0.037794
-0.042698
0.060418
-0.092703
0.096792
0.011091
-0.116261
-0.061797
-0.004847
-0.014129
0.101535
0.060266
0.014097
-0.096371
-0.057695
-0.011681
-0.023676
0.094466
0.043605
0.021328
0.117476
0.061755
-0.076974
-0.039610
0.088716
-0.075141
0.081166
0.079360
0.051116
-0.108753
0.024777
0.061721
0.009834
-0.016351
0.009119
-0.068483
-0.075570
-0.035837
-0.023233
0.085193
0.091872
0.078614
-0.053942
-0.082729
0.083663
0.086964
0.064678
-0.116325
-0.013837
-0.047131
-0.093516
0.076096
-0.056491
0.046055
0.001027
-0.082124
0.006219
0.097175
-0.075229
0.024518
0.111191
0.095447
-0.117540
-0.019082
-0.029629
-0.024623
-0.086623
0.007266
0.100714
-0.068181
0.092749
-0.097037
-0.005090
-0.037011
0.110075
-0.059625
0.014431
-0.054849
-0.020933
-0.044389
-0.073270
-0.000974
-0.015599
-0.055951
0.006551
0.079960
0.084673
0.065494
0.051755
-0.092157
0.069382
-0.040905
0.102603
0.093667
-0.080300
0.049070
0.112605
0.113238
0.039589
0.080480
0.065679
0.012716
-0.058629
-0.022508
-0.065945
-0.054446
-0.104195
0.049270
-0.018201
-0.067061
-0.033267
0.091599
-0.109873
0.077044
0.017923
0.010076
0.068843
-0.026749
-0.010315
-0.076819
-0.105750
0.088291
-0.071389
0.010900
-0.096822
0.104255
-0.088230
-0.083726
-0.056759
0.024363
0.009277
0.114277
-0.082744
-0.086146
-0.004651
0.048655
0.117428
-0.077085
-0.050491
0.037449
-0.032919
0.070894
-0.000278
0.035533
-0.056438
-0.115378
-0.105887
0.079038
-0.041863
-0.043498
-0.099155
0.000254
-0.094951
-0.012544
0.083039
0.068854
0.108650
0.002750
0.033129
-0.042590
0.043038
-0.053201
-0.055744
0.014431
