0.019384
-0.104535
0.070515
0.089487
-0.106858
0.099994
-0.067314
-0.029199
-0.077022
-0.034560
0.061013
0.108415
-0.101767
0.100508
0.106048
0.064146
0.022463
-0.018170
-0.020699
0.108187
-0.002823
-0.027077
0.012356
0.037186
-0.034253
-0.072469
0.046344
-0.044240
0.061328
0.097875
-0.062566
0.041728
-0.114852
0.083852
-0.072963
-0.081865
0.056092
0.067563
-0.036238
-0.098789
0.076697
-0.038727
0.003191
0.040634
-0.103246
0.082407
0.011031
-0.093477
0.104304
0.100547
0.036664
0.040794
0.064844
-0.118613
0.025520
0.019717
0.008402
0.116007
-0.035461
-0.081770
0.110149
0.051914
0.010004
-0.014856
0.005833
-0.094494
-0.097292
0.115534
0.034408
-0.093752
-0.019817
-0.057667
-0.070385
0.015935
-0.070072
-0.097549
-0.075674
-0.110840
0.015911
-0.081221
0.060784
-0.013520
0.033081
0.105391
-0.004752
-0.071405
-0.005882
-0.036603
0.047838
0.063763
0.035420
0.040562
-0.029329
0.026118
0.000468
-0.047388
0.022137
-0.040620
-0.048991
0.110369
-0.004378
0.071552
-0.084622
-0.094090
0.079329
-0.062542
-0.052425
0.092359
0.001266
-0.055567
0.001351
0.085889
0.007718
-0.052056
-0.011991
-0.049596
-0.117845
-0.100563
-0.057184
-0.017028
0.062772
-0.063788
-0.039336
0.113379
0.087662
0.079707
-0.100597
-0.055893
-0.032849
0.044596
0.015101
0.075640
0.099792
-0.077904
-0.107836
0.083987
-0.079897
0.044547
0.074109
0.058331
0.066879
-0.021187
0.068744
0.078858
-0.031907
-0.098260
-0.090234
-0.088514
0.107174
0.010128
0.099753
0.007349
0.103766
0.005290
0.042964
0.044416
0.057311
-0.059951
0.079492
-0.004954
0.070668
-0.016832
0.113044
0.048494
0.109834
-0.007117
-0.004319
0.001415
-0.102440
-0.103605
-0.040249
0.048412
0.014358
0.077727
0.015455
-0.107701
-0.072257
-0.064235
0.107332
0.103407
-0.000938
0.038770
0.013825
0.069055
-0.095749
-0.092669
0.015701
0.037174
-0.061638
-0.102772
0.057319
-0.093440
0.074155
-0.049909
-0.061405
-0.012738
0.005867
-0.100688
0.037583
-0.077705
-0.004757
-0.065749
0.103081
-0.086098
-0.078121
0.026793
-0.031876
0.027701
-0.110392
-0.078298
-0.031049
0.061618
-0.067020
-0.105874
0.093665
-0.040362
-0.108142
0.058043
-0.079945
-0.076602
0.070419
-0.027438
-0.007616
0.100395
0.060518
-0.086150
-0.069198
0.027183
-0.064775
-0.086294
-0.116495
-0.087763
-0.060366
0.090185
0.117344
-0.059399
-0.041499
-0.063863
-0.100453
0.007793
-0.024498
-0.013434
-0.061285
-0.027225
-0.052320
0.116460
0.016491
0.079928
-0.011159
-0.090196
0.050023
-0.016380
0.057614
0.070757
0.106958
-0.022414
-0.043833
-0.067457
-0.101688
0.064501
-0.093387
-0.025857
-0.053618
-0.086732
-0.110814
0.113085
0.075131
-0.067179
-0.015970
-0.069611
0.052922
-0.088123
-0.092274
-0.036926
0.015401
-0.010465
0.089738
0.098389
0.027630
0.062823
0.084561
-0.104983
-0.038018
-0.096190
0.023290
0.091343
0.113300
0.108704
-0.057017
0.040949
0.085424
-0.006681
-0.072422
0.050168
0.020568
-0.025512
-0.020193
0.072913
-0.112891
-0.005733
-0.027691
-0.055994
0.053217
0.060444
-0.034698
0.034930
0.060208
-0.038005
-0.116644
0.113589
-0.092982
0.093926
0.067060
-0.088273
0.021280
-0.049552
0.056258
-0.008654
-0.087784
-0.104742
-0.047455
-0.069956
-0.081369
-0.031242
0.105321
0.011475
0.060916
-0.083611
0.049951
-0.019957
-0.002266
0.102710
0.112124
-0.114805
0.038322
0.007919
-0.013953
-0.110646
0.094374
-0.094840
0.115367
0.034377
0.061260
0.000356
-0.010097
0.116530
-0.091824
-0.081227
0.089124
-0.031253
-0.110258
-0.110807
-0.041134
-0.051814
-0.055952
-0.098038
-0.007708
-0.109905
-0.083847
0.081995
0.052475
0.012209
-0.067462
0.025222
-0.104916
-0.066133
-0.091576
-0.025041
0.084327
-0.096416
0.052302
-0.031824
0.025216
0.014833
0.051747
0.024199
-0.073130
-0.021654
0.084612
-0.108551
0.043884
0.102211
0.044351
-0.070605
0.042638
-0.008030
-0.033094
-0.074237
-0.052298
-0.106982
-0.074514
0.004797
-0.080472
0.005864
-0.030111
-0.078266
0.118152
-0.010927
-0.087552
-0.083344
0.054654
0.012845
0.090716
0.081551
-0.093987
-0.073972
0.051604
0.042703
0.057098
-0.032339
-0.027218
-0.042684
-0.085715
-0.021512
0.114845
0.027469
0.053845
0.049859
-0.024626
-0.018473
0.009772
0.009732
0.087285
-0.095462
0.071937
-0.075283
-0.020086
-0.058613
0.106458
-0.072625
-0.078448
-0.037985
0.063104
-0.075991
-0.114445
0.037010
0.107167
0.078579
0.067135
-0.090409
0.084654
-0.117501
-0.016534
0.055646
0.062732
0.008534
-0.030759
-0.074174
-0.108528
-0.053315
0.038810
-0.112517
0.091938
-0.024508
-0.017684
0.029276
0.060636
-0.106578
-0.002394
-0.016638
0.115560
0.056157
0.069002
-0.098938
0.004039
0.028471
-0.093357
0.059735
-0.049749
-0.000158
-0.112983
-0.084182
-0.043110
0.077277
0.094214
-0.044679
0.030372
-0.012028
-0.109743
0.074610
0.081229
-0.058368
-0.081903
-0.029556
0.078943
0.109500
-0.036799
-0.048810
0.024762
-0.112441
-0.022838
-0.083205
-0.021249
0.077874
-0.048932
-0.035320
-0.050248
0.071607
-0.073075
0.107107
0.116399
0.096787
-0.023515
-0.012750
-0.027300
-0.032330
0.044926
-0.073474
-0.018207
0.094823
0.098738
0.062440
0.101774
-0.085996
0.051911
0.002533
0.091401
0.007233
0.046514
-0.010200
0.051702
0.069090
-0.076742
0.065552
-0.069856
0.092762
0.064538
0.013888
-0.009263
-0.041915
-0.083571
0.021115
-0.008628
-0.102679
0.030138
-0.111505
-0.098041
-0.067613
-0.117476
0.073874
0.005457
-0.050990
0.048526
-0.047820
0.093347
0.104923
-0.060103
-0.096935
0.076189
-0.076871
-0.079087
0.076502
0.014442
-0.069699
-0.044271
-0.079385
-0.112908
0.077092
0.051619
0.114968
-0.018909
0.010853
0.046807
0.002931
-0.067371
0.047743
0.029303
0.114284
-0.099122
-0.094612
0.037419
-0.055075
0.105206
0.039163
0.015369
-0.089194
0.020267
0.040009
-0.014538
-0.008399
-0.086859
0.037200
0.012404
0.064607
-0.035009
0.054853
-0.094076
0.094065
0.017655
0.108714
-0.043278
0.101758
-0.084207
0.073823
-0.039792
-0.084833
0.118186
-0.054712
0.105679
0.111880
-0.002065
0.066043
0.015671
0.109110
0.105267
-0.057067
0.036079
0.043013
0.092363
-0.070045
-0.043482
-0.004506
-0.003217
0.084627
-0.097446
-0.059844
0.020137
0.065060
-0.044011
0.117444
0.067698
-0.047921
0.091264
-0.115891
-0.016221
-0.041479
0.051583
0.063180
-0.018582
-0.012987
-0.114895
0.039614
-0.070309
-0.093752
0.092065
-0.060326
-0.104272
-0.005305
0.109955
-0.075221
-0.014873
-0.107355
-0.044886
0.003316
-0.042706
-0.109401
0.040113
-0.078565
-0.014314
-0.087415
0.099174
0.087778
0.010735
0.056446
0.095128
-0.040851
-0.089800
-0.097833
-0.056259
0.041106
0.030839
0.075334
0.019293
0.072686
-0.092597
0.096426
-0.074548
-0.001384
-0.082808
0.033032
-0.001414
-0.093294
0.116675
-0.104351
0.110549
0.086143
0.062252
0.040464
0.070036
-0.001363
-0.093150
0.013629
0.087806
0.033921
0.009995
-0.052725
0.117292
-0.065573
0.040308
-0.027658
0.061043
0.014109
0.016250
-0.039477
0.000427
-0.045541
0.105977
-0.082250
0.105577
-0.030481
0.041972
0.094779
-0.089587
0.116929
-0.110452
-0.077553
0.066459
0.111944
0.103264
-0.061499
-0.011766
-0.092549
-0.067358
0.029277
-0.036166
0.097258
-0.072769
0.115432
-0.037158
-0.118190
-0.110193
0.055807
0.044373
0.023513
0.085149
-0.051589
0.043738
-0.081790
0.103039
0.009909
0.046033
-0.083416
-0.020087
-0.039648
0.023897
-0.073150
-0.042886
-0.004751
0.115412
-0.067245
-0.048062
0.036761
-0.116908
0.042082
-0.112706
-0.009668
-0.108402
0.023219
0.099755
-0.017901
-0.026216
0.106355
-0.083770
0.048142
0.050704
-0.033133
-0.044594
0.019723
-0.017192
0.117399
-0.055733
0.006082
-0.069878
-0.016947
0.065477
-0.066714
0.088633
-0.034197
0.110822
-0.019500
0.061079
-0.074538
0.102009
0.056499
0.094211
-0.083183
0.000806
0.032708
-0.096565
0.048891
0.104350
0.019241
0.102786
-0.091264
0.068511
0.075060
0.029823
0.109207
-0.031294
-0.096096
-0.059530
-0.018357
0.007018
-0.108109
0.078175
0.034007
0.001641
-0.030343
0.098713
-0.071983
0.032159
0.107664
-0.025674
0.092186
0.008116
0.090633
-0.083830
-0.060293
-0.012823
-0.101365
-0.010774
-0.082041
0.102945
0.081928
0.008714
-0.005499
0.027413
-0.000431
-0.017943
-0.050349
0.115236
-0.041674
-0.093656
-0.091326
-0.016527
0.029954
-0.094351
0.079040
-0.034262
0.084734
-0.002381
-0.007927
-0.068529
-0.076762
0.069767
-0.070826
0.006499
0.002133
0.047137
-0.106891
0.076560
0.093292
0.090840
0.056509
0.103779
0.118193
0.111932
-0.094425
0.111507
-0.027414
0.101288
0.036036
0.103242
0.063691
0.046595
0.096740
0.030921
-0.004394
-0.086675
-0.003882
0.092144
-0.100873
-0.078502
-0.113000
-0.073338
-0.074372
-0.060572
-0.024927
0.027546
0.097480
0.117789
-0.103393
-0.065728
0.060592
-0.011121
-0.029413
-0.054134
-0.071338
-0.031245
-0.084224
0.104635
0.064541
0.112287
0.095673
0.070939
0.077592
-0.112041
-0.075774
0.091243
0.104509
-0.006039
0.116136
0.118919
0.012385
0.021777
-0.012500
0.046327
0.055837
0.039433
-0.068448
0.060331
-0.082873
0.061442
0.073637
-0.097513
-0.033380
0.080926
0.043364
-0.010976
-0.053766
0.012623
-0.114815
0.059073
0.104395
0.052511
-0.032572
-0.085596
0.011728
0.099453
0.095667
-0.037548
-0.026350
-0.044169
-0.038607
0.075114
0.002860
-0.108734
0.114622
0.086105
-0.010873
-0.104436
0.013077
-0.033460
-0.042755
-0.054192
0.079542
-0.021209
0.037620
-0.018225
-0.116196
0.009850
0.059566
0.091833
0.069773
0.046672
0.067963
0.062977
0.105825
-0.105653
-0.072864
-0.086170
-0.021592
-0.104550
-0.083539
-0.037547
0.019343
0.119014
-0.075161
-0.040690
0.004110
-0.107826
-0.108621
-0.014016
0.026586
0.035787
-0.034827
-0.039002
0.035286
0.008853
-0.013838
-0.006554
0.054831
0.108903
-0.116541
0.007346
0.014337
0.016247
-0.085797
0.090460
0.079001
-0.100809
0.083276
-0.023575
0.021959
0.042741
-0.056086
-0.075273
0.094345
0.048390
0.036518
-0.059814
-0.018537
-0.054995
0.114533
-0.104817
0.022135
-0.049767
-0.069640
0.008942
0.040696
0.066954
0.116110
-0.032270
0.094796
-0.029940
-0.093636
0.054681
-0.060281
0.031750
0.020122
-0.093341
0.077077
0.037398
0.080273
0.003819
-0.069494
0.097348
-0.012611
0.102098
-0.105697
-0.031869
-0.062171
0.080042
0.118798
-0.094769
0.007739
0.000399
0.057448
-0.087984
0.071732
-0.016481
-0.079158
0.058238
-0.039652
-0.056628
-0.045164
-0.102356
-0.094254
-0.078278
-0.006139
-0.108603
-0.078471
-0.081809
0.025083
-0.044741
-0.036105
0.106336
-0.014145
0.061222
-0.058448
-0.052680
0.091075
-0.099987
0.051569
0.072407
-0.037405
-0.075799
0.023056
-0.083990
-0.064871
0.015671
0.047947
-0.022810
0.070265
0.104194
0.018042
0.077628
-0.024502
-0.064976
-0.091348
-0.000994
-0.025655
0.066368
0.035907
0.096119
-0.090962
-0.058319
0.021673
-0.093096
0.067290
-0.010994
-0.050505
-0.041285
-0.006397
0.031061
-0.098283
-0.040537
-0.033851
-0.109082
0.077248
-0.077466
0.102210
0.030922
-0.061088
-0.082605
-0.036259
0.030446
0.091626
0.108584
0.066580
0.030672
0.063704
-0.036675
-0.094569
-0.014285
-0.086671
0.013875
0.049831
-0.072293
-0.051525
-0.066948
-0.004460
-0.012591
0.067646
-0.099296
-0.109768
0.050496
0.119100
-0.070445
0.036495
0.035442
0.035659
-0.048537
-0.032723
0.048490
0.021908
-0.056629
0.085673
-0.096277
0.070408
-0.031089
-0.086757
0.015122
0.038839
-0.025562
0.054343
0.016863
-0.107139
0.040115
-0.020234
-0.090320
0.084677
0.063588
0.115594
0.010781
0.036756
0.051425
-0.020424
0.084426
-0.081217
-0.116236
0.013967
0.071743
-0.065046
0.036556
0.017274
0.049455
-0.111129
-0.033654
0.081915
-0.103602
-0.010040
0.059038
0.101939
-0.074582
-0.022834
0.059663
-0.006205
0.038008
0.054545
-0.013625
0.040725
-0.017463
-0.029700
0.082367
0.063617
-0.010758
-0.114196
-0.038049
0.075071
0.102249
-0.051624
-0.109525
-0.047393
-0.000630
0.016647
-0.046512
-0.090375
-0.100455
-0.112085
0.013413
0.084858
-0.050101
0.095467
-0.008848
0.116046
-0.112611
-0.008789
0.062958
-0.059073
0.040006
0.013354
0.059892
0.089351
0.009963
0.006412
0.041675
-0.056084
0.042597
0.028855
-0.100036
0.067420
0.011068
0.033547
-0.052784
-0.071341
0.009372
0.099839
-0.018526
-0.006130
-0.026298
-0.113764
-0.030796
-0.111239
0.026378
-0.029113
-0.031309
0.013393
0.009405
0.017404
0.058173
-0.116740
-0.043254
0.016852
0.086935
-0.004700
-0.033256
-0.021783
-0.048104
0.084650
-0.101314
0.112325
0.068214
0.085016
-0.023401
0.021946
0.084028
-0.067933
0.091887
0.009376
-0.067857
-0.053615
-0.022287
0.067206
0.065012
0.016152
-0.097431
-0.085898
0.035303
-0.101448
0.092739
0.110261
0.111415
-0.054621
0.064678
-0.021514
0.003153
0.060865
-0.099437
0.026035
-0.084955
0.072995
-0.116977
0.089055
0.089058
0.071799
0.042185
0.101069
0.019131
0.079282
0.105661
0.026931
-0.076402
-0.015052
0.050316
0.034417
-0.045135
0.052243
0.094140
0.109335
0.111586
-0.046987
-0.092047
0.017780
0.047055
-0.005671
0.049941
-0.115241
0.082955
-0.022406
0.028790
-0.078240
0.008810
0.014174
-0.020500
0.070773
0.072259
0.060971
-0.009226
0.098105
0.084588
-0.106618
-0.038449
0.102059
-0.087357
-0.073420
-0.085453
-0.091526
-0.101681
-0.056922
-0.094734
0.062546
-0.001475
-0.024317
0.096510
0.043589
-0.089935
0.058230
-0.059858
0.097675
-0.066258
0.012815
-0.010776
0.099359
-0.046280
-0.058812
0.091998
-0.001034
0.087928
-0.050681
-0.060946
0.069345
0.031566
0.039853
-0.077686
0.033879
0.018746
0.069152
0.052899
-0.053096
-0.011268
-0.085529
-0.104991
0.021332
-0.071376
-0.018125
-0.089675
-0.018153
0.097270
-0.086049
-0.012002
-0.091581
-0.030062
-0.013960
0.096187
0.099654
0.059102
0.066560
-0.062743
-0.046300
0.020659
0.092973
0.068637
-0.016957
0.113652
-0.034082
-0.085333
0.050012
-0.017020
0.067527
-0.088276
-0.088427
-0.090372
0.113130
-0.025676
-0.014078
0.028243
0.057579
-0.084200
-0.025002
0.032777
-0.054381
-0.081890
-0.062650
0.089273
-0.053380
0.019744
-0.053712
0.077677
0.008829
-0.067281
-0.007252
-0.067139
0.101152
0.080331
-0.030909
-0.058133
-0.043826
-0.002154
-0.056942
0.077978
-0.110915
0.077136
0.018199
0.090645
0.105695
0.053093
0.074427
0.067579
0.071674
-0.019161
0.031284
0.071475
-0.030608
-0.062035
-0.066963
-0.052021
-0.099332
-0.015716
-0.056723
-0.025064
-0.071557
0.115060
-0.023027
-0.029780
0.096801
-0.034528
-0.035787
0.063081
-0.087711
-0.117039
-0.007140
0.068239
0.103566
0.006246
0.091068
-0.062596
-0.018135
-0.090266
-0.039406
0.041412
-0.059943
0.069390
-0.003523
-0.076578
-0.072720
0.059533
0.044384
0.114456
0.113549
0.065752
-0.117761
0.058963
-0.025448
0.068068
0.046211
-0.026222
0.018155
0.016465
-0.019137
-0.068173
0.067058
-0.001210
0.012771
0.070838
-0.079852
0.044894
-0.091686
0.017015
-0.053756
0.095111
0.074700
-0.078491
0.043942
0.081897
0.027512
0.056991
0.014119
-0.097721
0.071360
0.100526
-0.028878
0.109845
0.037391
0.032053
0.041428
0.044668
0.075589
0.044800
-0.064520
0.100814
-0.034532
-0.094421
-0.012476
0.059999
-0.067827
-0.097370
-0.051050
0.104576
-0.022578
0.081219
-0.082075
-0.013281
-0.071863
0.060659
0.059882
-0.004201
0.096685
0.111725
0.042339
0.011354
-0.029362
0.111659
0.080382
-0.043273
-0.117118
0.073211
0.012262
-0.027966
0.092260
-0.033628
0.013320
0.090560
-0.011227
0.048985
-0.017584
-0.028728
0.116914
0.111704
0.006417
-0.090965
0.010557
0.087254
0.089723
0.070048
0.063710
-0.019194
-0.077244
-0.102394
0.060875
-0.093470
-0.097550
-0.068739
-0.021299
0.077445
0.106643
-0.020184
0.050620
-0.059195
-0.061736
-0.092088
-0.117487
-0.110378
0.066922
-0.082388
0.056318
-0.033598
-0.015060
-0.063802
-0.056804
0.009409
0.004004
0.078356
0.099495
-0.041769
0.086736
-0.018290
0.025902
-0.116386
0.100978
-0.004045
0.102909
0.066883
0.043497
0.057658
0.082421
0.030318
0.063299
-0.113083
0.086016
-0.056239
-0.090081
-0.032231
-0.048362
0.085999
-0.113669
-0.100541
-0.085750
0.025094
-0.012575
0.100589
-0.046945
0.071079
-0.114182
-0.104147
0.043446
0.057035
0.042911
0.092261
-0.107656
-0.005093
0.064009
0.051134
-0.051316
0.075598
-0.006614
-0.030210
0.011165
0.116175
0.042752
0.012584
-0.032990
-0.070710
0.083639
0.038396
0.020843
-0.075015
-0.028320
-0.047708
0.056344
-0.109904
-0.103191
0.110116
0.058689
0.099613
-0.045889
-0.049593
0.093121
-0.095297
-0.111255
-0.058485
-0.001327
-0.006962
-0.076696
0.065237
0.043830
0.042543
-0.033387
-0.048004
-0.058341
0.061869
-0.119090
0.089675
0.082760
-0.079549
0.022192
-0.113084
-0.093908
-0.061317
0.088792
0.083235
0.080094
-0.047050
0.068738
-0.107739
-0.041039
-0.117951
-0.034243
0.092792
0.051802
0.031916
0.090397
-0.045701
-0.060527
0.075361
0.018930
0.055009
0.062822
0.073933
0.016601
0.012858
-0.076205
0.059954
-0.071016
0.035103
-0.020925
-0.028803
-0.090050
0.026071
0.064249
-0.043940
-0.000354
-0.015326
0.082277
0.016244
-0.077426
-0.013311
-0.089854
0.065588
0.021397
0.022638
0.083329
0.015259
-0.048594
0.108867
0.082262
-0.027578
0.017273
-0.104414
-0.089731
-0.013714
-0.023046
-0.091947
0.036611
-0.115241
-0.017636
-0.069961
0.046240
-0.070323
0.016156
0.096754
-0.085305
-0.064387
-0.040898
0.053751
-0.052600
-0.108870
0.036640
-0.052516
-0.109487
0.078029
0.087524
0.109205
-0.099712
-0.091111
-0.106056
-0.059930
-0.079672
0.065833
0.017689
-0.112164
-0.060735
0.075064
0.064593
-0.034707
-0.116451
0.051757
0.027929
-0.085889
0.111251
-0.068956
0.036547
-0.111833
0.017862
-0.000108
-0.043653
-0.103501
0.039118
-0.024036
0.109914
-0.032993
-0.106241
0.077884
-0.001611
0.058285
-0.103641
-0.016532
0.076319
0.010914
-0.038108
-0.094987
-0.000048
0.056190
0.088126
-0.013552
-0.048623
0.112663
-0.002243
0.081257
0.063411
-0.023318
0.100599
-0.051964
0.022701
-0.018999
-0.023889
0.038831
-0.090811
-0.009859
0.081629
0.056312
0.117936
-0.010961
-0.048003
0.072993
0.046157
0.003134
-0.016952
-0.049142
-0.045754
-0.116676
0.100309
-0.113487
-0.018189
-0.115073
-0.058255
0.071932
-0.031018
-0.087814
0.037015
-0.014517
0.112875
-0.114060
0.037213
-0.110221
0.088257
0.117185
-0.050018
0.076068
-0.020670
-0.101422
-0.087957
-0.060465
0.002753
-0.107772
-0.074358
-0.114769
0.083235
-0.030388
0.051896
0.105635
-0.049483
-0.055976
0.102332
0.048990
0.060979
-0.064949
0.085244
-0.012408
0.104215
0.079219
0.067198
0.018745
-0.094872
0.059453
0.095403
-0.012459
0.039547
-0.084672
0.053274
-0.080277
-0.041220
-0.095804
-0.052406
0.007381
-0.013622
0.100146
0.019059
-0.073704
0.109456
-0.011851
0.064450
-0.079615
0.060786
0.113751
-0.028162
0.032744
0.092068
-0.025481
0.061562
0.057312
0.079593
-0.059232
0.069516
0.082287
0.110616
0.016915
0.023562
0.107909
0.117107
0.011187
0.107937
0.101859
-0.063529
-0.036308
-0.079627
-0.018982
0.058940
-0.112666
-0.044030
0.062819
0.084810
-0.115146
0.002456
0.019749
0.070685
0.015117
0.034710
-0.007024
0.011099
0.081837
0.048541
-0.050424
0.055509
0.075621
-0.023903
0.117732
-0.105769
0.092349
0.048544
0.086589
-0.078756
0.116239
-0.059997
-0.090152
0.015535
0.089958
0.000273
-0.057412
-0.108490
0.075115
-0.075470
-0.025573
-0.022030
0.110679
0.085322
0.102105
-0.014880
-0.030838
-0.065117
0.018808
0.041030
0.017737
0.063034
-0.087587
-0.109018
-0.072593
-0.065630
-0.058772
-0.066206
0.096765
-0.062777
-0.081631
0.037463
0.089830
0.000628
-0.092684
0.022013
-0.005261
0.070828
-0.113361
0.038634
-0.003583
-0.087758
0.091811
0.027880
0.051181
0.063476
0.112232
-0.104270
-0.044878
0.004655
0.036643
0.010124
-0.050981
-0.027437
-0.004699
0.075205
0.006520
-0.064435
0.000746
-0.084334
-0.047638
0.002042
-0.056595
-0.023071
-0.053066
-0.048206
-0.075657
-0.091236
-0.110088
-0.050793
-0.065977
-0.015482
-0.051177
-0.105040
-0.026713
0.021627
0.059216
-0.045536
0.062242
-0.070886
-0.083519
0.061274
-0.064362
0.059712
-0.078385
-0.098386
0.036988
0.084541
-0.010103
-0.089509
-0.097496
-0.072710
-0.069754
0.023654
0.011969
0.013599
-0.076867
0.027368
0.055483
-0.092457
-0.065826
-0.087733
-0.058852
-0.106301
0.083386
-0.109520
0.071477
0.038179
0.008213
0.020625
-0.001877
-0.085786
0.002568
-0.022106
-0.047169
0.040702
0.019708
-0.038402
-0.113866
-0.116753
0.116025
0.067789
-0.053841
-0.012769
0.054676
-0.055546
-0.057151
-0.055724
-0.104059
-0.043851
-0.027413
0.040384
-0.007849
0.065128
-0.014454
-0.056542
0.090944
-0.050896
0.013395
-0.065156
-0.025359
0.035389
0.035532
0.044097
0.034651
-0.025585
0.002784
-0.078558
0.004470
0.013810
-0.029440
-0.025707
-0.107837
0.051732
0.029921
-0.073892
-0.045986
0.024560
0.083178
-0.110350
0.021243
-0.094589
0.083333
0.016320
0.017990
0.054443
-0.031856
-0.036198
0.098621
-0.066051
-0.015584
-0.025667
0.024185
-0.110282
0.071387
-0.108573
-0.054112
-0.050876
0.086504
0.060133
-0.050441
0.026987
0.007551
-0.052370
-0.045633
-0.088990
-0.088352
0.076375
0.064238
0.027727
0.020785
-0.113431
0.041139
0.078588
0.093424
0.037300
-0.105131
-0.108321
0.114114
-0.082170
-0.094492
-0.087558
0.004956
-0.012073
0.009894
0.073747
0.029660
0.050042
-0.111491
0.013994
0.033843
-0.117788
0.036690
0.073831
-0.042714
-0.040490
0.073392
0.062382
-0.046367
-0.082105
0.116036
-0.025746
0.038105
0.115462
0.004060
0.109048
-0.108274
0.093899
0.061835
-0.099350
-0.064574
0.056022
-0.116584
-0.066281
-0.006425
0.043779
-0.083258
-0.044920
0.102588
-0.063823
-0.093248
0.041498
-0.068585
0.056223
-0.055578
-0.002695
-0.001002
0.025440
-0.011699
0.027285
-0.054817
-0.024987
-0.081688
-0.038575
0.048649
0.113123
-0.087088
-0.077135
0.032647
0.033502
-0.074787
0.106812
0.001424
-0.080232
0.015850
-0.066836
0.035947
-0.101753
-0.082746
-0.099105
0.076172
0.069072
0.001415
-0.030918
-0.084948
0.061423
0.095150
-0.043899
0.074964
-0.042063
-0.084225
0.087623
-0.048109
0.064341
-0.106665
0.088285
-0.079157
-0.086412
0.005617
-0.111615
-0.102450
-0.118683
0.108540
-0.104053
0.052385
0.019347
-0.054485
0.065907
-0.039373
-0.056959
-0.096529
0.113730
-0.088358
-0.049705
0.051622
0.075593
-0.023655
-0.076289
-0.046789
-0.076480
0.031359
-0.007944
-0.052053
-0.070654
0.082750
0.076945
0.077720
-0.116178
-0.005126
0.106123
-0.074158
-0.114559
0.066885
-0.050966
-0.042974
0.021168
-0.073831
0.091511
-0.043353
0.087944
0.115844
0.059846
0.041743
0.028721
0.032580
0.013552
0.075921
-0.068766
-0.115967
-0.079938
-0.092806
0.058585
0.012381
0.033461
0.099813
0.070806
0.013505
0.074074
0.019171
-0.072377
-0.021569
-0.086550
0.086918
0.070063
-0.095191
0.070465
-0.050164
-0.031463
-0.023419
0.060562
-0.023635
0.029046
-0.098132
0.003806
0.078420
-0.031633
-0.005462
-0.002124
-0.055862
-0.101621
0.007842
-0.057048
-0.000892
0.016036
-0.007130
-0.029436
-0.052876
0.076964
-0.032466
0.096324
0.072881
0.037108
0.045838
-0.035738
0.101068
0.052117
-0.003144
0.092569
0.105635
0.031235
0.114195
0.011469
0.037818
-0.041149
-0.048794
-0.110719
0.108620
0.008622
0.092826
-0.011427
-0.031372
0.079725
0.048417
-0.036759
0.099077
0.113827
-0.050996
0.027630
-0.000604
0.031832
0.067235
-0.026890
0.111220
-0.053456
0.043312
0.085470
-0.085344
-0.045558
0.080586
-0.107825
0.093177
0.045329
-0.115969
0.117254
0.089167
-0.013583
-0.107748
0.015729
0.054323
-0.054234
-0.073294
-0.097875
-0.076959
0.034102
-0.017305
0.026869
0.015049
0.001186
-0.089030
0.009884
0.059615
-0.100033
-0.098486
0.039914
0.067838
0.069716
0.070629
0.083230
0.076354
-0.084657
-0.028452
0.069039
0.086422
0.065799
0.011873
0.098954
-0.000113
0.047020
-0.004712
0.029940
0.020770
0.107154
-0.054521
-0.096782
-0.113625
-0.078423
0.076258
-0.063809
-0.066625
0.037433
0.067976
-0.032330
0.055948
0.045453
0.032727
0.040314
0.019734
-0.030172
-0.075373
0.073884
0.074561
-0.033288
0.077350
0.060319
-0.093461
0.011960
0.045280
-0.086678
0.102600
-0.086898
0.028371
-0.015997
0.017443
-0.104381
-0.085319
0.009342
-0.077678
-0.039321
0.083939
0.054775
0.074547
-0.100901
-0.046632
0.014582
-0.086386
0.100659
0.109461
0.083358
-0.015184
-0.047428
-0.055556
-0.085240
-0.025812
0.014911
-0.005322
0.053406
-0.007805
-0.118836
0.111988
-0.069734
0.045585
-0.006462
-0.096717
-0.030807
0.094843
-0.058783
-0.090976
-0.015993
-0.042194
-0.115188
-0.078017
0.004979
0.059189
0.074558
0.048576
0.089824
0.006666
-0.039781
0.063390
0.103595
0.023739
0.075472
0.075633
0.027681
0.084281
0.098309
0.040269
-0.106985
0.016158
-0.010456
-0.104180
0.052742
0.052237
-0.056880
0.035421
-0.024124
-0.046461
-0.088738
0.065057
0.024883
-0.027067
-0.011938
-0.039568
0.046949
-0.064644
0.070640
-0.106900
-0.014620
-0.082211
-0.050738
0.109171
0.018316
0.092683
0.009157
0.056240
-0.075243
0.025904
0.022962
0.104067
0.038479
0.030300
-0.007888
0.075461
0.075636
0.025798
-0.068674
-0.086014
0.020316
-0.040482
-0.058739
0.014392
0.005001
0.110358
0.024690
-0.022095
-0.052698
0.020932
-0.043509
0.024690
-0.027789
-0.036208
0.063011
0.062153
-0.094773
-0.033991
0.006693
0.101366
-0.088511
0.047671
-0.054700
0.021362
0.037545
-0.095396
-0.016644
-0.063622
-0.028234
0.018341
-0.065345
0.068353
0.054708
0.014466
-0.061831
0.060329
0.071755
-0.109434
-0.033974
-0.108064
0.050959
0.049650
0.014721
-0.022618
0.102797
-0.095912
-0.082257
0.070938
-0.028415
-0.032824
0.099443
0.091470
-0.010887
0.043456
-0.087929
0.107654
-0.100162
-0.069386
0.106215
0.038756
-0.097257
-0.068006
0.024416
-0.087035
-0.045052
-0.005343
-0.101501
-0.034754
-0.118510
-0.043096
0.099603
-0.016647
0.110838
0.069973
-0.081896
-0.103786
0.027152
-0.071572
0.034578
-0.116215
-0.048047
-0.049311
-0.068467
-0.072612
-0.095228
0.025003
0.049190
-0.093243
0.072300
0.055373
0.006590
0.051517
-0.070139
-0.037947
0.071393
0.070532
-0.112652
0.072825
-0.022086
0.106116
-0.099392
0.056024
-0.080563
-0.009925
0.002555
0.003156
0.061870
0.039015
0.002854
-0.057889
0.002035
0.075123
-0.112145
0.070926
-0.095575
-0.073286
0.027565
0.074731
0.091213
0.051887
-0.081501
0.108621
-0.071342
-0.018657
0.053439
0.038646
0.103745
-0.003608
0.015215
-0.004896
-0.050872
-0.085620
0.051604
0.066227
0.087851
-0.079287
0.043605
-0.049264
-0.041206
-0.069052
0.015585
-0.102132
0.067672
0.035719
0.007625
0.004105
-0.057436
-0.082135
0.059341
-0.029750
-0.025463
-0.048668
0.105173
0.104719
-0.056653
0.061476
0.039020
-0.107297
-0.112045
-0.087352
0.059504
0.021870
0.088680
0.041916
-0.048668
0.029917
-0.086107
0.043529
-0.070895
0.045074
-0.096657
0.070094
0.081684
-0.110603
0.047197
0.101029
-0.075802
0.036717
-0.035210
0.041304
0.095208
0.069855
-0.067305
0.071022
-0.050155
0.116582
0.040535
-0.031543
-0.115760
-0.050585
0.036350
-0.002464
0.084702
0.076308
-0.013934
-0.024064
0.028657
0.028031
-0.097748
0.053738
0.103303
0.015275
-0.041590
-0.109356
-0.076899
-0.014352
0.103359
0.091429
-0.019554
-0.021093
0.064465
-0.095880
0.059989
0.010049
0.105289
0.042368
0.084267
-0.056257
0.024508
-0.025000
-0.015735
0.023769
-0.015383
-0.111836
-0.040971
-0.091497
-0.076317
0.094727
0.097611
-0.089048
0.095393
0.006731
-0.047349
0.044651
0.044647
0.044354
0.043027
0.096631
-0.090608
-0.023286
-0.104603
0.057422
-0.029446
0.081949
0.101538
0.080238
0.081285
0.112633
-0.008502
-0.095490
0.072895
-0.056617
0.037867
-0.034982
0.082284
-0.097347
0.115079
0.110169
0.108631
-0.109588
0.100000
0.088384
-0.090136
0.097475
0.038826
0.037236
0.113178
0.010176
-0.039634
-0.029414
0.066289
-0.087206
-0.086224
-0.046343
0.046499
0.051867
0.038940
0.067849
-0.095001
-0.069826
0.061671
0.016568
0.017838
-0.090149
-0.028102
-0.013306
0.039947
0.026514
-0.007736
0.005440
-0.037307
0.094402
-0.116238
-0.068204
-0.094903
-0.018313
-0.062343
-0.025063
-0.035037
0.111366
-0.100630
0.022728
0.081745
-0.013385
0.053099
-0.109470
0.106278
-0.012814
-0.035299
0.051916
0.021775
0.099235
-0.036581
-0.040742
0.046286
0.108913
-0.055121
0.063998
-0.110047
-0.038312
0.101647
-0.099224
-0.007427
-0.094109
-0.003352
-0.064613
-0.077181
-0.081477
0.096268
0.005507
0.004822
-0.095245
0.074223
0.092887
0.024762
-0.009854
-0.100415
-0.006198
0.038923
0.056794
-0.003687
0.052607
0.006537
0.048453
-0.028451
0.035708
-0.061346
-0.011058
-0.083571
-0.087518
0.111988
-0.021272
0.097975
-0.015301
0.049382
0.088950
-0.095415
0.040090
-0.054191
-0.010143
-0.089253
-0.000097
-0.016790
0.003414
-0.081621
-0.088513
-0.079510
0.104464
0.094511
-0.010642
0.061850
0.032563
0.071850
-0.044078
0.069116
0.026599
0.103876
0.049206
-0.012823
0.081921
-0.026047
0.021094
0.024314
0.040741
-0.116218
0.092814
0.067306
0.046124
-0.072885
-0.057353
-0.095002
0.036266
-0.112487
0.015741
-0.084476
-0.114251
-0.041620
-0.043060
0.026013
0.078854
-0.082416
-0.059032
-0.005770
0.051844
-0.108707
0.078501
-0.112050
0.037826
-0.110830
-0.036937
-0.064668
-0.028556
0.115819
0.030277
-0.010110
0.093746
-0.024540
-0.022257
0.058206
-0.002786
0.032502
0.040002
0.054214
0.086678
-0.028130
-0.032154
0.044753
-0.074019
0.116236
-0.084322
-0.035123
0.006530
-0.038811
0.027469
0.104068
0.000199
0.111993
-0.055542
-0.065066
-0.004581
-0.011023
-0.010436
-0.054864
0.093825
-0.091137
0.098804
0.071572
0.031126
0.082258
-0.036983
0.036255
-0.041319
0.031212
-0.013628
-0.024363
-0.035040
-0.058079
0.062385
-0.008241
0.089729
-0.046131
0.039662
0.046295
0.054351
0.004550
0.022651
0.069674
0.033244
0.092770
0.011830
-0.047761
-0.105887
0.054560
0.066871
0.096679
-0.094497
0.020561
0.100371
0.117929
0.063932
0.024381
0.001030
0.091342
0.016426
-0.096829
-0.006739
0.023841
0.104579
0.049475
0.004655
-0.081022
0.050900
0.113244
-0.008265
0.092885
-0.113801
-0.077793
-0.049977
0.023666
0.114520
-0.050848
-0.110290
0.000838
-0.086642
0.077096
0.053746
-0.097697
0.004607
-0.091946
0.083137
0.092864
-0.067802
-0.093753
0.056266
0.008882
-0.063442
0.019403
0.026095
0.092630
-0.107726
-0.079745
-0.111858
-0.099322
0.046449
0.003342
0.001522
-0.073471
0.027262
0.048877
0.003720
-0.012106
0.008525
0.103688
0.042542
-0.090489
0.026891
0.089100
-0.060748
0.077950
-0.026471
0.001477
0.043620
0.000018
0.098168
-0.051811
0.029891
0.033744
0.078614
0.043889
-0.043102
0.114732
0.009735
0.092147
-0.097822
-0.093205
-0.005404
0.101328
-0.027008
0.063274
-0.100614
-0.030338
-0.101585
0.014193
0.093396
0.090162
-0.084091
-0.038480
0.055055
0.033383
0.112526
0.111316
0.027282
-0.058277
-0.089212
-0.087051
-0.006008
0.022376
-0.017015
0.000718
0.058610
0.018451
-0.021365
0.067074
-0.027607
-0.086370
-0.037525
0.073130
0.084521
0.096670
0.066334
-0.099358
-0.020373
-0.011469
0.019352
0.007155
0.104549
0.113652
0.069260
-0.064888
-0.058778
-0.019905
-0.021279
0.069281
0.088905
-0.104199
0.025050
-0.026286
-0.037792
0.015387
0.007023
0.005096
0.077965
-0.087841
0.052364
0.036955
-0.111112
-0.104934
0.077736
0.093519
-0.106647
0.089536
-0.091861
0.038989
-0.051211
-0.003854
-0.032739
0.034457
0.067967
0.052973
0.064402
0.109033
-0.057223
0.041819
-0.088749
0.036791
-0.095440
-0.088989
-0.060611
0.006166
-0.092969
0.008203
-0.008331
0.098401
0.104027
0.062124
-0.074310
0.007174
-0.114646
0.061094
0.067452
0.091795
-0.115193
0.095139
0.039784
-0.056199
-0.100651
-0.020571
0.013600
0.010728
-0.021603
-0.008305
-0.073761
0.065735
0.018481
-0.006285
0.058367
-0.046765
-0.042340
0.045239
-0.104161
-0.110120
-0.094532
0.116206
-0.074417
-0.102591
0.093051
-0.036351
0.088705
0.048774
0.108486
0.082617
-0.066405
0.052090
0.054793
0.086314
0.112729
-0.104324
-0.068484
0.099095
-0.064277
0.030835
-0.029090
-0.068667
0.077116
0.050070
0.072323
-0.058889
0.065797
-0.016271
0.056557
0.081796
0.020976
0.105400
0.108795
-0.101355
0.096341
0.088995
0.078840
0.037291
0.083520
-0.087592
0.065518
0.008665
0.113329
0.016184
0.018906
-0.059238
0.021306
0.008371
-0.006014
0.008903
-0.004482
0.078295
-0.035280
0.091508
0.055548
-0.016216
0.005691
0.090605
0.054284
0.032028
0.045992
-0.097322
-0.029721
0.081443
0.100375
0.019855
0.043570
0.031166
0.082046
0.073685
0.000225
-0.102380
0.109358
-0.104450
0.007751
-0.031635
-0.094022
0.100341
-0.050160
-0.021138
0.076981
0.104124
0.077169
-0.013906
0.095029
-0.035607
-0.010589
0.052698
0.020572
-0.017305
0.013421
0.065410
0.112010
0.089563
-0.109493
-0.069026
0.083996
-0.045157
-0.085094
-0.114489
-0.035666
0.062771
-0.110004
-0.114139
0.018537
-0.004865
0.022096
0.042443
-0.093846
0.006385
0.003618
0.044954
0.002808
0.108607
0.116732
0.095739
0.063702
0.054604
0.020392
-0.043118
0.041431
0.069312
-0.046469
-0.072164
-0.081605
0.024744
-0.085918
0.034338
-0.027040
0.043667
-0.090559
0.106595
-0.070946
0.031880
0.082236
-0.071115
-0.070205
-0.033222
-0.055891
0.073589
-0.048405
-0.025109
-0.087562
0.056837
-0.059999
-0.080452
0.029235
-0.019848
0.053556
-0.108674
-0.045579
-0.000958
0.025753
0.056652
-0.047540
-0.069951
-0.080324
0.042608
-0.012548
-0.012953
-0.098632
-0.080548
0.046304
-0.071423
-0.055303
-0.013382
0.005972
0.053103
0.082642
-0.109929
0.096903
0.065609
-0.037754
-0.012897
0.100639
0.041136
0.111140
0.022847
-0.086323
-0.037082
0.000023
-0.033495
-0.105713
-0.109554
-0.073734
-0.003223
-0.096053
-0.094957
-0.076842
-0.069194
-0.101697
-0.102950
0.036410
0.058142
0.071070
-0.077453
0.046214
-0.038275
0.019153
-0.027318
0.068621
0.046955
0.072229
-0.064745
-0.008063
-0.010568
-0.040543
0.022732
-0.023000
-0.084754
-0.029934
0.035311
0.112749
0.104601
0.014471
-0.052358
-0.033911
-0.024682
-0.045106
-0.069297
-0.101175
-0.086388
-0.044928
0.035607
-0.092099
0.026157
0.109996
-0.065876
-0.111501
-0.103591
0.004938
0.029126
0.104351
-0.033143
-0.052147
-0.007685
-0.086026
0.103438
0.019578
0.052371
0.028132
-0.110687
-0.052893
0.025589
-0.109943
-0.119095
0.109202
-0.026272
-0.059573
-0.044806
0.095487
-0.015196
0.038834
0.048772
0.001712
0.011509
0.104273
-0.080744
0.025127
-0.016276
-0.118691
0.097163
0.000913
-0.003973
0.018701
0.008380
0.041821
-0.048128
0.067256
-0.016336
-0.035680
-0.038240
0.050777
-0.053904
-0.010675
-0.033696
0.101121
0.015686
0.112918
0.111504
-0.018978
-0.084944
0.052835
-0.074812
-0.113659
-0.098361
0.038628
-0.030561
0.029821
0.034454
-0.001119
-0.114587
0.087351
0.030329
0.097535
-0.046142
0.084000
0.091814
-0.005072
-0.062143
-0.008025
-0.057116
-0.073743
0.017904
-0.083978
0.101934
-0.047710
0.016350
-0.077927
-0.109004
0.083929
0.046256
-0.055455
0.041438
-0.105184
-0.049757
-0.092079
0.109269
0.031672
-0.070291
-0.077203
0.094561
-0.032823
0.045243
-0.108254
0.113645
0.055410
-0.079788
-0.015226
-0.044670
0.004554
0.078254
0.025501
-0.002727
-0.017790
-0.035281
0.010750
0.043966
0.019181
0.069948
0.012174
-0.050533
0.074690
0.039596
0.012761
0.103059
-0.056335
-0.023966
0.053190
0.070502
-0.064453
-0.080775
-0.005078
0.037111
-0.030857
0.023965
0.066081
-0.016069
-0.022076
0.008078
0.031429
-0.051447
0.044985
-0.101385
-0.103717
-0.108187
-0.070140
0.059593
0.095505
-0.063563
-0.053357
-0.101183
-0.075731
0.057478
0.099755
-0.107824
-0.115566
0.116498
-0.066469
-0.046554
0.064005
-0.041495
0.111926
-0.024550
-0.001261
0.030181
-0.104977
0.103773
-0.056510
0.118666
0.031124
0.035257
-0.004824
-0.067429
0.105318
0.068064
0.097188
0.092349
-0.115857
0.087638
-0.055460
0.031353
-0.032525
-0.046005
0.042332
-0.039839
0.081521
-0.066041
-0.076563
0.017925
-0.099334
-0.050222
0.104136
-0.094535
0.006648
-0.003970
0.110684
-0.082529
-0.108590
0.044968
-0.056929
-0.090290
-0.004248
0.090896
-0.041035
-0.103132
0.046873
0.020428
0.067348
0.010593
-0.010469
0.107213
-0.003946
0.021568
0.015017
0.024674
0.091494
0.070839
0.050741
0.089821
-0.116034
0.008298
-0.027622
-0.006646
-0.046867
-0.112847
-0.110103
0.026835
-0.040901
0.045384
0.063787
0.112724
-0.094260
0.065258
0.020503
-0.063978
0.008684
0.114923
-0.005129
-0.112242
-0.076688
0.067640
-0.069848
0.045316
-0.011092
0.063005
0.009953
0.094737
-0.114969
0.017206
0.010671
-0.007993
-0.092958
-0.087812
-0.037492
0.105873
-0.086115
-0.003803
0.044848
0.038253
0.010094
0.067716
0.079493
-0.054695
-0.072196
-0.027600
-0.090462
0.030432
-0.033134
0.026855
-0.054885
0.062131
0.090559
0.108428
-0.101376
-0.077840
-0.110013
0.034145
0.014160
0.111815
-0.051690
-0.092120
0.034526
-0.111665
-0.093906
-0.041604
-0.017221
-0.014969
-0.070344
0.047682
-0.031611
0.052926
-0.069206
-0.036607
0.024190
-0.009859
0.091439
0.028183
-0.042480
-0.113664
0.056522
0.096183
0.054900
0.007930
-0.078797
0.040016
-0.011056
0.056798
0.099667
-0.037771
0.012069
-0.042968
0.076968
-0.097184
0.032391
-0.021401
0.054776
0.024862
0.041397
-0.069685
0.085670
-0.111769
-0.086315
0.112489
-0.115115
0.057546
-0.024638
-0.068972
-0.073491
-0.034078
0.008701
-0.113228
0.044150
-0.015039
0.034385
0.009904
-0.099697
-0.045876
0.114670
-0.012867
0.094482
0.037329
0.060979
0.069638
0.112195
0.076792
-0.030207
0.097488
-0.057287
0.038689
0.013708
-0.102689
-0.018818
-0.017540
-0.083660
-0.037065
0.057308
-0.011548
0.086741
0.029933
-0.070645
-0.009070
0.078271
0.106753
0.038934
0.055591
-0.103109
-0.109410
-0.034337
-0.074285
-0.028169
-0.081076
-0.077203
0.068103
-0.104860
0.080738
0.033619
-0.037612
0.117835
0.100940
0.005719
0.077393
0.075700
0.060353
-0.063074
0.064456
-0.049329
0.035991
0.119096
0.039988
0.082989
-0.040209
-0.037530
0.033677
0.052715
-0.033644
0.023453
-0.113815
-0.023338
0.009401
0.081666
-0.008259
-0.012928
-0.022557
-0.003052
0.008125
-0.101399
0.074065
-0.098710
0.002228
0.111374
0.099224
-0.098377
0.007293
0.098085
-0.034490
0.061760
-0.056873
-0.082491
0.093721
-0.003302
-0.010102
-0.041328
0.072670
0.087257
-0.111858
0.035415
-0.087816
-0.010215
-0.069581
-0.052146
-0.050875
-0.049728
0.048376
0.007002
-0.108726
0.078930
-0.078589
0.091242
0.022683
0.015389
0.077235
-0.070601
-0.022378
0.088527
0.025752
0.112853
0.019818
0.075961
0.019030
-0.100180
0.093915
-0.102261
0.034998
0.109443
-0.071499
0.010023
0.117295
0.116852
-0.032623
0.044582
-0.061736
-0.116414
-0.012340
-0.029431
-0.096208
0.107010
-0.095549
-0.027107
0.009954
-0.071398
0.025351
-0.055464
-0.021039
0.080447
-0.064448
-0.069171
-0.056372
-0.069129
-0.093356
0.068390
-0.036753
0.063352
-0.111036
0.091415
-0.014581
-0.054529
0.072763
0.111479
0.040817
0.051128
0.005732
0.043500
0.065023
-0.014522
0.016390
0.037317
0.083439
0.107642
-0.038398
-0.071003
0.101310
0.100178
-0.008934
-0.023574
-0.044516
-0.111501
0.090224
0.072203
-0.017201
0.088068
-0.101821
0.065138
0.082353
-0.090606
0.059764
0.086726
-0.113224
-0.080837
-0.091937
-0.044890
0.038852
-0.078342
-0.059312
0.114567
-0.030699
0.074113
0.036217
-0.050378
0.083631
-0.107265
0.078242
-0.091681
0.115667
-0.090185
0.064304
0.017712
0.075417
0.009863
-0.059727
-0.023308
-0.008733
0.049250
0.109815
-0.023365
-0.050489
0.088386
0.115218
-0.073209
-0.057026
-0.009691
-0.036099
0.002340
0.059237
0.077289
0.105393
0.037904
0.102335
-0.030224
-0.096895
-0.020772
0.034114
-0.102794
-0.003538
0.046751
0.026065
0.050490
0.116768
-0.068067
0.015540
-0.055466
0.008714
0.047281
-0.061713
-0.058352
0.076973
0.115007
0.046999
0.059371
-0.015520
0.021973
-0.020081
0.023349
-0.092671
0.044674
0.118817
0.089964
-0.002043
-0.066769
0.054387
-0.095965
0.088335
-0.056575
0.106033
-0.096261
0.107299
-0.043564
-0.027751
0.113743
0.095061
0.027260
0.087561
-0.093270
0.063909
0.107888
0.103343
0.032528
0.012855
0.046360
0.082887
-0.032364
0.054281
0.114416
-0.092811
0.107724
0.110683
-0.103748
0.069745
0.071411
-0.086278
-0.008082
0.091370
0.064374
-0.053096
-0.103862
0.014289
0.113920
-0.056467
0.089031
0.114268
0.078090
0.018545
0.043914
-0.115020
-0.034279
0.007205
-0.034822
0.035578
-0.082737
0.031422
0.004099
0.000744
0.050050
0.105668
-0.018629
0.092494
-0.077462
-0.043642
-0.022822
0.021837
0.073618
-0.002137
-0.064815
0.031291
0.023100
-0.081653
0.030340
-0.081771
-0.112578
-0.020451
0.076011
-0.037183
-0.056990
0.034714
-0.086007
-0.051413
-0.106633
-0.013935
0.108503
-0.059911
-0.101805
0.001218
0.020704
0.022941
-0.049801
-0.103709
-0.070233
0.040694
0.111306
-0.115980
-0.092462
0.008497
0.084919
-0.033790
0.091579
0.028160
0.019822
0.005331
0.038971
-0.064792
-0.027974
0.003034
0.057716
-0.107857
0.011114
0.057525
0.084605
-0.116954
0.060732
-0.090931
0.108048
-0.018604
-0.078639
-0.006206
-0.064843
-0.030841
-0.058722
-0.083054
-0.060359
0.053410
-0.097346
-0.078610
-0.082640
0.052480
-0.102724
0.092188
0.079365
-0.088924
0.114770
0.092255
0.045421
0.112794
0.085395
-0.046512
-0.097989
0.045989
0.012718
-0.034109
-0.062072
0.091028
0.047905
0.035863
0.017085
-0.114161
-0.080777
0.103532
-0.066998
-0.103048
0.043855
-0.027203
0.008752
0.047026
0.029062
0.110868
-0.043084
-0.042425
0.100104
-0.002682
0.052460
0.051171
-0.045347
-0.035673
-0.033363
-0.071020
-0.054181
0.012631
0.101156
0.069823
0.047041
0.002716
0.005289
0.084801
-0.112664
-0.031399
-0.058336
0.072991
0.034031
-0.089707
0.023518
0.114474
-0.097630
-0.012657
-0.067152
0.003347
0.102777
-0.059721
-0.033800
0.045603
0.009722
0.086842
0.006766
-0.021538
0.061197
0.046167
-0.110203
-0.112330
-0.050962
0.081772
-0.081590
0.038339
-0.017070
-0.058876
0.100986
-0.096476
0.051665
0.015747
-0.035975
-0.093457
0.091603
-0.102678
-0.054366
-0.029768
0.073962
0.104880
-0.063501
0.085873
-0.033451
-0.046049
-0.055074
0.099054
0.113299
0.058923
-0.098714
0.075294
0.023261
0.058223
0.097061
-0.029089
-0.083391
-0.026482
-0.036542
-0.090364
0.036847
0.059394
0.016150
0.105880
-0.050849
0.044183
-0.056132
0.056234
-0.093477
-0.084737
-0.107731
-0.002186
-0.114743
0.113779
0.119026
0.001245
0.082717
-0.073390
-0.105776
-0.111037
-0.018266
-0.031061
0.036696
0.064576
0.015728
0.069600
0.101248
0.015972
0.071023
-0.083595
0.038724
-0.085618
0.046675
-0.112291
0.085743
-0.034323
0.008797
0.059654
0.079297
0.077496
0.008414
0.012964
-0.089039
-0.043449
0.088054
-0.007627
0.063346
-0.009247
-0.055016
0.000990
0.016522
0.054445
0.067913
0.095050
0.004941
-0.084875
0.020787
0.001112
-0.010141
-0.074919
-0.036506
-0.009837
0.026824
-0.078445
0.023631
0.006474
0.048062
0.062371
-0.082804
0.032462
0.057519
0.102093
0.012712
0.081131
0.059130
0.064847
-0.026883
0.073371
0.034618
-0.107502
0.042787
0.089597
-0.067462
0.114696
-0.026128
0.093001
-0.103239
0.083074
0.102077
0.095048
0.015655
0.076712
-0.021314
-0.054195
0.089896
0.079315
-0.019394
0.057446
-0.016067
0.074747
0.007972
0.067808
-0.110163
-0.054274
-0.098928
-0.095512
-0.017472
0.105021
0.113044
-0.116073
0.055996
0.025324
-0.076614
-0.009308
0.112087
-0.031518
-0.066130
0.083595
0.101482
-0.057220
-0.020952
0.013473
-0.055572
0.084512
0.042698
-0.085565
-0.044086
-0.112007
0.049243
0.051880
-0.087462
0.030673
0.102798
-0.023654
-0.081983
0.005678
-0.014156
0.024230
-0.079245
-0.073791
0.001212
-0.014331
0.029961
-0.088118
0.034457
-0.073761
0.088178
0.107690
0.034773
-0.087128
0.033663
0.072648
0.009605
0.084346
0.087995
0.011732
-0.019884
-0.016469
-0.035437
0.108808
-0.107641
0.063701
0.090342
0.050262
0.048412
0.107512
0.026710
0.046251
-0.116876
0.081537
0.114662
-0.062734
0.103194
-0.029759
-0.095540
-0.041209
0.022362
-0.040038
0.105315
-0.008783
0.081348
0.045151
-0.097119
0.070227
-0.059883
0.094974
-0.084460
0.100474
0.019715
-0.000981
0.077618
0.075123
-0.047429
-0.012525
-0.061171
-0.114635
-0.088659
0.007477
0.048420
-0.035728
-0.062143
-0.102263
-0.087729
-0.043982
0.069733
0.077389
0.115419
-0.035344
0.007639
0.036357
0.050897
0.006925
-0.058316
-0.020649
0.111809
-0.072417
-0.094466
0.015084
0.022808
-0.064909
-0.009352
0.047811
-0.004766
-0.037479
-0.064458
0.020963
-0.097886
-0.060761
-0.045422
0.080474
-0.113613
-0.078291
0.076030
-0.062167
0.056156
-0.091700
0.049244
0.012186
0.100494
0.020214
-0.108540
-0.009596
-0.101975
0.109183
0.087977
0.074192
0.084223
-0.057268
0.072338
0.117970
0.078570
0.064810
0.035026
0.106412
0.106070
0.005018
-0.011337
0.084910
0.028672
-0.018275
0.098875
0.064509
0.000470
-0.002128
0.004902
0.062422
-0.041499
-0.021120
-0.081221
-0.098986
-0.006963
0.052119
-0.055491
0.102755
0.014490
0.011728
0.002260
-0.087682
-0.051653
0.088459
0.002200
0.047578
0.087635
-0.012044
0.040561
0.087596
0.090688
0.002549
0.099069
0.114911
-0.078184
-0.091622
-0.080679
-0.054879
-0.021308
-0.090414
0.006553
-0.047482
0.058177
0.098203
-0.102279
0.005809
0.039573
0.076444
-0.013877
-0.007394
-0.058477
0.009988
0.007506
-0.022628
-0.110374
-0.070774
-0.099598
0.053023
0.068149
0.070881
0.029142
-0.096163
0.001633
-0.096689
0.046978
0.014354
-0.003704
-0.079551
0.021570
-0.089429
-0.076617
-0.077142
0.063729
0.046760
0.094171
-0.033835
0.076957
-0.046579
0.076199
-0.114254
0.044422
-0.048759
-0.067634
0.070058
-0.045303
-0.016153
0.057370
0.024998
0.111022
-0.002780
-0.059477
-0.098317
-0.076248
-0.032576
0.053640
-0.073513
-0.083497
-0.075107
-0.032938
0.070978
0.089999
-0.059842
-0.060672
0.067727
0.012454
0.036780
0.069263
-0.079412
0.098515
0.112081
0.034940
0.034699
-0.027542
-0.104870
-0.080309
-0.071543
0.042381
-0.102721
0.009852
0.035677
-0.115293
0.059644
-0.077505
-0.044715
-0.051580
0.010760
0.102084
-0.079734
0.033759
-0.104626
-0.045260
-0.056354
0.047339
0.080263
0.063411
0.069037
-0.031296
0.006941
-0.018660
-0.086585
-0.106439
-0.059682
0.035431
-0.106235
0.094782
0.063852
-0.048546
-0.012136
-0.099152
-0.080020
-0.010551
0.029723
-0.115734
0.073939
-0.057950
-0.078097
-0.059168
0.110725
-0.040358
0.089743
0.048156
0.067444
-0.089510
0.114082
0.077266
0.030290
-0.084451
-0.004867
-0.065367
0.116525
0.110037
0.006103
-0.054566
-0.020609
0.012283
0.008003
0.095996
0.015012
0.093268
0.049555
0.111518
0.051234
-0.106370
-0.082074
0.094712
-0.063332
0.016286
0.052524
-0.031642
0.079439
0.034546
0.019259
0.083934
-0.011471
0.097139
-0.114819
-0.062777
0.027087
0.082108
0.019173
0.097752
-0.105580
0.053746
0.053999
0.000161
0.107831
-0.019744
-0.078447
-0.064877
0.039524
-0.021044
0.055890
0.071835
0.029150
0.083820
0.021423
0.041877
-0.011783
-0.095878
-0.041940
0.059488
0.065869
-0.079051
-0.007503
-0.092909
-0.058822
-0.036412
0.046824
-0.015618
0.085441
-0.037600
-0.118426
0.095640
-0.025900
-0.083756
0.078637
0.063832
-0.038887
0.088182
0.094596
0.021695
-0.014339
0.071954
0.047843
0.057355
0.015716
-0.045755
0.001081
-0.089666
-0.039515
-0.102981
0.054853
-0.117311
-0.000433
-0.113774
0.019312
0.037208
0.050827
-0.064531
0.036165
-0.004109
0.107489
0.022647
-0.107993
-0.049367
-0.014135
-0.030178
-0.079984
0.053226
0.074865
0.092765
0.092799
-0.090778
-0.022111
-0.037699
0.050939
0.064303
-0.088719
-0.060651
0.113721
0.054401
0.063521
-0.085233
-0.029167
-0.093096
-0.021276
0.072050
-0.014769
0.050212
-0.087671
0.109594
-0.096977
-0.029111
-0.098909
0.024653
0.024617
0.027095
-0.016422
-0.077667
0.003405
0.029256
0.111431
-0.024858
0.104439
-0.034435
-0.053603
-0.047782
-0.092871
-0.112594
0.090879
0.080557
-0.000261
0.074384
0.045539
-0.057372
0.069889
-0.072828
-0.092529
-0.025153
-0.033331
-0.065482
0.062351
0.106297
0.075617
-0.085471
0.024844
-0.055252
-0.004053
0.077192
-0.106051
-0.052026
-0.037903
-0.111576
-0.086187
0.066200
0.023511
-0.043112
-0.020039
0.080689
-0.091370
-0.111753
0.118594
0.086222
-0.066112
-0.080510
0.103636
-0.100089
-0.077019
-0.102310
-0.076987
-0.082112
0.116219
0.063595
0.006157
-0.003766
-0.117178
-0.094036
0.014288
0.110142
-0.035598
0.027362
0.083354
-0.090624
0.068511
-0.110737
0.018571
0.101152
-0.104632
0.112240
-0.069246
0.083188
-0.080340
0.069298
-0.083737
0.115348
-0.017525
-0.088274
0.001486
0.012115
-0.093895
-0.020521
-0.019369
-0.059365
0.035089
-0.018550
-0.108221
0.086257
-0.059215
0.020271
-0.059726
-0.111122
-0.021636
-0.040254
-0.098595
0.072625
0.108273
-0.050521
-0.026713
-0.028598
0.035185
-0.009946
-0.074536
0.020515
-0.047385
0.074928
0.055063
0.003624
0.016771
0.048280
0.081123
0.053659
-0.007303
-0.071783
0.006536
0.006561
-0.087251
-0.079321
0.104925
0.117161
0.080795
0.003807
0.053935
0.048645
0.052978
0.092122
0.018678
-0.083179
0.041345
-0.007405
0.024443
-0.016071
-0.038678
-0.080590
0.053467
0.089818
0.052055
-0.061806
0.062465
0.054845
0.053552
0.086844
-0.081750
0.090144
0.045095
0.004362
0.116540
0.088826
0.080356
0.105880
-0.056279
0.114254
-0.075054
-0.100548
-0.047355
-0.071252
-0.009560
-0.036803
-0.114682
0.111090
-0.002082
0.089745
0.076167
0.076505
-0.076135
-0.094997
0.042170
-0.080985
0.027339
-0.022004
-0.001430
-0.073174
-0.015385
-0.095859
-0.009660
-0.015412
-0.069466
0.024133
-0.035787
0.104296
0.021299
0.104179
-0.052597
0.019076
-0.076237
-0.079559
-0.072382
-0.118654
-0.045292
-0.065707
0.072678
0.090274
0.051748
-0.013215
-0.046313
0.098702
-0.030268
0.109398
-0.019687
-0.090369
-0.038853
0.044976
-0.027606
0.109909
-0.110250
0.019859
-0.105890
0.103730
0.114034
0.096153
-0.018842
0.069505
-0.061119
-0.108047
-0.115102
0.017249
0.093647
0.014184
0.006948
-0.118539
-0.022499
0.014180
0.019162
-0.083791
-0.095114
-0.102932
0.041429
-0.052515
-0.077761
-0.053923
-0.065655
0.074663
-0.064882
-0.103481
-0.012542
-0.080734
0.114752
0.001459
-0.032533
-0.018431
-0.043451
-0.033791
0.046086
-0.075911
0.068912
-0.041046
-0.058987
0.020496
0.071473
0.073512
0.087598
-0.066639
-0.080275
-0.084379
-0.060188
0.074897
-0.086688
0.042955
-0.062467
0.061286
0.001447
0.078665
-0.000620
0.103928
-0.057704
0.111569
-0.013630
0.048812
0.089707
-0.086479
-0.004466
0.101806
0.042155
-0.047411
-0.006733
-0.024764
0.039381
-0.038282
-0.097996
-0.017219
0.035760
0.044668
-0.079272
-0.099110
0.050229
-0.035631
0.074835
0.018928
0.049225
-0.031715
0.094470
0.116032
-0.101719
0.055278
-0.020717
-0.057886
-0.000591
-0.038644
-0.055108
0.032704
-0.113909
-0.114225
0.079011
-0.003138
0.098018
-0.037635
0.062925
-0.091250
0.008854
0.109862
0.015937
0.066080
-0.048921
-0.083918
0.096207
-0.090493
-0.047546
-0.052590
0.100125
0.047520
0.078216
-0.105092
0.099618
0.095236
0.064235
-0.013508
0.045687
-0.101049
0.097537
0.049804
0.037885
0.116282
-0.062003
-0.051232
0.062150
0.062717
-0.005353
-0.080481
0.051487
0.022639
-0.072385
-0.108130
0.110807
-0.019979
0.115349
-0.002696
0.112614
-0.106807
-0.098152
-0.099709
-0.073179
0.094888
-0.045141
0.077815
0.063841
-0.039279
-0.080357
0.103783
-0.054951
-0.070821
-0.027156
-0.082065
-0.026842
-0.055705
-0.104336
-0.013869
0.002128
0.037564
-0.056352
-0.113439
-0.021842
-0.068642
-0.081798
-0.031098
0.052830
-0.037393
-0.115295
-0.062232
-0.068312
0.020452
0.083921
-0.114437
0.037906
0.097010
0.030085
-0.057195
-0.015889
-0.008810
-0.030305
0.064230
0.033020
-0.079640
0.000896
-0.101628
-0.079895
0.103668
-0.071287
0.070176
0.029354
0.038233
-0.068136
-0.034652
-0.051444
0.010383
0.103543
0.042881
0.094139
0.097873
-0.049185
-0.104832
-0.049122
-0.058535
0.059966
-0.042767
0.070888
0.029412
-0.038848
-0.094170
0.105325
-0.042951
0.054450
0.020190
0.000818
0.078927
0.098282
-0.104342
0.005240
0.034750
0.004005
0.063615
0.005942
0.004097
0.059237
0.099198
0.003148
0.077572
-0.093245
-0.091497
-0.051114
-0.052176
-0.084844
0.112173
0.060396
-0.052908
-0.000268
-0.026563
-0.105560
-0.092798
-0.073160
0.076802
0.062048
-0.112832
0.022851
0.110540
0.022436
0.007226
-0.069403
-0.015821
0.034459
0.098500
0.067648
-0.058363
0.114516
0.111273
-0.029893
0.036758
-0.074671
0.113335
0.067281
-0.026778
0.090578
-0.094506
0.053844
0.014230
0.084549
-0.017530
-0.048372
0.066235
-0.023383
-0.035454
0.054270
-0.043225
0.032843
-0.088635
0.054815
0.007913
-0.061035
0.041454
-0.057113
-0.019995
-0.034883
0.093913
0.068553
0.068601
-0.099826
-0.006109
-0.052063
-0.107115
-0.031883
-0.107626
-0.056305
0.012632
-0.038324
-0.085612
-0.007679
0.006330
-0.025077
0.003604
0.003427
-0.071851
-0.067044
0.117290
0.049631
0.101383
-0.071390
-0.064885
0.043204
0.010548
0.090774
0.072272
0.085584
0.094784
-0.094670
0.102799
-0.103940
-0.107903
-0.070141
0.055390
0.105958
-0.115833
0.095860
-0.103517
0.033955
0.112276
-0.112837
0.073142
0.035737
0.049866
0.086209
-0.047992
-0.114379
0.104916
-0.096388
0.077453
-0.015538
0.055559
0.003650
0.093941
0.039884
0.001941
0.032866
0.114355
0.040564
-0.044403
-0.031691
0.034014
-0.003814
0.078364
0.053050
-0.021847
-0.078669
-0.026863
-0.004205
-0.103393
-0.000345
-0.047105
0.043074
-0.069364
0.100061
-0.055207
0.083567
-0.007621
0.035593
0.077094
-0.041578
0.002865
0.004487
0.080428
0.101189
-0.109965
-0.098895
-0.108334
0.024150
0.110014
0.045904
-0.013879
-0.017671
0.007220
0.046034
0.088783
-0.007319
-0.028590
-0.080323
-0.034472
-0.085153
-0.065855
-0.005615
0.023440
-0.018809
0.110280
0.036705
0.104779
-0.085383
0.088466
-0.012022
-0.073069
0.031919
0.019336
0.093100
-0.084033
-0.005118
-0.080959
0.066645
-0.030280
0.020036
0.088301
-0.101018
0.018667
0.025775
-0.031823
-0.018749
0.111866
-0.040826
-0.049932
-0.089550
-0.113412
-0.028384
-0.083500
-0.032791
-0.030338
-0.042395
-0.078225
0.091602
-0.009199
-0.053378
-0.115929
0.116103
0.064559
0.026667
0.038573
0.043443
-0.043917
0.010811
0.074827
0.020291
0.056702
-0.085728
-0.011007
0.092591
0.098981
-0.097637
0.059426
0.057354
-0.105711
-0.072099
-0.036591
-0.078497
-0.002676
0.055489
0.002849
0.000198
0.088612
0.061381
0.103187
0.090531
0.098980
0.039457
0.077928
0.086654
0.059365
-0.089980
0.001963
-0.028800
-0.013163
-0.044044
0.057619
-0.068028
0.099360
-0.039587
-0.046205
-0.000933
-0.023657
0.019838
0.064186
0.005810
-0.043221
-0.001533
0.036248
-0.022502
-0.090314
0.100432
-0.055574
-0.065156
0.034950
0.056517
-0.100197
-0.072280
-0.047170
-0.093213
-0.018439
-0.031654
-0.003488
-0.047924
0.008742
0.027064
-0.014393
-0.087144
0.017357
-0.052044
0.069120
-0.041906
-0.043359
0.114021
0.115907
-0.032702
-0.090662
0.038220
-0.004416
0.072865
0.074395
0.069743
0.047082
0.062756
-0.108436
0.091979
0.007277
-0.098354
-0.085093
-0.000515
-0.116572
-0.080493
-0.106627
0.043825
-0.072215
0.110887
0.051886
-0.075992
0.078997
-0.072957
-0.030966
0.066584
-0.106293
-0.090569
0.048245
-0.039899
-0.106705
0.048147
0.108974
0.071265
-0.009055
0.108644
-0.058400
-0.090143
0.010281
0.017263
0.062782
0.012227
-0.042928
-0.053263
-0.054192
0.041424
0.096542
0.049263
0.081976
-0.005349
-0.009379
0.020792
0.081974
0.089013
0.017781
0.081355
0.110030
0.085191
-0.078833
-0.029750
0.086854
-0.094576
0.016978
0.032072
-0.040249
0.083735
0.040822
0.095422
0.109627
0.010543
0.036501
0.065725
0.099790
-0.081439
-0.102003
0.061485
0.000204
0.020979
-0.104300
0.016432
0.043211
-0.018299
0.021803
0.084060
0.074633
-0.041978
0.107989
-0.101625
0.104591
0.068198
0.096571
-0.005181
-0.057072
-0.004887
-0.060573
0.059524
0.019918
0.050529
-0.074058
-0.004034
-0.028409
0.099305
-0.004931
0.060825
0.054937
-0.048806
0.017303
0.084914
0.025272
0.095106
0.032382
-0.073180
0.090113
-0.060448
0.040951
-0.108701
0.051115
0.088088
0.080535
-0.109552
0.074110
-0.014349
0.093661
-0.111132
0.083395
-0.047833
-0.015052
-0.033078
-0.000907
-0.029651
-0.072978
0.024252
-0.075574
0.084643
-0.105420
-0.028203
-0.090972
-0.026681
0.023312
-0.079120
0.033466
0.069806
-0.023063
-0.028483
-0.100117
-0.022629
0.014637
-0.012797
0.024076
-0.016213
0.033448
-0.046852
0.000943
0.026995
0.107431
0.050706
0.055082
0.075814
0.001447
-0.102095
0.071581
0.044137
-0.010055
-0.075732
0.100675
-0.010299
0.105159
-0.076544
-0.102557
-0.071250
0.114339
0.013279
-0.089384
0.082495
-0.041565
-0.104698
-0.101164
0.025486
-0.084420
-0.021519
-0.050890
0.046464
0.054558
-0.063636
0.041211
0.050288
-0.080903
0.015432
-0.102624
0.101136
-0.006865
-0.046833
-0.004045
-0.090510
0.058221
0.101610
-0.000060
-0.028424
-0.079009
0.028302
0.111842
-0.107984
-0.101010
0.039690
0.049319
0.067319
0.055443
0.047042
0.023859
-0.079357
-0.009472
-0.087210
-0.077332
-0.000431
-0.020721
-0.061382
0.115370
-0.104349
0.106811
0.114764
-0.008189
-0.046508
0.037993
-0.038241
0.114435
0.103971
0.098494
-0.091164
0.081185
-0.099775
0.112815
0.075391
0.018384
0.112040
0.073762
-0.025360
0.112843
0.087834
0.101788
-0.064276
-0.066319
0.065824
-0.030933
0.051023
-0.106798
-0.068821
-0.088271
0.005024
0.070039
0.093997
-0.076524
0.109972
-0.109688
0.057356
0.069609
0.014963
-0.060086
-0.091321
-0.079896
-0.010027
-0.053454
-0.070676
-0.061340
0.056363
-0.067693
0.113781
0.084320
-0.042267
-0.099326
-0.069171
-0.104713
0.026383
0.010598
-0.115264
0.000362
0.025935
-0.105180
-0.025712
-0.114745
0.034058
0.080497
-0.071828
0.071211
0.087885
0.091835
0.107664
-0.011196
0.048808
0.003785
0.003289
0.010267
0.042672
-0.059438
0.098025
-0.048370
0.104472
0.097496
-0.065461
-0.114363
-0.074312
0.103714
0.049156
0.011890
0.042314
-0.068241
-0.016421
-0.084819
-0.040183
-0.022099
0.030758
-0.082205
-0.088907
0.105144
0.070681
0.005261
0.022248
0.026822
0.052497
0.044325
0.039571
-0.001575
-0.027535
0.113740
0.072231
-0.073638
0.001160
0.061258
0.116698
0.050380
0.020503
0.055480
-0.077197
-0.075931
0.014216
-0.116268
-0.013629
-0.116842
0.069543
-0.095745
0.061557
-0.067274
0.115011
-0.031711
0.055727
-0.028260
-0.035149
-0.073954
-0.093029
-0.081935
0.086532
-0.042088
0.040913
-0.090459
0.105411
-0.113309
0.111183
-0.030067
0.117030
-0.076685
-0.030761
-0.104822
-0.078360
0.101556
-0.026320
-0.112513
0.042753
-0.105969
-0.090787
-0.074402
0.063584
-0.114548
-0.079655
-0.031952
0.057399
0.096929
0.041265
0.032932
-0.031181
-0.073599
0.011586
-0.078581
0.093263
-0.008379
0.076050
0.046750
0.111942
-0.067971
0.061936
-0.097492
0.082329
0.098584
-0.024981
-0.104457
-0.023535
0.104317
-0.005937
-0.095583
-0.088506
-0.093015
-0.018534
0.079933
0.114246
0.051579
-0.104413
-0.018045
0.005184
0.059029
0.009875
0.105567
0.054865
0.037453
0.026071
-0.087036
0.053093
-0.094820
0.105649
-0.003602
-0.007928
-0.013989
-0.071795
0.070806
-0.102783
0.019475
-0.115377
0.055470
0.023479
0.112423
-0.076873
0.081117
0.093827
-0.024726
0.105544
-0.094801
-0.018269
-0.028906
0.103866
0.045421
0.116626
0.065326
-0.106504
-0.003434
-0.045238
0.007583
0.061106
0.027356
0.079299
-0.036115
0.057872
-0.108600
0.116932
0.024799
-0.087330
0.066870
0.080978
-0.113723
-0.041884
0.064262
0.009097
-0.100323
0.011122
0.016405
-0.002813
0.069384
-0.090848
0.057406
-0.042656
0.083113
0.063714
0.029157
-0.058735
0.001522
0.041478
0.033600
0.007105
-0.015127
-0.068494
0.042569
-0.037732
-0.099846
0.051803
-0.043627
0.115646
-0.052410
0.001283
-0.096181
0.043663
-0.007877
-0.031193
0.006705
-0.019589
0.004771
0.067330
0.110783
0.024253
-0.067820
0.065357
-0.086557
0.066643
0.065302
0.008783
0.023934
-0.068016
-0.029135
0.110908
-0.076817
0.096147
-0.105539
0.057014
-0.118704
0.032337
-0.014859
-0.030198
-0.022395
0.094591
-0.056597
-0.056644
-0.099304
0.025161
-0.047329
0.030229
0.020290
0.049645
-0.032814
0.032644
0.107761
-0.010949
0.083641
-0.096910
-0.056958
0.096401
0.064218
0.112104
-0.032586
0.012479
-0.075251
0.110753
0.004557
-0.103094
0.064883
0.083668
-0.084010
-0.067416
0.025236
0.053948
0.044086
0.109687
-0.057250
-0.069102
-0.014853
-0.089090
0.089358
0.102526
-0.091650
-0.069324
-0.054191
0.095966
-0.097599
-0.118065
0.006139
-0.079093
-0.029532
0.025458
-0.083118
0.026553
-0.034533
-0.033790
-0.018445
-0.105213
-0.057027
-0.093406
0.074519
0.107179
-0.027798
0.084520
-0.080001
0.008598
0.110138
-0.045188
-0.089147
-0.021212
0.114905
-0.069846
0.052177
-0.001194
0.019942
0.030874
0.070583
0.006051
-0.104003
-0.115243
-0.095568
-0.080873
-0.115970
0.091260
-0.009584
-0.079294
0.001201
-0.089896
-0.101387
0.079052
-0.047588
-0.007143
-0.029145
0.075094
-0.049944
-0.001298
-0.042566
0.100717
-0.076067
0.016203
0.086918
-0.074798
0.006313
0.060254
-0.001966
-0.112918
0.082506
0.112344
-0.016180
-0.105990
0.037033
-0.020772
-0.041306
0.050577
0.069235
0.095545
-0.013124
-0.040116
-0.058620
0.015059
0.080347
-0.110857
0.064706
-0.116340
0.053438
0.035937
0.058973
0.105427
0.117044
-0.053599
-0.001506
-0.062977
0.062573
0.036541
0.049383
0.098646
-0.088611
0.065239
-0.079680
-0.030283
-0.018625
-0.062269
0.092225
-0.064221
0.001663
-0.058821
0.046800
-0.011128
-0.024898
0.054075
0.110402
0.112387
0.099245
0.085351
-0.106315
-0.060425
-0.075398
0.075329
0.053327
0.045107
0.023449
-0.088737
0.085803
0.098009
-0.099104
0.010703
0.041976
0.001022
0.087600
-0.052316
0.055873
0.036709
0.069021
-0.032728
-0.070456
0.067841
0.066467
0.096246
-0.119093
-0.023295
-0.016668
0.048040
0.087772
-0.071127
-0.061519
-0.062051
-0.109710
-0.028464
-0.074224
0.023467
0.090498
-0.079850
0.118214
-0.090458
-0.114310
-0.017082
-0.091236
-0.085924
0.114820
0.062284
0.016975
0.020840
0.048610
0.004846
0.071601
0.060316
-0.034315
0.012927
0.014645
-0.100102
0.059903
0.071950
0.052921
0.067468
0.098444
0.056383
-0.049854
-0.090860
0.104705
0.038386
-0.029998
0.040811
0.097030
-0.068624
-0.054516
0.113188
-0.002078
0.089335
-0.086756
-0.076165
-0.046333
0.005681
0.032492
0.086423
0.114815
-0.003072
0.031842
-0.108766
-0.036943
0.021890
0.107516
0.050171
0.007138
0.092820
0.065414
0.083604
0.079503
0.076508
-0.061997
-0.108926
0.112969
0.026143
0.092021
-0.020395
0.060794
-0.085916
0.026108
0.017861
0.059836
0.042219
-0.108148
-0.112284
-0.039260
-0.089788
-0.076670
0.040334
-0.061194
-0.067529
-0.026128
0.073639
0.036469
0.022493
0.070732
0.095650
-0.038501
0.019623
-0.024304
0.061101
0.001822
-0.048031
0.102597
0.014916
0.020118
-0.081366
0.005771
0.063475
0.113393
0.031167
-0.055953
-0.025295
0.056077
-0.094101
0.039445
-0.026147
-0.011050
0.075664
-0.078757
-0.074413
0.117134
0.068516
-0.067872
0.034557
-0.060902
-0.039185
0.081482
-0.032307
0.008226
-0.079005
0.058271
-0.102470
0.018715
0.081552
0.012999
0.010104
0.044681
0.102739
-0.111421
0.048577
-0.097985
-0.045289
-0.010051
0.063911
0.022549
0.077417
-0.089078
0.064093
-0.092048
0.098276
-0.064270
0.074554
-0.062620
-0.026808
-0.074842
0.114633
0.052088
-0.002087
0.090683
-0.076868
-0.053199
-0.088424
0.052947
-0.106649
-0.015188
0.005458
-0.040438
0.117816
0.096388
-0.033539
0.017608
-0.031229
-0.062808
0.035954
-0.062242
0.023067
-0.040857
0.058486
0.005627
0.058276
0.014395
-0.115199
-0.099100
-0.030711
0.112518
0.080636
0.056952
-0.021771
-0.067861
0.114612
0.084516
0.029611
0.079072
0.022015
-0.094106
0.094918
-0.075563
-0.060591
-0.082483
-0.052955
0.037573
0.117802
-0.062420
0.102720
-0.115968
0.069268
-0.095660
0.034795
0.013643
0.016551
0.020157
0.069435
0.087882
-0.089701
-0.054738
0.102713
0.049265
0.100472
0.086080
-0.023978
0.116416
-0.092483
0.107793
0.027736
0.115104
-0.002799
-0.080527
0.111751
0.061681
-0.085932
0.027765
0.078672
-0.045457
0.064760
-0.100278
0.033436
0.080572
0.033200
-0.030321
-0.079859
-0.023166
-0.007132
-0.060433
0.052197
0.087466
-0.070237
0.117220
-0.104639
-0.043841
-0.087464
0.003882
0.061424
-0.067351
-0.027414
-0.050527
0.077646
0.076067
-0.048646
-0.039813
-0.080749
-0.074726
-0.038120
-0.008370
-0.105048
-0.069338
0.055030
0.066088
0.055366
0.079268
0.094217
0.010377
0.032190
-0.027140
-0.045044
-0.027603
-0.097084
0.064760
0.065532
-0.023213
-0.112483
0.070008
0.005878
-0.078992
-0.031574
-0.050465
0.046710
-0.081300
0.009121
-0.001061
-0.057132
-0.065550
0.018869
-0.038955
0.083393
-0.049261
0.020959
0.034484
-0.013476
0.051678
-0.060813
0.080249
0.066510
0.015347
0.075497
-0.001101
0.095186
-0.057429
0.018125
-0.064241
0.063574
0.090582
0.065730
-0.090919
-0.016492
0.084263
0.110078
0.098052
0.092147
-0.030284
-0.014842
-0.061641
-0.071083
-0.115585
-0.061196
0.006228
0.113477
-0.113866
0.027735
-0.075573
0.005956
-0.014860
-0.096787
-0.094828
0.096619
0.065037
-0.052111
-0.015121
-0.028009
-0.027116
-0.073038
-0.040457
-0.098761
0.045874
0.083137
0.058617
-0.008071
0.058613
-0.097615
-0.105996
-0.108955
0.064432
-0.052167
-0.062605
0.074520
-0.053788
0.115122
0.036201
0.037121
-0.069948
0.003659
-0.000671
-0.075250
0.001162
-0.020350
0.086101
-0.082301
-0.046053
0.116464
0.048658
-0.060727
-0.056416
-0.005158
0.088766
0.116917
-0.020998
-0.006931
0.003895
-0.014308
0.020450
0.101494
-0.057470
-0.004520
0.040880
0.043839
-0.003029
-0.015051
-0.091452
0.116185
-0.071166
-0.001049
-0.015356
0.066475
0.066612
0.111399
-0.050607
0.032271
0.083084
-0.052379
0.018359
0.042579
-0.054514
-0.101815
-0.071084
0.025486
-0.117487
0.069356
0.023768
0.098255
0.072906
-0.023195
0.097180
-0.093978
-0.060222
-0.088007
-0.101285
-0.078515
-0.014809
0.009901
0.019075
-0.116109
-0.091188
-0.059727
0.013883
0.093057
0.051293
0.100210
0.086424
0.109650
0.019219
0.041213
-0.106115
-0.058145
0.035047
0.021856
-0.015961
-0.090563
-0.017279
0.060126
-0.109389
0.016430
-0.037723
0.013707
-0.000765
0.005440
0.033501
0.012669
-0.031152
-0.078490
0.069657
-0.103801
0.096193
-0.065841
-0.045453
-0.014442
-0.093261
0.001805
0.000359
-0.063694
0.061251
-0.099730
0.112560
0.023331
0.069853
0.002350
-0.065158
0.052625
0.039475
-0.096955
-0.031940
0.116204
0.038488
-0.050094
-0.106068
-0.000655
-0.099325
0.069511
0.118752
-0.054319
-0.068510
-0.022358
0.112229
-0.060373
-0.077551
0.043842
-0.108130
0.079515
-0.033786
0.067591
-0.021747
-0.084504
0.037336
0.117580
0.031340
0.100545
-0.017083
0.016620
-0.045206
-0.097046
-0.019224
0.079144
0.011915
0.087693
0.037872
-0.110584
-0.084423
-0.035464
-0.066641
-0.115126
-0.092241
-0.090266
-0.009146
0.014412
0.012850
0.107786
0.018517
0.118122
-0.079635
0.034279
0.032235
0.012244
0.070367
-0.081534
0.097491
-0.097728
-0.008878
-0.053010
-0.013160
-0.057352
0.061997
-0.076721
0.021181
-0.112135
-0.030879
0.062170
-0.067217
-0.063227
-0.074665
-0.007783
-0.046325
-0.013135
-0.043588
-0.001274
-0.017811
-0.031823
0.025894
-0.078525
-0.007508
-0.103581
0.071649
0.024325
0.050259
0.067324
0.028273
-0.062808
0.038658
0.018727
0.039784
-0.087004
-0.073796
0.015376
0.115168
0.037443
-0.033582
0.115171
0.015448
-0.092739
0.010850
0.072210
-0.027243
0.105576
-0.033425
-0.085353
-0.056277
0.001613
0.042669
0.053208
-0.036799
0.106851
-0.098042
0.053891
0.030038
0.106038
0.069249
-0.069244
-0.112668
-0.031255
-0.028573
-0.071995
0.023159
0.029159
-0.065046
-0.113038
-0.004930
0.041669
0.009316
0.096384
-0.112172
0.032053
-0.066499
0.108083
0.024522
-0.084115
0.025381
-0.008081
-0.087293
-0.017740
0.009077
0.003131
-0.088509
0.019878
-0.036190
-0.103293
-0.116416
-0.090387
0.032696
0.086810
0.072064
-0.086372
0.031369
-0.078208
-0.010616
-0.005234
0.090210
-0.048243
0.029026
-0.062340
0.008258
0.111618
0.076281
-0.015226
-0.037138
-0.087922
0.047969
-0.041551
-0.007061
-0.054040
0.022672
0.007754
0.091961
-0.077319
0.055196
-0.037732
0.034648
0.066516
0.015548
-0.055523
-0.009230
0.102668
0.032771
0.038603
-0.083965
0.004048
-0.010980
0.099332
0.005363
0.056604
-0.044527
-0.092084
-0.086806
0.083241
0.104118
-0.030678
0.080956
0.035336
0.067130
-0.058564
-0.007249
-0.064347
-0.047790
-0.064834
-0.022567
-0.041120
0.109654
0.117045
0.010480
-0.033461
-0.055901
-0.074610
0.068718
-0.110599
-0.012318
0.051053
-0.093666
0.075263
0.063388
0.069294
-0.116524
-0.117480
-0.016280
-0.111454
0.034926
0.033828
-0.046181
0.074289
0.024139
-0.019298
-0.055677
0.112107
0.087312
-0.093448
0.037595
-0.064022
0.066968
0.069089
-0.023052
0.045987
-0.116858
0.084041
0.057408
-0.110351
-0.108546
-0.031166
0.057855
-0.109591
0.017433
0.005811
0.081188
0.109935
0.052385
-0.053891
-0.018439
0.114222
-0.026075
-0.075375
0.056660
-0.096218
-0.117850
0.020799
0.024959
-0.010434
0.040505
0.007457
0.068627
-0.105677
0.055276
0.029203
-0.015330
-0.074363
-0.110422
0.035278
-0.065116
-0.007563
-0.009647
0.104660
0.059473
-0.078436
-0.106068
0.071909
-0.012291
-0.107118
0.043963
0.010845
0.038433
0.087793
0.004502
0.006296
0.049573
-0.097503
0.088984
0.041730
0.112741
0.073096
-0.102193
-0.037829
-0.020635
0.056472
0.037153
-0.006916
-0.005296
-0.031970
0.001431
-0.025723
0.091052
-0.095117
-0.094526
-0.085626
-0.005415
0.095515
0.090431
-0.028124
0.010003
-0.016092
-0.066954
0.041713
0.055039
-0.118165
-0.115773
0.070113
-0.008308
0.003886
-0.049751
0.114830
-0.067477
0.078282
0.062412
0.060207
-0.105703
-0.049751
0.027811
0.065647
-0.113330
0.029403
0.027019
-0.085074
-0.063958
-0.015192
0.022578
0.070504
-0.082769
-0.104394
0.051774
0.027143
-0.009512
0.022079
0.024724
0.116110
0.068657
-0.082941
-0.034243
-0.107659
-0.038894
-0.031900
0.023635
0.024574
-0.029027
0.067423
-0.025921
0.065142
-0.041605
0.097660
-0.098101
-0.082233
-0.070035
0.032309
0.077046
0.100067
-0.083486
0.058685
0.024438
0.072513
-0.030025
-0.115742
0.022542
-0.064722
-0.066443
-0.005561
-0.015250
0.060453
0.091609
-0.007821
0.043600
-0.107220
-0.057250
-0.023094
-0.062061
0.046877
0.082342
-0.026418
-0.079354
0.037365
-0.053660
0.019102
0.047649
0.073814
0.041095
0.108123
-0.104028
0.081139
0.063963
0.029409
