0.099594
-0.025286
-0.021431
0.076268
0.097504
0.043769
-0.074318
0.054383
0.100268
0.088067
-0.083812
0.073465
0.052537
0.072071
0.083505
-0.032913
-0.081272
0.039164
0.043550
-0.011918
-0.035230
0.070323
0.074569
0.106473
0.073800
-0.042181
-0.083940
0.053065
0.098355
-0.013029
0.022477
0.079690
0.014694
-0.071864
-0.102691
-0.030060
-0.056313
-0.078389
0.021442
-0.060094
0.056180
-0.099878
-0.061605
-0.116222
-0.095927
0.096778
0.045384
-0.007057
-0.051682
0.087961
0.004523
0.110654
-0.068621
-0.015837
-0.115024
-0.118854
-0.096689
0.001644
0.034867
0.017276
-0.067125
-0.063328
0.018030
0.106089
-0.008537
-0.038257
0.094247
0.047719
-0.036473
-0.039818
-0.057418
0.088151
0.083713
0.026415
0.097280
-0.107632
-0.014088
-0.009442
-0.009249
0.091041
0.046429
-0.023703
0.016061
0.049171
-0.099610
-0.052335
0.010338
-0.078591
0.090738
0.115840
-0.035929
-0.003330
-0.086928
0.088179
-0.090258
0.097032
-0.065530
0.073273
0.091930
-0.007536
0.082475
0.040177
0.012461
-0.099751
0.044858
-0.079463
-0.002229
0.002988
-0.119649
0.031769
0.004779
-0.109371
0.041333
0.033060
0.043953
0.118155
0.091300
-0.073900
-0.066100
-0.025388
0.063927
0.004857
0.022637
-0.049952
0.088488
-0.006009
0.033737
0.005542
-0.118182
0.039198
0.109535
0.077376
0.033916
0.015996
0.087907
0.009352
-0.013337
-0.033599
-0.117964
0.067090
-0.016812
-0.107477
-0.019238
-0.010666
-0.019603
-0.038342
0.020094
-0.012317
-0.082919
-0.002713
0.073860
0.036646
0.073338
0.099326
-0.001140
-0.073329
-0.094164
0.111988
-0.109588
-0.055012
-0.031677
-0.113236
-0.077792
0.066953
-0.059104
0.009487
0.104256
0.081716
0.054153
-0.007439
0.014037
0.086224
0.047910
-0.039613
-0.019674
-0.000420
-0.041150
-0.048253
-0.052464
0.102236
-0.083508
-0.062889
-0.038814
-0.081282
-0.063290
0.024230
-0.033958
0.080671
0.110478
0.073921
0.083481
-0.045893
-0.003971
-0.038128
-0.051961
0.066539
0.027271
-0.065359
-0.009913
-0.057861
-0.053037
0.054007
0.007959
0.018358
-0.014312
-0.074096
0.095992
0.016290
-0.011655
0.016279
-0.066896
-0.081333
-0.078525
-0.068482
-0.104284
-0.020075
-0.063324
0.055961
0.016362
-0.089693
-0.106471
-0.065380
0.005131
0.061085
-0.098407
-0.096798
0.108290
-0.090906
0.001305
-0.056303
0.097898
-0.095370
0.049464
-0.032305
0.089061
0.099645
0.074053
0.103867
0.004248
-0.062762
-0.058084
-0.103811
-0.112692
-0.034632
0.078231
0.111234
0.051795
-0.101805
-0.020790
0.084757
0.039875
-0.053728
0.043783
-0.033153
0.112362
0.046648
0.098651
-0.097766
-0.068105
0.036733
-0.071534
-0.029876
-0.074445
-0.000979
0.030282
-0.047303
-0.022472
-0.045221
0.042364
-0.010931
0.103033
0.019443
-0.032160
-0.098628
0.061270
0.011009
-0.043285
0.105796
-0.053381
0.090762
-0.103954
0.084860
-0.105148
0.052735
-0.016798
0.018521
0.112700
-0.013692
0.056293
0.107311
0.062736
0.017082
-0.064724
-0.065040
-0.041418
-0.048372
0.093344
-0.071918
-0.072653
-0.032436
-0.114419
-0.055835
-0.111326
0.029215
-0.001352
0.022119
-0.119189
-0.117421
-0.041454
0.017160
-0.052272
0.119843
0.067664
-0.052850
0.054021
-0.070997
-0.066630
0.007968
0.102140
-0.006279
-0.109748
0.018034
-0.100686
-0.055488
-0.045155
0.058919
-0.070404
-0.093471
-0.116039
0.098678
-0.087904
-0.018195
-0.043677
-0.023535
-0.049554
0.043320
0.084904
-0.100787
-0.113212
-0.002682
-0.036494
0.020181
-0.113197
0.103585
-0.012113
-0.088076
-0.095456
-0.086700
-0.116182
0.087254
0.072034
0.050747
-0.115465
-0.059304
-0.098733
0.083368
-0.082832
-0.004180
-0.079880
-0.030247
0.098911
0.039871
0.031197
-0.056073
-0.070970
-0.081267
0.077662
-0.028254
0.031993
-0.105379
0.091164
-0.044583
0.057960
-0.109186
-0.040419
-0.077008
0.107487
0.092208
-0.076886
-0.103501
-0.017982
-0.026505
-0.055385
-0.041037
-0.090987
0.005442
0.045727
0.047897
0.068707
-0.048304
0.066622
0.114083
-0.098210
-0.011524
0.022299
0.068675
0.081823
0.081730
-0.098963
0.002727
0.068542
0.015683
0.082936
-0.017046
0.060136
-0.081599
-0.058082
0.012606
-0.032449
0.073515
-0.027682
0.040571
-0.074715
0.081645
0.028420
0.030133
-0.081604
0.103647
-0.092222
-0.112478
0.069421
0.071379
-0.103990
0.074003
0.070435
-0.055972
0.021514
0.037130
-0.024729
-0.006968
-0.019949
-0.105691
-0.088904
0.038112
0.068648
0.090321
-0.071722
0.057211
-0.036489
-0.098534
0.016225
-0.084457
0.110067
0.059474
0.005639
-0.044819
0.091495
0.105202
-0.020150
0.112259
-0.022553
0.019357
0.021376
-0.109539
-0.022205
0.024622
0.046621
-0.086752
0.026597
0.020308
-0.017014
-0.111742
0.001874
-0.040363
0.082399
-0.055756
0.031860
0.095213
0.078684
-0.119886
-0.075308
-0.074637
-0.059310
-0.029871
0.017483
-0.050526
0.099973
-0.018249
-0.105686
0.023336
-0.111254
0.080029
-0.117127
-0.091808
-0.070995
0.050609
0.104958
0.099102
0.048788
0.081071
-0.049986
-0.107214
0.109190
0.107429
-0.058720
0.108779
0.023541
0.112338
0.014401
-0.091417
-0.061011
-0.084509
-0.087698
0.080260
-0.030888
0.006784
-0.057295
0.008673
-0.055807
0.015693
0.021269
0.016000
0.030935
-0.042932
-0.034402
0.054789
-0.047680
0.005819
0.018145
-0.021537
0.050699
0.113289
0.032360
-0.012012
-0.112779
0.072260
0.094644
-0.033069
-0.034891
0.029716
0.053260
-0.061935
0.014375
0.098253
0.067821
0.074267
-0.064552
0.076622
0.054137
0.054980
-0.119960
-0.093100
-0.034737
0.107984
0.045887
-0.098056
0.039071
-0.101060
-0.028474
-0.081456
-0.050146
0.094184
-0.106154
0.096497
-0.007297
0.019818
-0.000260
0.105102
-0.089580
0.004102
-0.099433
-0.087311
-0.092998
0.062401
-0.003502
0.008876
-0.099437
-0.085312
0.049552
-0.107659
0.059478
-0.105969
-0.060821
0.038881
-0.043813
-0.008232
0.082758
-0.018385
-0.108797
0.035863
0.044971
-0.072577
-0.005217
-0.117293
0.081622
0.002654
0.110745
-0.091041
0.049476
0.024364
-0.002303
-0.103040
0.071289
-0.037409
0.078483
-0.093290
0.058934
0.089431
-0.090352
-0.081564
-0.002977
0.105939
-0.116271
-0.111449
0.099876
-0.064428
0.029728
-0.045302
0.099576
0.070227
-0.107541
0.088948
-0.056821
0.021695
-0.110508
0.041721
0.007533
-0.090107
-0.031188
0.016073
-0.081182
0.053743
-0.074590
0.112976
0.029450
0.014312
0.072591
-0.087210
0.014537
-0.080603
-0.080591
0.053070
0.107835
0.093865
0.043447
-0.099732
0.038735
-0.098236
0.100113
0.054189
0.054092
-0.078184
-0.015772
0.028714
0.086741
0.052887
-0.089107
-0.048162
0.008388
0.002022
0.011332
-0.085262
0.036692
-0.104761
0.072592
0.074273
0.109159
0.042297
0.096549
-0.112332
-0.086405
-0.076958
-0.023353
0.027455
0.112573
-0.006066
0.075361
-0.063202
0.043307
-0.035794
0.071578
-0.096350
-0.047027
0.110596
0.102330
0.107153
0.034827
-0.048546
-0.002425
-0.062846
0.106933
0.070894
0.063686
-0.006713
0.100140
0.038546
-0.075158
0.073103
-0.016000
0.009183
-0.016870
-0.027101
0.059272
-0.027472
0.078677
0.066238
-0.069091
0.033703
0.041423
0.080152
0.015236
-0.052512
0.000198
0.107330
-0.062344
-0.112063
0.048858
-0.093263
0.095311
0.000732
0.097912
0.076010
0.012464
0.021246
0.046383
-0.012863
0.030665
-0.051269
0.065635
0.068122
-0.108168
-0.070519
0.069274
0.009860
0.059894
-0.033885
0.085692
0.039010
-0.100664
-0.008763
-0.071533
-0.040395
0.040325
-0.037173
0.029883
0.015068
-0.082021
-0.072905
-0.010464
0.030238
-0.059303
0.074408
-0.043344
0.079748
0.094307
-0.018257
0.010293
-0.023299
0.083487
0.037989
-0.026396
-0.048660
-0.095804
-0.081912
0.064734
-0.068307
0.111955
0.004542
-0.010479
0.030344
-0.006010
0.074171
-0.072944
0.017879
-0.062712
0.096398
-0.043322
0.066776
0.007300
-0.092642
-0.033144
-0.035551
0.044035
0.052011
0.005165
0.018919
0.015335
0.091260
0.070849
0.116121
0.033935
-0.063185
-0.042629
0.115430
0.015443
-0.050308
0.076865
-0.003872
-0.086057
0.115989
0.043039
0.057416
-0.036730
0.031184
-0.004254
-0.100255
0.063452
0.059321
0.104357
0.053001
-0.008953
0.076403
-0.034230
0.086629
0.042380
0.028487
-0.046163
0.075395
0.013941
-0.004695
-0.012996
-0.039196
0.057074
0.033808
0.098792
-0.065539
0.018929
-0.029466
0.060817
-0.054261
-0.043651
0.099670
0.109508
-0.003906
-0.115230
-0.093868
0.067530
-0.114936
-0.039332
-0.051108
0.058782
0.075482
0.036045
-0.112328
0.044432
-0.076622
-0.015171
-0.024125
-0.073503
-0.010204
0.086925
0.064743
-0.055327
0.117284
-0.034470
0.040493
0.085992
-0.073963
-0.081851
-0.050270
-0.068515
-0.060931
-0.022414
-0.007990
-0.104050
0.048337
0.102102
-0.044521
0.115740
0.037988
0.016963
-0.090507
-0.079727
0.028244
0.044700
0.071118
-0.004609
-0.082353
-0.054349
0.044645
-0.110409
0.052060
0.059100
0.087782
0.058010
0.024485
-0.012891
-0.112588
-0.029241
0.002262
0.022348
0.107108
-0.041387
-0.057758
0.087447
-0.091437
0.081632
-0.103425
-0.041536
-0.086869
0.000447
-0.036540
-0.109596
-0.036804
0.012230
0.089016
0.010166
-0.070903
0.093991
-0.004237
0.031233
-0.102824
0.104917
-0.111077
-0.008130
-0.103548
0.106717
-0.040327
0.026649
-0.029438
-0.090575
0.020662
0.077984
-0.069582
0.010804
0.032236
-0.061914
-0.083983
-0.092432
0.116000
0.097143
-0.004689
-0.086459
0.084973
-0.059498
0.076628
-0.097209
-0.108041
-0.057624
-0.089180
-0.013382
-0.083110
-0.008303
0.041078
-0.029271
0.117610
0.017694
0.097071
0.005046
0.069925
-0.084653
-0.074843
-0.019214
-0.101839
-0.106033
-0.018205
0.023991
-0.053082
-0.021548
0.098756
0.033254
-0.077978
0.036148
0.056983
0.041555
-0.046170
0.024978
0.022537
-0.029269
0.088174
0.104234
0.106263
-0.110885
-0.101072
-0.043831
-0.067415
-0.003975
-0.091744
0.056780
-0.101562
-0.092074
0.032115
-0.004102
-0.003396
-0.001384
0.057525
0.096108
-0.038392
0.009079
-0.072279
0.071301
-0.069490
0.119801
-0.053571
0.033707
0.021855
-0.031107
0.017198
-0.019465
0.112078
-0.054126
-0.102799
0.042605
-0.025790
-0.075409
-0.003201
0.000307
-0.029168
-0.098861
-0.013474
-0.025555
0.037967
0.087779
0.045805
-0.027699
-0.112237
-0.049995
0.078495
-0.027233
0.012782
0.090026
-0.043948
0.064686
-0.071485
-0.003987
-0.114483
-0.093742
-0.014589
-0.109836
0.007098
0.091260
0.045567
-0.050770
-0.048793
-0.034005
-0.008532
-0.042508
-0.004043
0.055514
0.099460
0.062436
0.093518
-0.107626
-0.019716
0.052561
0.069784
0.113129
0.044035
0.041921
-0.005718
0.089557
-0.063685
0.083437
0.063166
-0.097410
-0.070923
-0.105949
-0.068110
0.087343
-0.092518
0.048416
-0.061421
0.034171
0.042872
0.048303
-0.094422
-0.084084
0.067248
-0.090643
-0.065506
-0.005588
-0.001498
-0.116896
0.055511
-0.067558
-0.081662
0.074325
-0.031117
0.053061
-0.067001
-0.016273
-0.026012
-0.018667
-0.097694
0.041945
0.020562
-0.040018
0.087274
0.008580
-0.066273
0.035417
0.066526
-0.054372
0.020087
0.087590
-0.012185
0.075428
-0.069820
0.006805
-0.093452
-0.073416
0.039969
0.022322
-0.038764
-0.062856
-0.025924
-0.045625
-0.021596
0.106768
0.090147
-0.007239
-0.092585
-0.047500
0.115575
-0.021013
-0.073190
0.046088
0.008423
0.014521
0.037619
0.102841
-0.034007
-0.089357
-0.109289
-0.008904
0.093209
-0.059296
0.047103
-0.031644
0.114001
-0.034992
-0.070160
0.111253
-0.018985
-0.067686
-0.016266
-0.033263
-0.022985
0.064414
-0.004432
0.047257
0.082745
0.105800
-0.051567
-0.093162
0.086768
-0.007919
0.047214
-0.091577
0.093941
-0.113619
-0.018438
0.089557
0.099903
-0.055835
0.018682
0.096657
-0.032551
-0.010045
0.118876
0.016395
0.060500
0.018709
-0.017333
0.054023
0.112949
0.091000
-0.102018
-0.007933
0.104570
0.079218
0.077936
-0.027435
-0.052803
-0.040075
-0.084685
-0.008373
0.026775
-0.028812
0.036077
0.000464
0.038118
0.118823
-0.041637
0.033843
-0.065745
-0.002727
0.025136
-0.111621
0.106378
-0.068687
0.002995
-0.099932
0.029364
0.114740
0.011654
0.008992
0.031381
0.047707
-0.023796
0.103259
-0.094331
0.048526
0.113410
-0.026747
-0.076021
0.030638
-0.051982
-0.072358
0.105644
0.030673
0.085007
0.082659
-0.046624
-0.057925
0.006118
-0.028477
-0.083221
-0.032706
-0.092489
0.111562
0.030776
0.039966
0.111582
0.055080
-0.093947
0.118073
0.073703
-0.070582
-0.093658
-0.051266
0.018515
-0.020223
0.111658
-0.080951
-0.020325
-0.061784
-0.058210
0.083732
-0.115805
-0.044817
0.053268
0.089420
0.108772
-0.033429
0.087680
-0.002079
-0.063058
-0.046354
0.059330
-0.090280
-0.035536
-0.046189
-0.041497
-0.073341
-0.007179
-0.068819
0.101814
-0.021328
0.040125
0.092743
-0.061617
0.077279
0.029455
-0.006840
-0.076377
-0.110029
0.005554
-0.075026
-0.010989
-0.065782
-0.102667
0.091861
0.113170
0.117926
0.032497
0.069554
-0.049738
0.063076
-0.088823
-0.080248
0.050435
-0.110185
0.073370
-0.078957
-0.003672
0.097977
0.034152
0.068139
0.030688
-0.063015
0.068436
0.013537
-0.086276
0.016086
0.001729
0.097010
-0.079146
0.113928
-0.050775
0.086488
0.006777
-0.101434
0.084447
-0.007391
0.001626
-0.075929
-0.051992
-0.088500
0.061643
0.093160
0.052958
-0.059407
0.047020
-0.103608
-0.104307
0.000655
0.106294
-0.093030
-0.077642
0.065959
-0.045404
0.037674
0.067100
-0.110398
0.103466
0.084270
-0.029161
-0.013190
-0.013754
-0.093699
-0.117952
0.055579
-0.116432
-0.062583
0.104934
0.020907
-0.016974
-0.107169
-0.094321
-0.091500
-0.049647
0.022966
-0.023241
-0.077250
0.117099
-0.012298
-0.041342
-0.111020
-0.065907
-0.038146
0.077163
0.051327
0.026413
0.028466
-0.061091
0.015626
-0.079415
-0.074102
0.114059
-0.026788
-0.097060
-0.012589
-0.028621
0.095644
0.059980
-0.056448
-0.075778
-0.098650
-0.029870
0.006139
-0.026313
-0.069753
-0.072090
0.098766
-0.016431
0.092878
0.052166
0.078409
0.079089
-0.097589
0.018336
-0.016132
-0.042189
-0.085315
0.010962
0.012184
0.115514
-0.114513
0.061572
0.108931
-0.102418
-0.090661
-0.071174
-0.100397
0.041005
-0.119798
0.092711
0.099573
0.008112
0.053178
-0.116399
-0.048304
-0.059808
-0.006040
0.029182
-0.086835
-0.051849
0.045002
-0.086552
0.057270
0.025054
0.095329
-0.064572
-0.007931
0.070945
0.047776
-0.063607
0.098721
0.044330
0.094216
-0.098590
0.025916
0.019969
-0.025735
-0.021386
0.009188
0.024863
-0.050284
-0.062391
0.101963
-0.087376
-0.074975
0.032125
-0.113206
0.003250
0.095904
0.034873
-0.025146
-0.018564
-0.072833
0.008577
-0.033964
0.088146
-0.004382
-0.098177
-0.047730
-0.038177
-0.101835
-0.025258
0.020340
0.009570
0.084228
-0.044290
0.020772
-0.020384
-0.023893
0.025140
0.068237
-0.115332
-0.109944
0.029867
-0.093498
0.046596
-0.027059
0.034102
0.034226
-0.085934
-0.070279
-0.023449
0.020565
-0.114289
0.060610
-0.061742
-0.035241
0.032438
-0.091637
0.091154
-0.021645
0.097949
0.045165
0.104284
0.055663
-0.082777
0.076948
-0.004186
-0.117772
0.069662
-0.059736
-0.023401
0.081458
0.063566
-0.062217
-0.118903
0.034497
0.111600
-0.027662
0.074896
0.099186
0.045060
0.097360
0.095860
-0.096347
0.009935
0.108209
0.030904
-0.002762
-0.077613
-0.005270
-0.004373
0.025874
0.000681
0.059096
0.007382
0.108780
-0.100563
-0.066752
-0.018354
-0.091975
0.001535
0.003237
0.035067
0.026229
-0.031048
0.086247
0.099045
0.016869
0.037577
0.027280
0.036562
0.050808
-0.107166
0.044929
-0.016817
-0.053742
-0.065424
-0.023499
0.014617
0.033118
0.072591
0.006906
0.059847
-0.078945
0.061769
0.079008
0.092590
-0.061891
0.050307
0.050159
0.028042
0.069715
-0.109910
0.078416
-0.055025
0.022514
-0.105053
0.039019
0.098889
0.094184
-0.059696
-0.111245
0.082269
0.004067
-0.004151
0.066941
-0.072597
0.053206
-0.062383
0.065288
0.056219
-0.117935
-0.031585
0.049308
-0.105887
-0.045666
-0.112888
0.023664
-0.032792
0.116444
0.049696
-0.111563
-0.032070
-0.057746
0.109056
0.062419
-0.104006
-0.067555
-0.080103
0.072534
0.093520
0.036990
0.076334
0.089899
0.110202
-0.074243
-0.073109
0.058090
0.039693
0.043256
-0.031189
0.043200
0.062200
-0.110919
-0.080522
-0.053868
0.002700
-0.015094
0.078451
0.025410
0.005010
-0.023970
-0.060316
0.072109
-0.091646
-0.002650
-0.117596
-0.108897
0.098583
-0.016293
0.068941
0.067812
0.007323
0.034972
-0.102861
0.045977
0.082013
-0.069031
-0.102769
0.110691
-0.076959
0.090704
0.100457
0.094708
-0.046017
-0.010304
0.057232
-0.119571
0.044176
-0.046347
0.013258
-0.027968
0.040855
-0.032011
-0.064810
0.079825
-0.011248
0.052869
0.045201
-0.069184
-0.093390
-0.073304
0.011915
0.107496
-0.074007
0.009631
-0.023951
-0.098602
0.036914
0.020366
-0.061095
-0.017592
0.086988
0.035769
-0.074253
-0.100374
-0.077242
-0.036072
-0.071669
-0.000672
-0.080949
-0.064738
-0.044670
0.040434
0.109136
-0.033119
-0.005005
0.054781
-0.078464
-0.053516
0.097746
0.091045
-0.112366
0.015125
0.075460
0.097253
-0.088528
0.031877
-0.112593
-0.088175
-0.116063
-0.046575
0.038398
-0.051997
-0.102410
0.023594
0.048250
0.076759
-0.095462
-0.012728
0.045248
0.114041
0.084034
0.009089
0.025702
-0.094825
0.015897
-0.105187
-0.119958
-0.011540
0.059642
-0.066053
0.046138
-0.034978
0.077454
-0.040026
-0.052148
-0.043069
0.034092
0.015855
0.005835
0.039514
-0.095945
0.025027
-0.104377
-0.084642
-0.078424
0.059272
-0.009924
-0.063918
0.099941
0.082294
0.020304
0.039294
0.075828
0.103791
0.019599
0.095640
-0.074326
0.017798
-0.022862
-0.005290
0.087743
0.096839
0.036629
0.097907
0.099762
-0.035130
-0.077293
-0.100449
0.026613
0.038819
-0.098382
-0.039178
0.054391
0.025224
0.085552
0.072843
-0.077703
-0.080428
-0.000069
-0.042815
0.047486
-0.077159
-0.031154
-0.012791
-0.102785
-0.033041
0.074412
0.111716
0.073747
0.046056
0.029943
-0.018881
0.000195
0.110658
0.107201
-0.109935
-0.031075
0.002104
0.093117
-0.009804
-0.054116
0.019937
-0.103062
-0.073277
0.015499
-0.023076
-0.036813
-0.113258
0.045511
0.063895
0.109273
0.114987
0.043534
0.098455
-0.011626
0.016150
0.104659
0.068884
-0.008623
0.090589
-0.055476
0.003744
0.100981
-0.055309
-0.072356
-0.023009
0.049322
-0.110194
-0.014183
-0.085634
-0.036452
-0.015664
0.117488
-0.085371
-0.090331
-0.023870
-0.083420
-0.047727
0.063648
0.077324
-0.032741
0.052545
-0.038026
-0.031929
0.034159
0.089744
-0.024648
-0.083760
0.027288
0.033872
0.067528
0.056024
0.097711
-0.055626
0.064088
0.030500
-0.007853
0.001016
0.080462
-0.089662
0.032207
0.061826
-0.046587
0.109541
0.090460
-0.047642
-0.078914
-0.024512
-0.107623
-0.013651
0.004592
-0.057258
-0.050397
0.107482
-0.053497
-0.068405
0.052347
0.027436
0.073200
-0.023742
-0.072756
-0.095108
-0.108912
0.037213
0.006614
0.051304
0.088177
-0.064549
-0.108160
0.096267
0.051155
0.100681
0.010172
0.113152
-0.083082
-0.027441
-0.056871
0.027100
0.086576
-0.029314
0.073787
0.007054
0.047001
-0.071910
-0.042028
0.083520
0.118164
-0.065238
0.053256
0.088076
-0.108703
0.060665
0.035699
-0.087461
-0.034407
-0.004712
0.021093
0.029400
0.003717
0.096896
-0.022284
-0.115109
0.084962
-0.041658
-0.109451
-0.048044
-0.064585
0.106161
0.008146
0.010290
-0.003305
0.041334
-0.068909
-0.032485
0.106575
0.093739
0.031624
0.051002
0.036063
-0.022704
0.055644
-0.027248
-0.034232
0.055413
0.040243
-0.037386
0.025342
0.009112
0.008349
0.047209
-0.104563
0.030047
-0.051514
-0.018498
0.102427
-0.016888
-0.041279
0.025894
0.056898
-0.059887
0.098449
-0.028886
-0.056528
-0.046454
-0.103575
-0.100869
0.032085
0.011378
-0.041649
0.046873
0.079659
0.032297
0.051700
0.079114
-0.033604
-0.104984
0.052134
0.001650
0.050149
-0.041241
-0.011686
0.042740
0.105740
0.077252
-0.115140
-0.076542
0.092327
-0.079640
0.046080
-0.076886
-0.054417
0.045431
0.100255
-0.067343
-0.078037
-0.041567
-0.092579
-0.094203
0.037036
-0.108194
-0.096892
0.081220
-0.093312
-0.111861
0.098154
0.082149
-0.100593
0.035433
0.098448
0.019048
-0.035353
0.000756
0.019005
-0.101175
-0.020068
0.088717
-0.112917
0.093756
-0.034777
-0.018896
-0.080723
-0.075377
0.082051
0.096553
-0.086527
-0.086556
0.017751
0.035215
0.038318
0.069997
0.092124
0.035479
-0.044814
0.105967
0.111053
0.055528
-0.036171
0.012309
0.100918
-0.042969
-0.067038
0.059934
-0.094472
0.101371
-0.034318
-0.040210
-0.070991
-0.049351
0.092690
0.077716
-0.008203
-0.054195
-0.092786
-0.112451
0.097240
-0.016930
0.111934
-0.105253
0.100541
-0.069285
-0.059357
-0.004761
0.030709
-0.001878
0.088669
0.000460
-0.078322
0.067018
0.102286
-0.083074
0.019345
-0.053160
0.020727
-0.089078
0.047170
-0.011320
0.048672
-0.088586
0.032680
0.022323
0.094599
-0.035851
-0.059260
-0.051382
-0.111647
0.017410
0.059758
-0.056940
-0.100406
0.010762
0.113688
-0.055470
-0.011116
0.058800
-0.048119
-0.069876
0.094104
-0.038962
-0.011932
0.087702
-0.114757
-0.050795
0.109904
-0.076758
0.069501
0.080287
0.046583
0.093077
-0.047604
-0.027104
0.074092
-0.008765
-0.108632
-0.010741
0.050945
-0.108173
0.036021
0.076450
0.037274
-0.004086
0.008426
0.118946
-0.091715
-0.015024
0.017814
0.083816
0.118482
-0.076205
0.086616
-0.091846
0.029933
0.032674
-0.007016
0.052990
0.067992
-0.023654
0.019792
0.054624
-0.096851
0.074605
0.108934
-0.114522
0.108888
0.041429
0.017618
-0.104397
0.051266
0.067485
0.059499
-0.085348
-0.107467
-0.081372
-0.060013
-0.005490
0.045124
0.040226
-0.026117
0.112169
-0.096180
-0.074877
0.097265
0.089045
-0.036799
-0.097819
-0.065027
0.085460
0.079229
-0.094024
-0.021151
-0.087691
-0.072857
-0.024767
0.101782
-0.062198
-0.086895
0.081462
-0.086676
0.065215
-0.036403
0.075747
-0.047078
-0.024813
0.002741
0.055374
0.021452
-0.016993
-0.099869
0.085509
0.115536
-0.006294
0.087644
-0.057225
-0.060131
0.098683
0.001131
0.105150
0.020766
0.077746
0.095937
0.013101
0.034890
0.026173
-0.097362
0.030430
-0.073667
0.071134
-0.048210
-0.078886
-0.016136
0.080433
-0.010336
0.084962
0.091929
-0.081765
0.013728
-0.004750
-0.071168
-0.109487
-0.092810
0.072093
0.090320
-0.114336
-0.005620
0.008508
0.090446
0.070132
-0.065519
-0.044112
0.089550
0.110627
-0.048158
0.107400
-0.100543
-0.038586
0.004907
-0.056062
-0.064193
-0.000212
-0.040110
0.067431
-0.011114
-0.065589
0.057776
0.038559
-0.049599
-0.030929
-0.111792
-0.066187
-0.116499
-0.048511
-0.110490
-0.066479
0.003302
0.101503
-0.095966
-0.085565
0.081965
-0.031926
-0.112773
0.056918
0.016275
-0.077667
0.035101
-0.008532
0.022310
-0.029713
-0.106863
0.107618
-0.109357
-0.117954
0.076688
-0.005234
-0.081310
-0.101026
-0.042528
-0.033050
0.099237
-0.011386
-0.009119
0.096477
-0.052225
-0.083576
0.103338
0.057316
0.019265
-0.025216
-0.057242
0.051761
0.115124
0.002368
0.029217
0.103106
0.081569
-0.067506
0.094753
0.010492
0.028378
0.022573
0.109418
-0.106802
-0.112437
-0.008657
0.037167
-0.109015
0.111137
0.003988
0.110211
0.020779
0.112220
0.041092
-0.008477
0.109057
0.012649
0.043307
0.069789
0.105786
0.111007
-0.028077
-0.080148
-0.105594
0.091548
-0.008697
0.046350
-0.093019
-0.018217
-0.008356
0.005820
0.091784
-0.010636
-0.049577
-0.026306
-0.054553
0.086593
-0.041301
-0.094946
0.100455
-0.111166
-0.079043
0.057411
0.103636
0.014482
0.040013
0.094773
-0.040928
0.003207
-0.093463
-0.035794
-0.033118
0.077168
-0.118615
-0.088704
-0.039224
0.109599
0.022938
-0.039968
-0.078034
0.094859
0.093357
0.078879
0.106879
-0.037574
-0.079218
-0.028099
0.049190
-0.020038
0.088608
-0.012937
0.092216
0.105556
-0.073121
-0.101999
0.108103
-0.026711
0.099719
-0.081210
0.066770
-0.000820
-0.017583
0.080587
0.030470
-0.012639
-0.038970
-0.114272
-0.094384
0.063815
-0.068181
0.073912
0.012088
-0.001015
0.017980
-0.097033
-0.051487
0.025872
0.036030
-0.078200
-0.018997
-0.101747
0.086648
0.027399
0.027620
-0.015998
-0.003708
0.112081
0.020101
0.059385
0.080441
-0.090403
0.001927
0.067557
0.092401
0.114921
-0.022817
0.065300
0.026405
0.040346
-0.008268
0.108032
-0.063830
-0.109505
-0.050142
-0.046816
0.017763
0.038596
0.041439
-0.059346
-0.117087
-0.017545
0.075158
0.032149
0.100779
0.010288
0.111954
-0.036037
0.067636
-0.100887
-0.032595
-0.043786
-0.114892
0.114580
0.047782
-0.071545
0.002851
0.038931
-0.073553
-0.106254
-0.055724
-0.033609
0.048319
-0.048141
-0.013188
0.062118
-0.100972
-0.052130
0.009351
-0.021394
0.099095
0.106474
-0.112193
-0.042530
-0.064310
-0.106407
-0.058860
-0.093548
0.069011
0.092555
-0.074134
-0.020926
0.038392
0.053548
0.096479
0.019169
0.036436
-0.064680
-0.051167
0.026261
-0.088699
0.100954
0.054176
-0.057595
-0.077105
-0.053044
-0.070717
0.103293
0.002960
0.010078
0.113918
-0.059391
0.085185
-0.054594
-0.085463
0.096909
-0.040566
-0.023768
0.009248
0.056663
0.002216
-0.019619
-0.091231
0.081001
-0.006406
-0.032207
0.015489
-0.067464
0.052544
0.083933
-0.031623
-0.011504
-0.036934
-0.105145
-0.012897
0.029027
0.107247
0.106115
0.055921
0.031177
-0.027315
0.107296
-0.092502
0.077306
-0.040920
0.027826
-0.044114
0.078258
0.016731
-0.048029
0.032323
-0.012680
0.016527
0.030684
-0.009332
0.006077
0.060789
-0.048297
0.054896
0.066768
-0.064901
-0.074376
0.114304
-0.113257
-0.094258
-0.077545
0.055497
0.088331
0.109145
-0.114828
0.083113
-0.085209
-0.066581
0.081790
0.052607
-0.032582
0.082737
0.100308
-0.039880
0.114389
-0.105865
0.059106
-0.036193
0.059047
0.032511
0.037461
0.060511
-0.039971
0.041160
-0.042923
0.041146
-0.073753
-0.003089
0.059258
0.007213
-0.020844
0.012463
-0.028510
0.027101
-0.074229
-0.032389
0.077437
-0.042938
-0.080006
0.109764
0.032803
-0.010711
0.009244
0.102475
0.071638
0.020288
-0.070279
-0.035461
0.102996
0.101873
-0.010228
0.113448
-0.006725
-0.062986
-0.106217
0.109216
-0.010404
0.075509
0.014503
0.085870
-0.008241
0.010572
-0.100793
0.025151
-0.018177
0.066375
0.071185
0.010612
-0.069442
0.013745
0.011188
0.065058
-0.050154
-0.107053
0.018808
-0.050909
-0.087291
0.018157
-0.065670
0.079919
-0.091591
0.112590
0.065878
0.040717
0.051377
0.019916
0.000376
0.090769
0.117322
0.119268
0.034142
0.068270
-0.096945
0.058770
-0.105670
0.013220
0.036881
0.058715
0.084278
-0.081094
-0.062761
0.054607
0.016268
0.027487
-0.104714
-0.071120
0.059374
0.041214
-0.055565
-0.102089
-0.006916
0.024614
0.053063
0.083937
-0.076049
-0.059144
-0.102632
-0.034749
0.100519
-0.015508
0.057183
0.016946
0.022354
0.088314
-0.115616
0.097770
0.036918
-0.023584
0.018225
-0.070686
0.028681
0.084996
0.100656
0.110513
0.084351
0.092970
0.112837
-0.078594
0.105528
0.077589
0.097947
-0.118340
-0.084318
0.057547
0.004495
-0.023426
0.067863
-0.090852
-0.020975
-0.110822
0.018544
-0.012612
0.081070
-0.037099
0.019733
0.036868
-0.086307
-0.113410
-0.102212
-0.005666
-0.079607
-0.026306
-0.078657
0.074421
-0.045203
-0.116095
0.019313
-0.017425
0.014589
-0.017415
0.089922
-0.069783
0.074217
-0.076238
0.032138
-0.033868
-0.049918
0.055139
-0.088870
0.043369
0.056934
0.105704
0.007541
0.101539
0.042343
-0.072654
-0.030390
-0.049593
0.087936
-0.025214
-0.111637
0.108016
-0.055507
0.021527
0.072200
0.022663
-0.075077
-0.101009
-0.103211
-0.108044
0.085548
0.093840
-0.071217
-0.078070
0.083577
0.049433
0.046034
-0.097364
-0.014648
-0.081919
-0.087487
0.021889
0.046800
-0.061931
-0.044791
-0.054166
0.001065
0.113017
0.023437
0.115129
0.034086
0.010856
0.073460
0.071340
-0.105062
0.094948
-0.050368
0.024592
0.027978
0.087925
0.088989
0.102889
0.092435
0.065159
-0.084883
-0.042697
0.015037
-0.081260
0.003359
0.048553
0.105173
-0.066462
-0.068358
0.079645
0.106324
0.079555
-0.085725
0.100013
-0.034711
-0.112418
-0.086102
-0.096802
-0.096059
-0.064148
-0.022813
0.080142
0.012901
0.054224
-0.004810
0.072621
-0.101765
0.020989
0.049481
-0.053871
-0.007237
0.073852
-0.099520
-0.074629
0.051389
0.026668
-0.088928
-0.071739
0.113558
0.082106
0.031683
-0.003327
0.018201
0.097221
0.070850
-0.099697
-0.047737
0.055553
-0.061392
0.063081
-0.007580
0.089232
0.004591
-0.080994
-0.095589
-0.021154
-0.034681
-0.085539
0.047099
0.002990
-0.028247
0.098839
-0.091109
0.067476
0.045457
0.006665
-0.102632
-0.006587
-0.071683
0.080986
-0.024302
-0.115987
-0.001997
0.062631
0.033978
-0.032050
0.007029
0.031595
0.102482
-0.080556
0.005093
0.058595
-0.075480
-0.013334
0.113027
-0.086472
0.095261
-0.038619
0.109105
0.039436
-0.078653
0.085492
-0.026360
-0.103167
-0.013388
-0.058531
-0.008114
0.003404
-0.016507
-0.107706
0.053005
0.100729
0.060737
-0.037519
0.031289
0.110033
0.028251
0.005670
0.061217
-0.019280
0.071346
0.048810
-0.007341
-0.071950
0.002495
0.111754
-0.069728
-0.054315
-0.037982
0.036035
-0.085144
-0.088309
-0.026379
-0.095938
0.011729
0.038765
-0.068040
-0.028694
-0.110783
0.024298
0.092576
-0.052207
-0.030673
-0.028198
-0.080008
-0.035756
-0.107586
-0.067100
-0.077732
0.004117
-0.080204
0.032495
-0.062155
0.024326
-0.029711
0.000739
-0.011176
-0.021099
0.097755
0.076371
-0.033080
0.108350
0.008619
-0.033008
0.043679
-0.042885
-0.113357
0.078494
0.098061
0.074959
-0.071920
0.068403
-0.106231
-0.065586
0.024733
-0.107319
0.031282
-0.000144
0.115901
0.062418
-0.061548
0.114359
-0.016838
-0.064379
0.043399
0.050384
-0.057466
-0.016904
-0.026157
0.007026
-0.066620
-0.008685
0.111422
-0.016988
0.071057
0.056834
-0.016632
-0.094667
-0.021586
-0.060884
-0.044699
0.048708
-0.072251
0.080428
-0.117912
0.072495
0.038248
-0.037220
0.067432
0.031167
0.108190
-0.063724
-0.008090
0.085618
0.082007
-0.115915
-0.098967
-0.054072
0.037902
-0.019727
-0.049713
-0.038206
0.008682
0.076504
0.029921
0.090151
0.004998
-0.019078
0.070118
-0.030074
-0.099856
-0.019103
0.060921
-0.112986
0.107014
0.050822
-0.115249
0.053558
0.019950
-0.057707
0.047276
-0.036156
0.022273
0.012813
-0.009815
0.073696
0.053248
-0.044858
-0.099255
-0.023684
0.095332
-0.109429
-0.054861
0.019422
-0.087410
0.106469
0.025467
-0.084829
0.100614
0.043746
-0.026027
0.068082
0.111568
0.002473
-0.055524
-0.083100
0.043552
-0.085821
0.096978
-0.019323
-0.032912
-0.007677
0.018724
0.036658
0.046138
0.117223
-0.103067
0.026257
0.014670
-0.025279
-0.084401
-0.024689
-0.009553
-0.117447
-0.042747
-0.104019
0.030538
-0.098076
0.093996
-0.082134
-0.112375
-0.060744
-0.028589
0.067911
0.083715
-0.076289
0.075378
-0.071967
0.073912
0.040547
0.042055
0.073748
0.098744
-0.014869
-0.096227
-0.076382
-0.033968
-0.074545
-0.038565
0.086042
0.071637
0.116507
-0.097547
0.039778
-0.049402
0.086730
0.086822
0.058515
0.035364
-0.050651
0.054417
0.027984
-0.104096
0.072981
0.097849
-0.002161
0.062441
0.108309
0.089612
0.089720
-0.040661
0.072221
-0.078345
0.086256
-0.034979
0.110022
0.079844
0.100604
0.047583
-0.110764
0.075135
0.046409
0.007040
0.009267
0.014327
-0.096970
-0.077715
0.097802
0.096983
0.111682
-0.009227
0.053816
-0.071245
0.088040
0.042870
0.100324
0.016507
-0.026966
0.093900
0.055214
-0.116372
0.052858
-0.041593
0.008290
-0.085395
0.044160
-0.043647
-0.078465
0.090585
-0.030783
-0.005504
0.086955
-0.054101
0.074938
0.084766
0.112590
0.098337
-0.077276
0.082104
0.002335
0.013813
-0.072232
-0.116621
0.056650
0.042890
-0.106988
0.073729
-0.006924
0.030851
0.065495
0.041488
-0.014959
0.015697
0.114676
0.023878
-0.012666
0.019332
0.100577
-0.023845
-0.002480
-0.119607
-0.116334
-0.090211
0.067342
-0.080989
-0.106241
0.047559
0.085107
-0.081341
-0.048812
-0.095686
-0.047501
0.064148
0.071771
0.024199
0.083694
-0.007611
-0.031261
-0.100492
-0.007649
-0.025621
0.076032
-0.082301
-0.041840
-0.006000
0.005364
0.094801
0.030835
-0.096850
-0.066319
0.061022
-0.115948
0.109434
0.001718
0.064556
0.007132
-0.043796
0.080073
-0.098334
0.061333
-0.117855
0.059212
0.069400
-0.106697
0.039151
-0.000178
-0.045858
0.039481
0.021685
-0.064602
-0.020231
-0.104228
0.042003
-0.060595
0.084637
-0.022646
0.063572
0.063687
-0.038502
0.022908
-0.066777
-0.038143
-0.033505
-0.083540
0.043170
-0.046688
-0.111366
0.047001
-0.107026
0.004810
-0.112498
-0.038243
-0.066282
-0.012296
-0.118260
0.113951
-0.039118
-0.068816
-0.057195
-0.083021
0.049285
0.011117
-0.036102
-0.103395
0.112523
-0.059600
-0.091110
0.028825
-0.013261
-0.038182
0.076750
0.085022
0.056127
-0.092756
0.107324
-0.037447
-0.046906
-0.000036
-0.018667
0.088425
0.111996
0.052724
0.090085
-0.027108
-0.102682
0.082229
-0.082717
-0.119007
-0.009669
-0.109132
0.039752
-0.024522
-0.027769
-0.027625
-0.048773
0.013032
-0.028331
-0.033965
0.116064
-0.057641
-0.015826
-0.090933
-0.022068
-0.089523
-0.021560
-0.111914
0.097258
-0.087311
-0.068641
0.043342
-0.083371
0.033635
0.027232
-0.040261
0.075425
-0.116932
0.087702
-0.036589
0.049595
-0.018045
-0.024657
0.028812
0.060618
0.052840
-0.064516
-0.044192
-0.023865
0.043767
0.091211
0.074156
0.046220
-0.058143
0.061889
0.040804
-0.070627
-0.004947
0.036678
0.114974
-0.037470
0.100343
0.002031
-0.076881
-0.082331
-0.004110
-0.111243
0.051369
-0.021682
-0.041423
0.114217
0.119609
-0.107147
0.033686
-0.099328
0.115151
0.056151
-0.093859
0.054047
-0.022518
0.055161
0.009802
-0.113226
-0.115229
0.008250
0.090158
0.014453
-0.008206
-0.023871
0.014203
0.040828
0.093930
-0.084093
0.040832
0.004949
0.020526
-0.000027
0.076994
0.034194
-0.054115
0.023685
0.094023
-0.045500
-0.045647
0.022552
0.018495
-0.002996
0.052537
0.009567
-0.093050
0.073252
-0.061696
0.029417
0.011926
0.085465
0.095166
-0.094395
0.004095
-0.092776
-0.008804
-0.074523
0.094406
0.029108
0.031819
0.100833
-0.064758
-0.085075
-0.107381
-0.079665
0.043309
-0.068158
-0.033719
-0.029882
0.040172
0.069973
-0.113745
0.030302
0.114872
-0.046164
0.092309
-0.044727
0.077457
0.082200
0.112019
-0.029106
0.014037
-0.020287
0.046981
0.065162
0.037468
0.115206
0.074698
-0.051736
-0.101641
-0.094078
0.073352
-0.003507
-0.006915
0.090638
-0.011269
0.066700
0.037196
-0.040589
0.017865
-0.091962
0.084956
-0.086328
0.085587
0.021621
0.071047
0.054910
0.048202
0.048562
0.074509
-0.058606
-0.107951
0.051876
0.086234
0.031106
0.088613
-0.097243
-0.096411
-0.083021
0.070975
0.103814
-0.096531
-0.019368
-0.058562
-0.012474
-0.113316
0.056517
0.091322
0.012697
0.008971
-0.019457
-0.003816
0.060568
-0.041565
0.082090
0.014286
-0.073164
0.020034
-0.067571
0.032459
0.081852
0.052618
-0.016400
-0.008068
0.046347
-0.062286
-0.101431
0.103572
-0.059053
-0.025755
0.058644
0.041286
-0.043844
-0.068789
-0.042270
0.076671
-0.072845
0.090791
-0.089371
-0.111269
0.112374
0.035891
-0.005986
0.046619
-0.114038
-0.063506
0.096872
0.047713
-0.030846
-0.048976
0.028938
-0.052913
0.029633
-0.006983
0.101123
0.015182
0.073990
-0.047422
0.105308
0.101421
0.093407
0.009926
0.095686
-0.070732
-0.078620
0.006506
0.005545
-0.039991
0.048762
0.044507
-0.046119
0.089085
0.029858
0.062650
-0.093805
0.070447
0.069821
-0.061056
-0.036801
-0.085482
-0.048488
0.089651
0.088545
0.012164
-0.065034
0.047251
-0.110791
0.049059
0.089468
-0.039659
0.002511
-0.079455
-0.092028
-0.047343
-0.068489
0.008818
0.072898
0.000164
-0.098950
-0.066162
-0.104487
0.116864
-0.106459
0.006075
0.008670
0.009218
0.055976
0.056878
0.002075
-0.041694
0.033437
0.025613
-0.020661
-0.034543
0.105965
0.098095
-0.101675
0.036725
-0.039258
-0.082815
0.074691
-0.047356
0.075320
-0.106719
0.107188
0.023803
0.041246
0.036732
0.039676
-0.065901
0.073631
-0.016837
0.060021
0.105160
0.005325
0.032011
-0.039562
0.044327
-0.075797
0.000465
0.082228
-0.067588
-0.023996
-0.098910
0.009907
-0.037404
0.007036
-0.105635
-0.118076
-0.037324
-0.111324
0.071134
0.097046
0.074915
0.094420
-0.017042
0.029413
-0.015552
0.041228
-0.038416
-0.114309
-0.007120
0.036663
-0.071238
0.076325
-0.003880
-0.022206
0.026133
-0.000455
-0.026030
-0.081105
-0.094986
-0.052578
-0.051358
-0.068176
0.103976
-0.022056
-0.020879
-0.117145
-0.071515
-0.031166
0.104560
0.077868
0.109835
0.088796
0.009177
-0.015138
0.086105
0.064315
0.010335
0.083663
-0.010598
-0.051531
0.011723
-0.075710
-0.021168
0.113209
-0.087978
0.080632
-0.055651
-0.078243
-0.022109
0.089413
-0.032105
0.028952
0.006062
0.043565
0.015000
0.075946
-0.029436
0.111906
0.047616
0.081662
-0.035607
-0.071599
-0.067377
-0.044328
0.017023
0.085418
-0.053166
-0.002486
0.081658
-0.113971
-0.066722
0.003998
-0.105267
0.017708
0.119124
0.033782
0.048039
-0.085174
-0.045737
-0.096345
0.079542
-0.066236
0.110425
0.022324
-0.033079
0.025167
0.119000
0.028664
-0.025086
-0.073313
-0.064167
-0.109350
-0.008733
-0.111385
0.059775
-0.060671
-0.018740
-0.026642
0.009825
-0.082588
-0.058807
0.114171
-0.001971
-0.096238
-0.075501
0.057922
-0.037801
-0.045027
0.097881
-0.099115
0.041190
0.100794
-0.064535
-0.102509
0.006785
-0.049751
0.099324
0.050256
0.067309
-0.110104
-0.049001
0.079075
-0.016571
-0.024755
0.065316
0.058069
-0.029203
0.096024
-0.101816
-0.102925
0.068225
-0.045614
0.099696
0.035202
-0.050320
0.044325
-0.091701
0.004108
-0.004727
-0.050444
-0.100567
-0.112580
-0.075707
-0.027050
-0.099827
0.117606
-0.110615
0.033385
-0.052501
-0.043810
0.060480
-0.015231
-0.081861
-0.007098
0.104107
0.038115
0.009366
-0.030966
0.020789
-0.041497
-0.061875
-0.034208
0.035382
-0.056409
0.029607
0.112238
-0.070555
-0.007934
0.059476
0.048985
0.023139
-0.094138
-0.016956
0.021394
0.072288
-0.053056
0.104179
-0.047673
0.017955
0.014792
-0.051486
0.112541
-0.073223
-0.011626
0.004769
-0.056124
0.088183
-0.076230
-0.040338
0.091914
0.092571
0.006023
-0.086302
-0.004552
0.107624
-0.037244
-0.079288
-0.063232
-0.060808
0.108797
0.107306
0.109253
0.015722
0.087091
0.079952
0.104342
-0.105511
-0.038723
-0.024935
-0.081593
0.028526
-0.062391
-0.011745
-0.008747
0.090386
-0.102395
0.039109
0.092178
0.083297
-0.119690
-0.101452
0.089722
0.016212
-0.050746
0.041327
-0.115880
0.098295
0.007274
-0.005753
0.089518
-0.090086
-0.037426
-0.114525
-0.063439
-0.003457
0.107523
-0.076260
0.040140
0.010860
0.081587
0.054745
0.072708
0.057991
-0.046534
0.013159
0.044928
0.062751
-0.106829
0.029930
0.033153
0.062879
0.009122
0.029880
-0.071672
-0.116889
-0.001548
0.016990
-0.019505
-0.056035
0.018034
0.027810
0.011518
-0.106355
-0.016311
0.062375
0.107083
-0.058725
0.006243
0.107463
-0.114180
0.112611
-0.030916
0.109521
-0.047581
-0.000809
-0.000559
-0.085884
0.034133
0.027388
0.022538
0.101697
0.055890
0.105254
-0.079798
-0.053663
-0.068091
-0.032223
0.056243
0.005150
0.067623
-0.112588
0.103292
0.055062
0.056649
-0.028275
-0.099915
-0.008550
-0.100339
0.018499
0.030573
0.003250
-0.067756
-0.083084
-0.109589
0.036939
-0.054477
-0.053129
0.026493
-0.101866
-0.039189
-0.112696
0.106160
-0.114524
0.040174
-0.035539
-0.028660
0.107358
0.117073
0.103563
0.065481
-0.077735
0.004000
-0.035845
-0.011367
0.084292
0.000586
0.116503
-0.020218
-0.092289
-0.053269
0.002941
0.077639
0.014361
-0.117485
-0.067798
0.102947
0.005097
-0.078217
0.065825
0.020965
0.018124
0.074030
-0.040441
-0.022349
0.041009
-0.078420
-0.048171
-0.017899
-0.040250
-0.087934
0.083427
-0.005322
-0.009142
-0.026363
-0.031443
0.023586
-0.004536
-0.013520
-0.018754
-0.028632
0.039940
-0.069746
0.001312
-0.080670
-0.118919
-0.032116
-0.097749
0.049755
-0.117275
-0.015978
-0.077673
-0.021788
0.005629
-0.097698
0.085540
0.031668
0.042221
0.024581
0.085509
0.104712
-0.100247
-0.082400
0.000468
0.115693
-0.078428
0.080103
0.021145
0.068917
-0.006195
-0.078363
0.076564
-0.081763
-0.050786
0.023737
0.014261
-0.103751
0.077141
0.001966
0.014382
0.074965
-0.101112
0.049329
0.031279
0.001077
-0.100501
0.095249
0.091256
-0.064579
0.077948
0.034675
0.061627
-0.021456
0.008747
-0.114617
-0.080571
0.088700
-0.012827
0.008292
-0.017820
-0.053873
-0.038002
0.013530
-0.104547
0.068382
0.006550
0.037878
-0.096661
0.109941
0.114242
-0.024284
0.007806
0.020606
0.030305
-0.028001
0.075919
0.021647
-0.067535
-0.107316
0.070114
-0.082584
0.022205
-0.034923
0.108026
0.057606
0.020865
-0.105399
0.115066
-0.019903
-0.021552
0.040340
-0.008329
-0.040416
0.070467
-0.067343
0.098490
0.096043
0.101503
-0.114771
0.117584
-0.030949
0.037217
0.009608
-0.013508
0.005349
-0.077370
0.057235
-0.094650
-0.047806
0.108164
-0.066530
-0.036103
0.027122
-0.094168
0.114077
-0.062012
0.048238
0.114940
0.074772
-0.091605
0.106568
0.030419
-0.110632
0.084427
0.119269
-0.026845
0.103348
-0.007342
0.016199
0.098570
-0.062474
0.057594
-0.012442
-0.070729
0.071736
0.065775
-0.021243
-0.008779
-0.011452
0.093911
-0.050143
0.014484
0.114056
-0.055004
-0.024098
0.051003
-0.012759
-0.024043
-0.001359
-0.102232
-0.005918
0.052427
-0.092308
-0.010735
-0.045399
-0.043024
-0.026795
0.045172
-0.009678
-0.088159
-0.100724
-0.083455
-0.069457
-0.014443
-0.113305
0.054469
-0.093522
0.050116
-0.067803
0.096319
-0.112049
-0.054431
0.066244
0.026785
0.020007
0.072416
-0.021803
0.095625
0.060964
-0.065040
-0.013339
-0.023388
0.012601
0.061354
-0.098161
0.063020
0.035078
-0.085089
0.024010
-0.112723
-0.070364
0.006113
-0.060854
-0.092522
-0.058389
-0.048517
0.008021
0.098060
-0.080393
0.009639
-0.033252
0.018239
-0.048498
0.052445
-0.012990
0.023418
0.004780
-0.001026
-0.079187
0.070854
-0.035829
0.078975
0.012863
0.098585
0.045225
-0.047527
0.020651
0.064839
0.085680
-0.064692
-0.114768
-0.020411
0.110835
0.023710
0.006675
-0.080204
0.078698
-0.072195
-0.077511
-0.110847
-0.045073
0.099813
-0.062571
-0.110016
-0.095300
-0.084482
-0.110765
-0.028352
0.078609
-0.089552
-0.064790
0.105305
0.018646
0.025535
0.044009
-0.086262
-0.093177
0.104269
-0.067839
-0.090290
-0.076242
0.090016
-0.113806
0.074878
0.066308
0.077950
-0.044915
-0.044141
0.078593
-0.066541
0.054090
-0.018136
0.001102
0.065965
-0.021728
-0.077103
0.013661
0.066762
0.086786
-0.094561
-0.097040
0.051343
0.074947
-0.072351
-0.076349
-0.114027
-0.051465
0.025074
0.054247
-0.051306
-0.008339
0.031740
0.030617
-0.090090
0.035336
0.111781
0.054393
-0.016186
-0.091313
-0.010190
0.078984
0.099919
-0.051656
0.038574
0.075463
0.074732
0.107350
0.099131
0.049763
-0.021448
0.057608
0.025280
-0.107626
-0.080552
-0.096889
-0.018230
-0.104123
0.079172
-0.002370
-0.032242
-0.091861
0.027497
-0.119699
0.044174
-0.000344
-0.069105
0.087411
0.059285
-0.076547
-0.038460
-0.116037
-0.090804
0.074259
0.087859
0.000374
0.057401
0.099850
-0.119867
0.052550
0.061861
-0.056396
0.074737
-0.012413
-0.110024
-0.029203
0.070114
-0.074978
0.051320
0.105176
-0.021677
-0.050132
-0.027004
-0.021514
0.084175
0.034020
-0.054879
0.033517
-0.096608
0.025331
0.005985
0.023232
-0.098780
0.065054
-0.002045
0.006308
-0.082149
0.055080
0.110952
0.038428
-0.034080
-0.038144
-0.105412
-0.100230
0.079539
0.097213
0.010858
0.057990
0.093421
-0.115013
0.061645
-0.059211
0.089483
-0.000653
0.079062
0.054827
-0.048931
0.078848
0.083655
0.090476
-0.031838
0.086632
0.115609
0.074258
-0.065487
0.062068
-0.052247
-0.100723
0.013404
0.062605
-0.027466
-0.017500
-0.060367
0.089505
-0.038723
0.080104
0.078108
0.106160
-0.000939
-0.024045
0.100727
-0.016441
-0.038708
-0.054973
0.021380
0.101976
0.111088
0.092381
0.100784
-0.053623
-0.071010
-0.003251
0.072061
-0.108585
-0.030409
-0.114417
0.066383
0.027074
0.107659
-0.050447
-0.059137
-0.107058
0.071954
0.104971
-0.023250
-0.115296
0.027421
0.027516
0.023960
0.023641
0.091719
-0.089469
0.099132
0.009947
0.108613
0.031897
-0.076983
0.097077
0.014736
-0.019480
-0.109366
-0.022295
0.063690
0.091429
-0.065419
-0.029010
0.071799
0.038903
0.007816
-0.059231
-0.019321
0.031282
0.042890
-0.087777
-0.107180
0.119490
-0.044309
-0.050109
-0.024263
0.019482
0.012701
-0.057747
-0.047810
-0.007950
-0.021840
-0.026987
-0.038459
0.106663
-0.016984
-0.102707
-0.079056
-0.025757
-0.002466
-0.010999
-0.078082
0.014458
0.042112
0.040946
-0.068449
0.116770
-0.098795
0.047801
-0.064025
0.067427
-0.053617
-0.062567
0.095041
-0.019593
0.015142
0.076166
-0.112272
0.022578
0.083584
0.066222
0.102194
-0.007571
0.018287
-0.054264
0.073306
0.031274
-0.038700
0.098946
0.093023
0.075432
-0.045709
-0.026930
-0.035934
0.034214
-0.103729
0.010245
-0.092956
-0.015620
-0.068379
-0.030866
-0.058211
-0.110744
0.022425
0.113274
0.007347
-0.099246
-0.081546
-0.074362
0.098132
-0.012301
0.102049
0.077172
0.103220
0.085183
-0.021606
-0.010155
0.053954
-0.041436
0.018013
0.028809
0.016178
0.101373
-0.049550
0.007716
-0.103526
-0.071890
-0.046331
-0.032073
-0.039976
0.017980
-0.063044
0.073224
-0.095672
-0.039561
-0.081634
0.113885
0.047167
0.023680
0.050751
-0.040846
0.065355
0.079624
0.076959
0.115706
-0.070485
0.025538
0.054498
0.015790
0.099413
-0.021519
-0.022363
0.011172
0.077582
-0.038969
-0.074679
-0.074904
-0.029494
0.071238
-0.043769
-0.071426
0.066062
-0.083479
-0.094109
-0.108399
0.071106
-0.087980
0.026458
-0.039903
0.034677
0.088507
-0.069437
0.108513
-0.042624
0.038401
-0.031395
-0.053259
0.034020
0.075467
0.115307
0.083855
0.082321
-0.057115
0.102508
0.025970
-0.013729
0.007773
0.044518
0.111243
-0.047779
0.040595
0.114734
0.032552
0.061034
0.050715
-0.020216
0.029279
0.082120
-0.010789
0.074391
0.019760
0.112218
-0.101551
0.004401
-0.020755
-0.109597
0.019058
-0.012127
-0.001964
-0.001453
-0.049234
0.051661
0.077015
-0.030731
-0.040675
0.062204
0.103989
0.069525
-0.007710
-0.029408
0.048738
0.098744
0.015437
0.086134
-0.048204
-0.046094
-0.024818
-0.045730
0.025200
0.066934
0.035958
0.044722
-0.051880
0.070425
-0.042900
0.066944
-0.049321
-0.082959
0.001161
0.052758
-0.072682
0.003692
0.117698
0.085563
0.033924
-0.084065
-0.023092
0.109593
-0.066587
0.053998
0.079617
-0.012364
-0.064187
0.025641
-0.092108
-0.116049
-0.072008
-0.084588
0.074411
0.062615
0.091570
0.018576
-0.060211
-0.070449
0.046993
-0.000506
0.007595
0.003888
-0.002740
-0.082878
0.007716
0.090488
-0.016233
-0.087035
-0.088426
0.075880
-0.062369
-0.004184
0.002859
-0.112241
-0.076460
0.075261
0.015901
-0.023087
0.058885
-0.004356
-0.036535
-0.093306
0.054690
-0.028109
-0.086585
-0.077946
-0.078628
0.111220
-0.097520
-0.094093
-0.061061
-0.069399
-0.020540
0.072121
0.087563
-0.104178
0.069780
-0.100979
0.009894
-0.028644
-0.051773
-0.050129
-0.011495
0.093356
-0.101278
-0.012377
0.066807
0.096809
0.095958
-0.004678
-0.046591
0.002416
0.104377
0.073238
-0.008873
0.053447
-0.095788
0.087544
-0.051229
-0.106562
-0.033598
-0.042046
0.000998
-0.091782
0.088855
-0.067389
-0.095290
0.059832
-0.052744
0.024078
-0.028990
0.084449
-0.022683
-0.010762
0.085648
0.015370
-0.048190
-0.106398
0.080506
0.099261
0.054310
-0.061636
-0.106913
-0.088463
-0.090788
-0.081077
0.056549
-0.105173
0.022096
-0.069177
0.102212
-0.002862
-0.012764
-0.034938
-0.043889
0.023046
0.112619
-0.006009
0.046186
0.118001
-0.017188
-0.027909
-0.096242
-0.043924
-0.005645
-0.025832
0.095227
-0.040588
-0.069998
0.001975
-0.042179
-0.029034
-0.012360
-0.030865
-0.057560
-0.098946
-0.054688
-0.028940
0.048722
0.079569
-0.108716
-0.029953
-0.071256
0.102677
0.038059
0.052462
0.080020
0.065366
-0.021658
0.056460
0.103573
0.050635
0.023748
-0.084221
0.009105
-0.111641
-0.037343
-0.018120
0.066827
-0.065973
0.064925
-0.061190
0.059302
0.001474
0.093134
-0.004032
0.092939
0.089566
0.104070
-0.098560
-0.054940
0.010545
-0.031236
-0.045084
0.031408
0.024530
-0.094158
-0.049393
-0.049201
0.019904
-0.020493
-0.012262
0.048569
0.112966
0.023907
-0.046109
-0.090334
-0.080271
-0.024382
0.091772
0.057915
-0.016385
-0.096843
0.027360
-0.054379
-0.018598
0.101675
0.108085
-0.042097
0.039592
-0.054146
0.032212
0.054997
0.028679
-0.104260
0.094296
-0.020706
0.037651
-0.036874
-0.023135
-0.072981
0.100532
0.031146
-0.076091
0.005816
-0.017390
0.084538
-0.027735
-0.007081
-0.049322
0.103850
0.095319
-0.061705
-0.027587
0.077160
0.083030
-0.087082
0.085325
-0.011050
-0.004043
0.027665
0.098114
0.022789
0.115536
-0.049985
0.095981
0.093737
-0.054942
-0.056290
-0.099938
0.106427
-0.108869
0.080898
-0.018142
-0.073551
0.035807
0.064385
0.032925
0.098225
0.109930
0.019652
0.036893
-0.101591
0.107377
0.031881
0.081291
0.071676
-0.035251
-0.097838
0.033496
0.069466
-0.035303
-0.117913
-0.099881
-0.042432
0.061990
0.095619
0.093370
-0.081826
-0.042008
0.106452
0.038120
-0.075179
0.005774
0.059395
-0.115751
0.002545
0.110553
-0.041646
0.059079
0.036499
0.113337
-0.018184
-0.021871
-0.106741
-0.014888
-0.051843
0.112081
0.076581
0.052389
0.077752
0.100763
-0.035767
-0.031632
0.092485
0.069218
-0.005644
0.078034
0.002953
0.102318
-0.008523
-0.111803
0.076411
0.029680
-0.022211
0.017875
-0.011643
0.091557
-0.028593
-0.099395
0.026307
-0.047376
-0.082818
0.030189
0.045147
0.053589
0.104031
0.033862
0.034055
0.033348
-0.042865
0.017310
0.105305
-0.042683
0.028589
0.074662
-0.089988
-0.114833
-0.047288
-0.082117
0.003298
-0.020260
0.039477
-0.046303
0.084082
0.092779
-0.063312
0.008110
0.065513
-0.078883
-0.053669
-0.008100
-0.043022
-0.008274
0.003969
-0.025557
0.063867
-0.059702
-0.080576
0.009527
0.056688
-0.068959
0.016523
-0.029422
-0.119317
-0.034395
-0.023347
0.023370
0.094097
0.046888
0.030934
-0.104164
0.058806
0.039999
-0.001884
0.040379
0.102890
0.029194
0.061486
-0.073027
-0.022151
-0.050262
-0.116334
-0.027684
0.021924
0.023241
-0.008723
0.106365
0.007775
-0.068127
-0.100794
-0.051682
-0.065772
-0.025750
-0.033929
-0.001919
-0.039445
0.086786
-0.075227
-0.103645
-0.100033
-0.118451
-0.103679
-0.034155
-0.066150
-0.048806
0.095499
0.105054
0.038093
-0.098274
-0.007067
-0.081701
0.076242
0.097482
0.098970
-0.102398
-0.089151
0.060888
-0.091360
0.102046
0.101508
-0.069018
-0.028418
-0.049455
0.089044
0.110129
0.080526
-0.093955
-0.118225
-0.084509
-0.057342
-0.017992
0.017093
-0.078795
0.009049
-0.037729
-0.040515
-0.079417
-0.018477
0.077797
0.093272
0.089286
-0.024220
-0.109371
-0.109174
0.015304
0.007823
0.008154
0.097038
-0.036529
0.093456
-0.085691
0.058165
0.005346
-0.060536
0.031834
-0.060730
-0.088080
-0.118914
-0.087595
0.098503
-0.070424
0.022483
0.007473
-0.088002
0.066454
0.039108
0.096124
0.097962
-0.038834
-0.080175
0.019243
0.066708
-0.095428
0.057649
-0.114524
-0.062346
-0.046378
-0.088983
0.064239
0.061933
0.017886
0.006019
-0.114852
-0.082889
-0.106319
0.119302
0.006410
-0.019844
0.037308
0.057551
0.009088
0.086840
-0.047919
-0.029649
0.113552
0.114845
-0.005964
0.005035
0.004830
0.101707
0.030378
-0.057113
0.092005
0.014890
-0.032594
0.101012
-0.001929
-0.032437
-0.035372
0.099077
-0.034716
0.060939
-0.067003
0.037488
-0.032377
0.013754
0.033442
-0.059407
-0.109290
-0.034552
0.018821
-0.037049
-0.059062
-0.095093
0.116230
0.087662
0.005656
0.068685
-0.054064
0.108477
-0.012913
-0.088366
-0.082890
-0.028534
0.101675
-0.019671
-0.105986
-0.027845
0.037234
0.010786
0.119692
-0.111106
0.077623
-0.051600
0.017367
0.006898
0.100711
-0.091654
0.015035
-0.041427
-0.073752
-0.109184
-0.066761
0.075660
-0.015525
0.019061
-0.074094
-0.086337
-0.017247
0.091626
-0.033781
-0.114489
-0.007654
0.009348
0.060297
-0.086043
0.113660
-0.051436
-0.095394
-0.043019
0.083351
-0.040399
-0.026795
-0.090240
0.079780
0.003751
0.017912
-0.041553
0.003694
0.066545
0.082479
-0.033038
0.021174
-0.007643
0.004398
0.051271
-0.104609
0.031412
-0.114883
0.026763
0.001540
0.088887
0.021461
0.081199
0.095418
0.037526
-0.098305
-0.087661
0.013915
0.011502
-0.053559
-0.060985
-0.032783
-0.106152
0.011291
0.119267
-0.068438
-0.058785
0.015851
0.023564
0.025269
-0.058997
-0.070633
0.105876
0.022782
0.029608
0.035641
0.053922
-0.105920
0.033192
-0.091790
-0.070366
-0.000557
0.108883
-0.047581
0.034077
-0.077900
-0.006884
0.065496
0.025521
-0.113339
0.034571
-0.010481
0.036456
0.023173
0.015586
0.034089
-0.015838
-0.056944
-0.078911
0.073032
-0.086602
0.092682
0.068791
-0.042051
0.041878
-0.057795
0.002586
0.096938
0.107354
-0.097047
-0.033888
-0.048483
0.013087
0.099053
-0.070634
0.041162
-0.018064
0.097332
0.056761
0.114411
0.042946
0.082135
0.017882
0.064251
0.092053
0.104773
-0.016539
-0.010529
0.116749
0.093352
0.073413
0.045386
0.092404
0.119844
-0.056104
0.001813
-0.087775
0.088463
0.031510
-0.058289
-0.100990
-0.060800
-0.096800
0.029500
-0.008745
-0.104379
-0.071999
-0.091016
-0.077989
0.103653
-0.086839
0.080757
0.070819
0.085508
0.099354
-0.054948
-0.017730
-0.088558
0.091918
0.079172
-0.059720
-0.096394
0.030898
0.025779
0.105399
0.047109
-0.028729
-0.019662
0.015944
0.051022
-0.082070
0.018864
0.088620
0.092378
-0.001175
0.096534
-0.052102
0.041490
-0.066716
-0.048959
0.048019
-0.102094
0.012476
-0.094945
0.075662
-0.097087
-0.043381
0.117056
0.022653
-0.062768
0.035025
-0.007287
0.091518
-0.062905
-0.077797
-0.020849
0.066847
-0.026614
-0.087403
0.051279
-0.099890
-0.007096
0.110695
0.005504
-0.077522
-0.109022
0.097001
-0.070729
-0.080324
0.103477
0.030594
0.034028
0.092239
0.073106
-0.019046
0.074691
0.063282
0.107832
-0.105954
-0.033693
0.025391
-0.056462
-0.112193
-0.099052
0.097925
0.019100
-0.018380
-0.114498
0.099015
-0.054424
0.089581
0.062989
0.028149
0.056441
0.032300
0.011821
-0.062055
-0.107530
-0.091236
0.083739
-0.026005
0.118787
-0.070368
-0.022792
0.012766
0.071818
0.002360
0.073221
-0.046526
0.112064
-0.016100
0.092156
0.104630
0.006416
-0.097745
-0.045825
-0.039624
-0.087166
-0.074522
0.062666
0.013945
0.021164
-0.020978
0.073909
0.020864
-0.011418
0.046994
-0.017202
-0.018592
0.019918
0.054389
0.076715
0.080629
0.014030
-0.068422
-0.016480
0.024693
0.053907
0.101236
0.006016
-0.001747
0.012230
-0.093898
0.113743
-0.071353
0.047152
0.092867
-0.025148
-0.034118
0.056207
-0.016500
-0.107569
-0.117891
0.094779
-0.025961
-0.114285
0.078377
0.096220
-0.041680
-0.056021
0.101096
-0.040266
0.034930
0.064422
0.087240
-0.002433
0.025756
0.074258
-0.029279
-0.031529
0.047987
0.090375
0.075021
0.035856
-0.104610
0.034671
-0.026207
-0.012554
0.009684
-0.054897
-0.041802
-0.084744
0.011172
0.062278
-0.119017
0.043814
0.108209
0.111552
0.098074
0.070595
-0.028688
-0.102237
0.114891
-0.090719
-0.026333
0.065782
-0.015051
0.057313
0.012519
-0.101400
-0.053402
-0.112558
-0.047353
-0.109920
-0.023000
0.097384
0.001341
0.049414
0.104872
0.092377
-0.096109
-0.080552
-0.014464
0.111541
0.053541
-0.079825
-0.036361
-0.037041
0.072058
-0.058510
0.060750
-0.023982
-0.095953
-0.007633
-0.097718
-0.115885
0.046488
-0.011738
0.016935
-0.051891
-0.039018
0.022366
-0.058139
0.110685
-0.018560
0.112850
-0.025669
0.049764
-0.113876
0.023022
-0.027950
0.062656
-0.109887
-0.027734
-0.009459
-0.074070
-0.045029
0.084765
-0.111107
-0.040203
-0.056911
0.037435
-0.060356
0.058367
-0.060671
-0.111949
-0.069698
0.088655
0.080013
-0.058719
-0.074771
0.102214
0.117366
0.070250
0.088019
0.047569
-0.112136
0.024398
0.013728
-0.005638
-0.030499
-0.069742
-0.042157
0.082482
0.028060
0.099568
-0.067044
0.109865
-0.089885
-0.013927
0.060510
0.090324
0.105186
-0.026046
-0.043024
0.068390
-0.032416
0.111990
0.054170
-0.019436
0.093394
0.024499
-0.095274
0.040012
-0.031346
0.076631
0.000932
-0.015148
-0.099729
0.106516
0.030205
0.009982
0.096546
0.091113
0.066983
-0.042720
0.105229
0.063483
-0.052951
-0.001923
0.023541
-0.018068
-0.115880
0.105572
0.103148
-0.062941
-0.109592
-0.081097
-0.091607
0.046417
0.055847
0.096882
0.096693
0.045722
-0.038172
-0.027022
-0.091621
-0.039539
-0.016780
0.077170
-0.080414
0.114174
-0.029130
-0.097029
-0.058508
-0.092856
-0.071641
0.026797
-0.008874
0.088182
0.080251
0.048148
0.038972
-0.110946
-0.092446
0.040720
-0.051923
-0.022343
0.058529
0.015647
0.061251
-0.038606
-0.005878
-0.118308
0.033284
-0.026915
0.053052
0.055810
0.073360
-0.030409
-0.057855
0.021158
-0.110568
-0.108623
0.083353
0.064401
-0.098465
0.048581
0.001561
-0.080185
0.086165
0.075816
-0.026274
-0.115969
-0.011847
-0.012247
-0.000680
0.082181
-0.018631
0.037739
0.118208
0.046844
-0.031365
0.078861
-0.114180
-0.013966
0.008316
-0.029464
0.021986
-0.050149
-0.080611
0.111115
0.025498
0.016514
0.068326
-0.047564
-0.011211
-0.001026
-0.013477
0.086296
0.052376
0.058848
0.045802
-0.038672
0.028580
-0.059807
-0.036890
-0.038043
0.032571
0.111367
-0.093260
0.007999
-0.018560
-0.015621
-0.062700
-0.086893
0.037449
-0.043671
-0.032461
-0.044426
-0.102771
0.114455
0.000352
0.062535
-0.046339
0.045585
-0.035608
0.033563
-0.086909
-0.057237
0.030504
-0.011438
0.092613
0.060224
0.091473
0.070420
-0.074737
0.042168
0.045922
0.074276
0.015077
0.006643
-0.032735
0.044910
-0.045763
0.022083
-0.032784
-0.107379
0.107068
0.015661
-0.019661
0.074194
-0.116157
-0.101964
-0.108165
0.029453
-0.058211
-0.012223
0.008263
0.046899
0.078425
-0.060161
-0.047073
-0.086268
0.082463
-0.076247
-0.083521
-0.021600
-0.046914
0.107665
-0.034441
0.049949
-0.098192
0.069050
0.035784
0.004082
-0.076116
-0.044093
-0.044987
0.066552
0.088789
0.074410
0.086532
-0.035703
-0.082127
0.017927
0.099266
0.072661
0.097678
0.023247
-0.042013
0.035282
-0.078835
0.086285
-0.105482
-0.003477
-0.046612
0.016378
0.028085
-0.040389
-0.044309
0.103776
-0.007736
-0.109948
0.039952
0.081005
0.058670
0.072709
0.005850
0.075076
0.064759
-0.107416
-0.031299
-0.108897
0.081753
-0.007053
0.114443
-0.042644
0.071465
-0.053944
0.045049
-0.091518
-0.065067
0.009179
-0.074703
0.046852
-0.031485
0.115063
-0.090541
0.021845
-0.084900
-0.104874
-0.111577
-0.108034
-0.016012
-0.052714
-0.022164
-0.109211
0.080084
0.098538
-0.102088
-0.041244
0.051204
-0.063196
-0.106831
0.024269
0.056262
-0.086984
0.010965
-0.118151
-0.032926
-0.118006
0.090239
0.068312
-0.019605
0.068933
0.083102
-0.086826
0.115229
-0.064631
0.115403
0.059652
0.008301
-0.050229
0.004642
0.036991
0.107398
-0.070557
-0.028105
0.048869
0.065539
0.028843
0.048999
-0.092376
0.094967
-0.073525
-0.022667
0.041016
-0.076345
-0.103039
0.009176
-0.113159
0.082882
0.110220
0.021492
0.029214
0.043883
0.095701
-0.061312
-0.048084
0.005381
0.037106
0.064638
-0.069458
0.080578
0.108506
0.115903
-0.032611
-0.024520
-0.093750
-0.009467
-0.106564
-0.005384
-0.039905
0.084729
0.052756
-0.040809
0.088654
-0.076608
-0.075285
0.034846
0.096711
-0.017559
0.080492
-0.094754
0.037054
0.074125
0.024573
0.088368
0.008333
0.088023
-0.118428
0.008717
0.044673
0.084326
-0.066747
-0.100263
0.066839
0.095808
0.021065
0.055766
-0.077709
-0.087631
-0.015235
0.038734
-0.033249
0.070101
0.083888
-0.068887
0.009137
-0.082925
-0.071959
-0.079144
0.097969
0.017059
0.073114
0.081110
-0.063108
-0.049517
0.027220
-0.017705
0.006584
-0.119661
-0.102144
-0.050112
0.057470
0.081824
0.016875
-0.023068
-0.005959
-0.048209
-0.036103
-0.063886
0.041305
-0.016878
-0.030583
-0.082976
-0.031916
-0.052325
-0.093176
0.042025
0.066930
-0.017985
0.029422
0.091295
0.052763
-0.115943
-0.091179
0.087610
-0.117431
0.103976
0.107056
-0.044459
0.095537
0.079631
-0.022431
0.105557
-0.013256
0.047351
0.029375
0.087776
0.014244
0.098875
-0.075540
-0.019997
-0.037242
-0.009524
0.079659
0.103153
-0.054572
0.055249
-0.077056
-0.022928
0.075578
0.051599
0.050151
-0.094607
0.112246
-0.055008
0.092104
0.093384
-0.051021
0.110918
-0.092328
-0.082519
0.020077
-0.068641
0.038124
-0.049775
0.040694
0.089172
0.010890
-0.106871
0.010890
0.085254
0.007211
-0.084120
-0.103711
-0.054589
-0.015496
0.096480
0.051586
-0.089426
0.100154
-0.107607
-0.041888
-0.026439
-0.105491
-0.057937
-0.113879
-0.050544
0.069365
0.018330
-0.089960
-0.004309
0.102571
0.033719
-0.062346
0.088665
-0.090905
0.067859
-0.022971
-0.119068
0.113042
0.090511
-0.033884
0.067050
0.086454
-0.028349
0.046812
0.082341
-0.006964
-0.070742
-0.068218
0.110716
-0.027582
-0.046562
0.062724
-0.001392
-0.087582
-0.072744
0.045967
0.048331
-0.065960
0.056467
0.068829
0.011407
0.102611
0.100624
0.076266
-0.072558
-0.108485
0.086234
0.101304
-0.023054
0.032945
0.066446
0.112226
0.027277
0.048925
0.101846
0.010270
-0.069254
0.089571
-0.039813
0.048686
-0.111974
-0.036317
0.079121
0.015015
0.035900
-0.072604
0.026977
-0.056404
0.008075
0.083986
-0.004794
-0.106482
0.088339
0.040613
-0.014291
-0.101363
0.083405
0.045730
-0.059462
0.077921
0.090002
-0.069539
-0.031870
-0.101139
-0.021590
-0.081882
0.028106
0.093703
0.113005
-0.107984
-0.055521
-0.027960
-0.018050
0.023037
-0.055827
0.004875
0.043989
0.019282
0.054462
0.042349
0.114492
-0.030662
-0.111478
-0.040019
-0.100129
-0.027851
-0.035093
-0.066089
0.025054
-0.010664
0.113616
0.088817
-0.104104
0.019053
-0.020587
0.085758
0.098891
-0.019379
-0.062935
0.096051
0.108712
-0.006423
-0.044566
0.018108
-0.034131
0.059878
0.070089
0.058423
-0.031563
-0.018134
-0.089553
-0.105989
-0.079029
-0.091029
0.068500
0.071237
-0.093256
0.089146
0.004684
-0.115612
-0.022438
-0.043656
-0.009004
-0.086828
0.110275
0.043413
0.072200
0.029854
-0.050295
0.000096
0.020210
0.058923
-0.033240
-0.027338
-0.095386
-0.009206
-0.013828
-0.104251
-0.098325
0.024677
0.112956
0.069397
0.085673
-0.109110
0.042688
0.002703
-0.008460
-0.100492
0.000419
0.090630
-0.031882
0.114076
0.045682
0.040788
0.023260
-0.043454
0.008423
-0.084592
-0.050788
-0.085982
0.078097
0.119637
-0.017952
0.009561
-0.102575
-0.078988
-0.037782
-0.004855
0.035141
0.069271
-0.030624
0.119234
0.011492
-0.073485
0.034821
0.078249
-0.005065
-0.052102
0.098144
0.111307
0.070920
0.012752
-0.069397
0.073773
0.080618
-0.083016
-0.068221
-0.017495
0.031892
-0.090707
-0.088556
0.025848
0.047294
-0.083686
0.097309
0.026491
0.010778
0.058640
-0.037716
-0.022439
-0.007337
-0.112546
-0.093872
0.060812
0.018087
0.000539
-0.103061
-0.032507
0.104441
0.008375
0.012860
-0.083490
0.042286
-0.014043
-0.038470
0.103295
0.015080
-0.041149
0.072679
-0.097722
0.026168
0.033157
-0.043746
-0.011706
0.026087
-0.003754
-0.099119
-0.057739
0.097882
0.102697
-0.056759
-0.031449
0.056070
-0.114062
0.003586
-0.090692
-0.102186
0.081193
-0.061405
0.049294
0.082755
-0.070850
0.085532
0.011706
0.069228
-0.013382
-0.041800
0.118642
0.119291
-0.036197
-0.018141
-0.083527
0.118911
0.062405
0.047990
-0.037247
-0.069617
0.086874
0.006726
0.051489
-0.031609
0.066179
-0.110915
0.048135
0.032101
-0.098187
-0.070492
0.088049
-0.071442
0.017510
-0.119164
0.049174
0.031169
-0.096192
0.097771
0.045233
-0.027087
-0.084529
-0.011970
-0.105467
-0.084983
-0.005219
-0.094623
-0.013420
0.071534
-0.026525
-0.020208
0.036395
-0.053196
-0.021849
0.050755
-0.049146
0.081268
-0.044144
-0.068376
-0.045324
0.082579
0.067288
0.000539
-0.076561
0.021381
-0.112230
-0.014195
0.080101
0.079369
0.111887
0.043125
0.016633
-0.047062
-0.110389
0.052865
0.115443
-0.036378
-0.091053
0.039498
-0.010638
0.084916
0.007090
0.029436
0.036954
0.068500
-0.099391
0.066155
0.043867
-0.068306
0.020319
0.003932
0.086121
0.094950
-0.070564
0.048498
0.102784
0.047935
0.008617
-0.115924
0.025725
0.081836
0.112824
-0.082740
-0.047935
-0.113250
-0.110391
0.073169
0.032860
0.016910
-0.068897
0.065219
-0.114119
0.094580
0.068435
0.106306
-0.108375
0.058117
0.051217
0.068005
0.057608
-0.080645
0.070821
0.067564
0.009346
-0.095266
0.094632
0.064359
0.005680
-0.032761
0.032559
0.034397
0.069903
0.022455
0.068441
0.077107
-0.104225
0.050394
0.026402
0.080664
0.079525
-0.012907
0.078726
0.068776
-0.066354
0.010040
0.082360
-0.064770
0.027219
-0.032484
-0.048188
0.104830
-0.056472
-0.114421
0.087069
-0.118049
-0.098827
0.069745
0.075891
-0.109625
0.076379
0.041548
-0.003943
0.099872
-0.006777
0.020314
-0.055210
0.018219
-0.102135
0.005574
-0.110772
-0.092166
-0.023247
-0.115216
0.067301
0.009920
-0.107936
-0.086025
0.098447
0.096128
0.066458
-0.073055
0.047217
0.011346
-0.082536
0.020560
-0.045931
-0.071696
0.070619
-0.094422
-0.083219
0.043550
0.042358
0.081166
-0.033063
0.099244
0.067520
0.098413
-0.099830
-0.064375
0.100323
-0.104507
0.004596
-0.014339
0.057077
0.031236
0.088424
-0.108661
0.012780
-0.062371
-0.097595
-0.005484
-0.101679
0.069095
-0.115314
-0.064196
0.079774
0.106275
-0.109034
-0.104363
-0.112245
0.075343
-0.053106
-0.091576
-0.009566
0.020268
-0.056621
0.027706
0.014695
0.059709
-0.000714
0.011195
-0.001330
-0.061061
-0.028480
-0.012812
-0.011993
0.029561
-0.062337
-0.014965
0.071703
0.013669
0.096504
0.099385
-0.108693
0.005948
0.079788
0.014895
-0.050010
0.056813
-0.033692
0.044756
0.005478
0.009306
0.112610
0.102626
0.030419
0.041699
0.100215
-0.006234
0.050866
0.089380
-0.044718
-0.076185
-0.049506
-0.099243
-0.114381
-0.071972
0.015629
0.048753
-0.108613
0.068276
-0.070587
-0.060166
0.071073
0.113338
0.079664
0.102608
-0.010640
-0.070856
0.085248
0.019698
0.099378
-0.043348
0.065299
-0.004741
-0.031363
0.030199
0.007424
0.062092
0.000880
-0.112528
0.003599
-0.031212
0.057779
0.091170
-0.081585
0.063162
-0.059032
0.107634
0.018736
-0.113127
-0.000282
0.033917
-0.103519
0.074451
0.085684
0.025657
0.048495
0.061271
0.018813
0.092484
0.083971
0.100882
0.029637
0.101491
0.056237
-0.071448
-0.006184
-0.087234
0.094148
-0.075479
0.110565
-0.036500
0.045809
0.115287
0.109083
-0.008007
-0.108631
0.043824
0.044813
0.011367
-0.075912
0.042959
-0.058952
0.062522
0.090502
-0.037046
-0.007864
0.006523
-0.077954
0.110571
-0.049131
-0.035973
0.000993
0.034436
0.115583
-0.049235
0.056788
0.017549
0.062847
0.055115
0.029499
0.096861
-0.097961
0.113748
-0.045884
0.119659
0.074027
0.088507
-0.012592
-0.079662
-0.091872
0.090813
0.104081
0.117611
-0.023030
0.051361
-0.022084
0.008324
0.007502
0.015984
-0.055835
-0.056227
0.027805
-0.056225
0.034386
-0.104802
-0.050217
-0.075729
0.011722
0.043301
-0.007601
-0.090619
0.004402
0.026247
-0.061386
-0.018996
0.066525
0.052901
-0.088593
0.117162
0.019168
-0.001239
-0.094479
-0.026495
0.060962
-0.054502
-0.094634
0.094440
-0.093826
-0.072265
0.064508
-0.000207
-0.098880
0.007903
-0.038669
-0.039250
0.108129
-0.016857
0.066258
-0.019551
0.063483
-0.025717
0.059503
0.007396
0.019671
0.066057
-0.079677
-0.054076
0.072672
0.037735
0.017840
-0.055524
-0.086205
0.015872
-0.097102
0.060604
0.036009
-0.064221
0.110602
-0.086351
0.066398
0.063818
-0.007026
0.042187
-0.104093
0.055327
-0.080631
-0.041117
-0.079925
-0.031694
0.100290
0.047726
0.001586
0.058590
0.039566
0.056784
-0.115413
0.083663
-0.090858
-0.092026
0.028027
0.067524
-0.042470
-0.093485
-0.049838
0.057254
-0.005410
0.051131
0.109542
-0.065954
-0.102351
-0.060631
-0.054951
-0.111049
0.040546
-0.055445
-0.027195
0.094290
0.040336
-0.092657
0.104596
-0.046194
0.107996
0.013770
0.018959
0.072866
-0.096539
-0.080610
-0.106329
-0.115351
0.045405
-0.050710
0.018757
0.118443
-0.101015
0.050024
-0.076551
0.073068
-0.105693
0.056723
0.087786
-0.020671
0.054983
0.084993
0.008422
-0.012085
-0.020229
0.022342
0.063320
0.090761
0.015027
0.046824
0.044962
-0.107856
0.087353
0.026961
-0.114282
-0.053820
0.031827
-0.015539
-0.110608
-0.070538
-0.073278
-0.040491
0.027884
0.008971
0.087804
0.064763
-0.106134
-0.016380
-0.044385
-0.023746
0.048804
-0.048318
0.009895
-0.049310
0.016490
0.081133
-0.025714
-0.005437
0.012447
-0.045089
0.003429
0.022189
-0.055689
0.023220
-0.061983
0.006405
-0.067487
-0.021264
-0.093149
-0.050765
-0.080841
-0.058522
0.020511
0.001829
0.119944
0.044617
-0.034125
-0.056819
-0.001320
-0.007785
-0.092880
0.119095
-0.004679
0.081737
-0.019099
0.119656
0.103381
0.107751
0.042609
-0.061411
0.065216
-0.033614
0.050877
0.010411
0.098440
-0.093491
-0.111442
-0.075725
0.065556
-0.087587
0.077908
0.049387
0.011151
-0.111805
0.002055
-0.091232
0.013597
0.006321
-0.061696
0.041908
-0.113228
0.022181
0.111050
-0.013379
0.047375
-0.062903
-0.113353
-0.072619
-0.047534
-0.071704
0.089114
0.083586
-0.014547
0.058575
-0.075860
0.076792
-0.028326
0.092937
0.046878
-0.008569
-0.026216
-0.101954
-0.109868
0.011173
0.014499
-0.078191
0.021328
-0.067423
-0.077325
0.010960
0.099344
-0.016041
0.095679
0.020760
0.085634
-0.104918
-0.041851
0.093308
0.008975
-0.069327
0.047474
0.047108
-0.036723
-0.000498
0.059235
-0.009388
-0.089001
0.034295
0.006998
-0.070641
-0.098503
-0.113943
0.027276
-0.046807
0.002073
-0.073803
0.035187
-0.084828
0.012886
0.118746
-0.114211
-0.069732
-0.085903
0.028755
-0.074177
0.068133
0.014209
-0.033604
-0.077525
-0.112726
0.013480
0.099731
-0.038799
0.010325
0.065816
0.021746
0.022768
-0.011866
-0.004434
0.057830
-0.072467
0.106610
0.083466
-0.015987
-0.083878
-0.013775
0.075947
0.066868
0.018040
-0.007079
0.056160
0.067219
0.004336
-0.081289
0.090523
-0.107364
0.044842
-0.060827
0.054368
0.068160
0.081164
-0.015995
-0.081930
0.115604
0.009584
0.093204
0.024841
-0.045961
0.075646
0.084567
-0.019401
-0.105718
-0.037492
0.072962
-0.003079
0.026832
-0.100982
0.069247
0.000545
0.105947
-0.001066
-0.047714
0.011059
0.017897
0.073918
-0.101027
-0.017291
-0.022176
0.051144
-0.076580
0.069506
-0.060173
0.094975
0.099864
0.048754
-0.012567
0.069639
-0.023306
0.060315
-0.080789
-0.006728
0.063871
-0.017440
0.027345
0.110669
-0.025300
-0.029191
-0.048970
0.068459
0.038731
-0.050931
-0.043236
0.088370
0.103213
0.093168
-0.114942
-0.029103
-0.117187
-0.031461
-0.108444
-0.063574
0.092619
0.001100
-0.085882
-0.011913
-0.000106
0.020496
-0.100839
-0.019139
-0.070521
0.075844
-0.098196
-0.007008
-0.099665
0.097386
0.000601
0.082102
-0.024874
0.069283
-0.048222
0.043415
-0.058282
-0.059745
0.109941
-0.016776
0.054756
-0.059971
0.023528
0.037569
-0.112658
0.115615
-0.039545
-0.040288
-0.035778
-0.076141
-0.038147
0.084021
-0.109082
0.076631
-0.100701
0.084545
-0.113410
-0.100798
0.066068
0.110051
0.112568
