0.533106
0.789174
0.134969
0.234398
0.568487
0.799331
0.365259
0.658913
0.477295
0.997888
0.591655
0.900374
0.615139
0.697348
0.468609
0.571116
0.862989
0.028715
0.795860
0.728496
0.319286
0.781874
0.015218
0.336798
0.800434
0.005981
0.128359
0.160866
0.174442
0.582748
0.046523
0.941431
0.232560
0.445219
0.893549
0.532280
0.076406
0.575498
0.436388
0.305715
0.110300
0.540338
0.964043
0.531156
0.644522
0.503282
0.561441
0.674187
0.903450
0.841989
0.553961
0.571292
0.882277
0.015189
0.405558
0.791789
0.601528
0.691056
0.222483
0.195413
0.475163
0.860325
0.280403
0.545755
